{
  "prediction": [
    [
      [
        0.9352367531114961,
        0.02538784715883541,
        0.002815066515308648,
        0.0029251339166997533,
        0.02948996104686862,
        0.004145238250791354
      ],
      [
        0.9257603301292645,
        0.02910270071921304,
        0.003226978553445161,
        0.0033531514668704745,
        0.03380505267732346,
        0.004751786453883347
      ],
      [
        0.9221416497647642,
        0.030521259985841136,
        0.0033842718704594713,
        0.003516594857627555,
        0.03545281970750185,
        0.004983403813805686
      ],
      [
        0.9144379072622623,
        0.033541204886708406,
        0.003719130738772373,
        0.0038645465055488727,
        0.03896072082779324,
        0.0054764897789148104
      ],
      [
        0.9154871166543098,
        0.03312990420364078,
        0.0036735247142290787,
        0.0038171573129767017,
        0.03848296306257865,
        0.005409334052264897
      ],
      [
        0.9307124691607922,
        0.027161412181623566,
        0.00301172373784262,
        0.0031294803179196975,
        0.03155009490181462,
        0.0044348197000072444
      ],
      [
        0.9344873486197727,
        0.025681621291697775,
        0.002847640908848624,
        0.0029589819493631175,
        0.02983120257398541,
        0.004193204656332374
      ],
      [
        0.9322750975446658,
        0.02654884606608987,
        0.002943800910457413,
        0.003058901748986371,
        0.030838551667262192,
        0.004334802062538317
      ],
      [
        0.9322750975446658,
        0.02654884606608987,
        0.002943800910457413,
        0.003058901748986371,
        0.030838551667262192,
        0.004334802062538317
      ],
      [
        0.9214953197469915,
        0.030774627883433294,
        0.0034123659219205305,
        0.003545787369541343,
        0.035747126246523195,
        0.0050247728315900905
      ],
      [
        0.9307124691607922,
        0.027161412181623566,
        0.00301172373784262,
        0.0031294803179196975,
        0.03155009490181462,
        0.0044348197000072444
      ],
      [
        0.9375361490203035,
        0.02448646072910697,
        0.0027151185858994755,
        0.0028212780835857607,
        0.0284429305312616,
        0.0039980630498427285
      ],
      [
        0.9353286573015948,
        0.02535181978770163,
        0.002811071712382713,
        0.002920982919390938,
        0.029448112450384277,
        0.004139355828545589
      ],
      [
        0.9409000642242187,
        0.02316777197961748,
        0.0025688991558084845,
        0.002669341562045782,
        0.026911170882162907,
        0.003782752196146743
      ],
      [
        0.9395537365929607,
        0.023695546014587274,
        0.0026274200301542932,
        0.0027301505672515007,
        0.027524221513649447,
        0.003868925281396703
      ],
      [
        0.9364865352772906,
        0.02489791992183857,
        0.002760742186381549,
        0.002868685539305307,
        0.02892087241779167,
        0.004065244657392196
      ],
      [
        0.9301561426861713,
        0.02737949778088953,
        0.003035905601870857,
        0.0031546076782336912,
        0.031803418304425304,
        0.004470427948409252
      ],
      [
        0.930026614001302,
        0.027430274334137496,
        0.003041535830141764,
        0.0031604580450312184,
        0.03186239922423345,
        0.004478718565153948
      ],
      [
        0.9301561426861713,
        0.02737949778088953,
        0.003035905601870857,
        0.0031546076782336912,
        0.031803418304425304,
        0.004470427948409252
      ],
      [
        0.9378107615466056,
        0.024378809844066218,
        0.0027031819927757807,
        0.0028088747768766345,
        0.028317885647122693,
        0.003980486192553072
      ],
      [
        0.9367788583111774,
        0.02478332633887478,
        0.0027480357699511846,
        0.002855482309662936,
        0.028787763049491127,
        0.00404653422084258
      ],
      [
        0.9375803485884951,
        0.024469134051776073,
        0.002713197361588071,
        0.0028192817405635565,
        0.028422804246572585,
        0.0039952340110045075
      ],
      [
        0.9368301846643972,
        0.024763205889802676,
        0.0027458047654039504,
        0.002853164074184684,
        0.02876439158141549,
        0.004043249024796024
      ],
      [
        0.9367788583111774,
        0.02478332633887478,
        0.0027480357699511846,
        0.002855482309662936,
        0.028787763049491127,
        0.00404653422084258
      ],
      [
        0.9378107615466056,
        0.024378809844066218,
        0.0027031819927757807,
        0.0028088747768766345,
        0.028317885647122693,
        0.003980486192553072
      ],
      [
        0.9337379909618898,
        0.025975377065221374,
        0.0028802132666602667,
        0.002992827866702399,
        0.030172422775300863,
        0.004241168064225234
      ],
      [
        0.9328176634483893,
        0.026336154749654735,
        0.0029202171776876533,
        0.0030343959065019907,
        0.03059149414413162,
        0.004300074573634584
      ],
      [
        0.9339881277620293,
        0.025877320912143127,
        0.0028693405608564396,
        0.0029815300446651154,
        0.03005852291933466,
        0.004225157800971229
      ],
      [
        0.9337045513154214,
        0.025988485744516693,
        0.002881666789044946,
        0.002994338220934878,
        0.03018764952687914,
        0.00424330840320287
      ],
      [
        0.9347998476767196,
        0.025559118503832485,
        0.002834057500456648,
        0.002944867437902845,
        0.029688906048420307,
        0.004173202832668052
      ],
      [
        0.9365051173552449,
        0.02489063555952412,
        0.0027599344784924756,
        0.002867846250525356,
        0.028912411063839107,
        0.004064055292373982
      ],
      [
        0.9365051173552449,
        0.02489063555952412,
        0.0027599344784924756,
        0.002867846250525356,
        0.028912411063839107,
        0.004064055292373982
      ],
      [
        0.9337045513154214,
        0.025988485744516693,
        0.002881666789044946,
        0.002994338220934878,
        0.03018764952687914,
        0.00424330840320287
      ],
      [
        0.922899652865899,
        0.030224115111207782,
        0.0033513237208372283,
        0.0034823584552447313,
        0.035107662801388814,
        0.004934887045422349
      ],
      [
        0.922899652865899,
        0.030224115111207782,
        0.0033513237208372283,
        0.0034823584552447313,
        0.035107662801388814,
        0.004934887045422349
      ],
      [
        0.9285956171042424,
        0.027991239576813855,
        0.00310373702668397,
        0.0032250912708095317,
        0.032514004027574005,
        0.004570310993876178
      ],
      [
        0.9368301846643972,
        0.024763205889802676,
        0.0027458047654039504,
        0.002853164074184684,
        0.02876439158141549,
        0.004043249024796024
      ],
      [
        0.9340138037716665,
        0.0258672556569307,
        0.0028682245007691357,
        0.0029803703473021245,
        0.030046831341774567,
        0.004223514381556833
      ],
      [
        0.9261227825236439,
        0.028960615718337447,
        0.0032112238214353902,
        0.0033367807343497036,
        0.0336400098867729,
        0.004728587315460606
      ],
      [
        0.936102685253775,
        0.025048393009540725,
        0.002777427009950688,
        0.0028860227294039537,
        0.02909565862424613,
        0.0040898133730834195
      ]
    ],
    [
      [
        0.9235242849841685,
        0.029979253009460072,
        0.0033241728127990024,
        0.003454145963092267,
        0.03482323640645988,
        0.004894906824020216
      ],
      [
        0.6451135328674532,
        0.23239172891634144,
        0.02526138707117117,
        0.02311612494309433,
        0.06851161022941134,
        0.005605615972528567
      ],
      [
        0.7286824984926413,
        0.12712476552835214,
        0.045073757967447003,
        0.01204593707993259,
        0.08169167624170241,
        0.005381364689924528
      ],
      [
        0.18066710494552404,
        0.11960123221620896,
        0.021075008390662595,
        0.01180580788926247,
        0.6610341151248084,
        0.005816731433533449
      ],
      [
        0.185043571370292,
        0.1063491600874978,
        0.021585527816162048,
        0.012091790895743906,
        0.6689723143299877,
        0.005957635500316538
      ],
      [
        0.6444223829868487,
        0.10916517559689115,
        0.023436478762319406,
        0.011379422632348484,
        0.20624592978624068,
        0.005350610235351543
      ],
      [
        0.16949157541663626,
        0.09296910219932764,
        0.02315687856242637,
        0.010502731805643562,
        0.6988769220212251,
        0.005002789994741091
      ],
      [
        0.6530108743390761,
        0.22964865452250133,
        0.029762937672788956,
        0.010788457655249498,
        0.07171038814556359,
        0.005078687664820492
      ],
      [
        0.16949157541663626,
        0.09296910219932764,
        0.02315687856242637,
        0.010502731805643562,
        0.6988769220212251,
        0.005002789994741091
      ],
      [
        0.2058111133302012,
        0.10844666772138645,
        0.04117457443856647,
        0.010982365687742803,
        0.6277951779201133,
        0.005790100901989828
      ],
      [
        0.17188956092963228,
        0.0942844393167166,
        0.023484504635771935,
        0.010651325614243819,
        0.6946165994839729,
        0.005073570019662453
      ],
      [
        0.7753962602790929,
        0.11184927813176378,
        0.027584819687450416,
        0.013671545322192375,
        0.06685829691397721,
        0.004639799665523218
      ],
      [
        0.7984131163607276,
        0.09925980395962104,
        0.02759056986988896,
        0.01112445686548073,
        0.059227103395448046,
        0.0043849495488335
      ],
      [
        0.79692949491306,
        0.09376229886800048,
        0.039407274368026185,
        0.010528703198080799,
        0.05524014453731729,
        0.0041320841155152496
      ],
      [
        0.22858661731950705,
        0.16958137867208548,
        0.03649448869135874,
        0.013216121840184971,
        0.547384103193475,
        0.004737290283388841
      ],
      [
        0.7219876940165161,
        0.12042627942716769,
        0.07352721022273326,
        0.011386697739145569,
        0.06789248742942888,
        0.004779631165008531
      ],
      [
        0.7337092143291908,
        0.12321498247605941,
        0.062377166803409996,
        0.009842034468878994,
        0.06606917123922004,
        0.004787430683240784
      ],
      [
        0.6251042259045319,
        0.1250030774494912,
        0.1656494192268099,
        0.01096009154268004,
        0.06837831986720348,
        0.004904866009283602
      ],
      [
        0.7296079553652358,
        0.12482395903704144,
        0.06317884275791555,
        0.009962831424512951,
        0.06757420919303848,
        0.004852202222255856
      ],
      [
        0.7477291324439658,
        0.11210531761364635,
        0.0605240332498399,
        0.011303304684393384,
        0.06365352267975527,
        0.004684689328399342
      ],
      [
        0.7009134773190836,
        0.10305402485249977,
        0.04611792141701945,
        0.09097320276553464,
        0.0547602804023663,
        0.004181093243496181
      ],
      [
        0.8004736525796351,
        0.10078030966709572,
        0.031206875488580196,
        0.010928325869138916,
        0.05236173093882171,
        0.004249105456728334
      ],
      [
        0.7951528535861188,
        0.1035795145860468,
        0.03161439129814741,
        0.01121289114218361,
        0.054049983825490026,
        0.004390365562013469
      ],
      [
        0.7923986103341072,
        0.10391079793410507,
        0.03606616603840883,
        0.010870548552983432,
        0.05244665928180601,
        0.004307217858589426
      ],
      [
        0.6515522661197249,
        0.11239406962921433,
        0.1570768711247345,
        0.011338323358964793,
        0.06291748990921035,
        0.004720979858151082
      ],
      [
        0.7508532455264226,
        0.11555338558655251,
        0.0585105873127019,
        0.009237301439196578,
        0.06135785357926917,
        0.004487626555857168
      ],
      [
        0.7083852997545443,
        0.1447217584212116,
        0.0662071726615808,
        0.010564278951955454,
        0.06525934377120464,
        0.0048621464395031825
      ],
      [
        0.5555569668403635,
        0.22227263595215996,
        0.14213594851501699,
        0.009556026138384598,
        0.06566806512990717,
        0.0048103574241679
      ],
      [
        0.19785151157005243,
        0.118097022125866,
        0.04136418202586418,
        0.011881221706514069,
        0.625024276517889,
        0.005781786053814335
      ],
      [
        0.7732105223495269,
        0.10475909050311644,
        0.046762360980093315,
        0.012344156431822417,
        0.05865780885010461,
        0.004266060885336304
      ],
      [
        0.6829493436176448,
        0.10230530307078307,
        0.13990879378870544,
        0.012252980080590965,
        0.05836846174669678,
        0.004215117695578945
      ],
      [
        0.6829493436176448,
        0.10230530307078307,
        0.13990879378870544,
        0.012252980080590965,
        0.05836846174669678,
        0.004215117695578945
      ],
      [
        0.7997172192348297,
        0.09878042854844779,
        0.02721622900679731,
        0.011094962909988853,
        0.05883029508418375,
        0.0043608652157525124
      ],
      [
        0.1769784658528692,
        0.11420693917062971,
        0.01778498754551805,
        0.010786371104896072,
        0.6744279807759365,
        0.005815255550150568
      ],
      [
        0.9199036641573466,
        0.03139857295692504,
        0.003481550475962843,
        0.0036176769978824076,
        0.03647188702665314,
        0.005126648385229963
      ],
      [
        0.810879489408675,
        0.09905055661087231,
        0.014339442053929596,
        0.010295530367630895,
        0.06052289009177326,
        0.0049120914671189906
      ],
      [
        0.8115221511492768,
        0.0990816327955925,
        0.014339498305988609,
        0.010310920550029676,
        0.059833649479934435,
        0.0049121477191780005
      ],
      [
        0.7812263890141277,
        0.10381481728786016,
        0.04238253540517505,
        0.012495791500460214,
        0.0557848638070579,
        0.004295602985318996
      ],
      [
        0.7989477924663525,
        0.10156969308898169,
        0.019382567326404133,
        0.013301874171225999,
        0.06192825782318705,
        0.0048698151238486635
      ],
      [
        0.9263012367037438,
        0.028890659876607796,
        0.0032034669468027637,
        0.003328720570601496,
        0.033558750730188984,
        0.0047171651720551485
      ]
    ],
    [
      [
        0.9221416497647642,
        0.030521259985841136,
        0.0033842718704594713,
        0.003516594857627555,
        0.03545281970750185,
        0.004983403813805686
      ],
      [
        0.203454690080094,
        0.11424312378108921,
        0.032177523213020316,
        0.011574516130723288,
        0.6325178461940263,
        0.006032300601046967
      ],
      [
        0.7119071780750065,
        0.18272375889328485,
        0.007711889076077701,
        0.01158716697291054,
        0.08067881233023445,
        0.0053911946524859995
      ],
      [
        0.6093378322076977,
        0.28267029475597755,
        0.00806659226670282,
        0.011620581166336092,
        0.08266558995288545,
        0.0056391096504003506
      ],
      [
        0.6392335779581956,
        0.26156659591583914,
        0.0075033821661201665,
        0.012361017840433374,
        0.07409006903156398,
        0.005245357087847755
      ],
      [
        0.18257366489761329,
        0.12210648074317562,
        0.007354555357256081,
        0.010520605738246711,
        0.6716799620689237,
        0.0057647311947847165
      ],
      [
        0.1838600988306774,
        0.12267208978801322,
        0.007426806705467485,
        0.01041263768911536,
        0.6698070029187541,
        0.005821364067972435
      ],
      [
        0.780236875089788,
        0.1280550613686023,
        0.006782754056156683,
        0.01134402386640234,
        0.06883974177257417,
        0.004741543846476509
      ],
      [
        0.17975183040233808,
        0.1505132577789845,
        0.0071876768785418725,
        0.013673407610353908,
        0.6432504995165423,
        0.00562332781323935
      ],
      [
        0.7457960404560326,
        0.15284982035746597,
        0.0069523507225499595,
        0.010523315945961743,
        0.07901840805145419,
        0.004860064466535564
      ],
      [
        0.7446274784604044,
        0.15600197991086012,
        0.0067555310960871985,
        0.016483477172860278,
        0.07140897330186681,
        0.00472256005792114
      ],
      [
        0.1795700281905172,
        0.12951239841732828,
        0.00651832762449303,
        0.00925225981356544,
        0.6700284121755644,
        0.0051185737785316345
      ],
      [
        0.1677827585423485,
        0.1523956496626745,
        0.006695637277593058,
        0.009971716534593613,
        0.6579158606925066,
        0.005238377290283738
      ],
      [
        0.7987797380735704,
        0.12119616659665124,
        0.0059744483054056,
        0.011740093566995426,
        0.058132953153460475,
        0.004176600303916856
      ],
      [
        0.6852880569734605,
        0.22313025494054736,
        0.006337715847753472,
        0.011737398631471075,
        0.06907599867200202,
        0.004430574934765634
      ],
      [
        0.6232369036376865,
        0.27658242275471784,
        0.006843004890256098,
        0.01634986272883269,
        0.07220398827174279,
        0.004783817716764146
      ],
      [
        0.18513304267909184,
        0.3079961007456636,
        0.0071562089630893624,
        0.014817698512669798,
        0.47927936367906127,
        0.0056175854204241855
      ],
      [
        0.18789336397327022,
        0.19112406559009038,
        0.007269144338582069,
        0.011738635236216105,
        0.5962685517810655,
        0.0057062390807756675
      ],
      [
        0.7167809286369277,
        0.17955030018326823,
        0.007044277342624809,
        0.011958392397127288,
        0.07974160810006257,
        0.004924493339989495
      ],
      [
        0.20379428231964533,
        0.2950791953946637,
        0.007616078827249628,
        0.011416747682934403,
        0.4761198564583723,
        0.005973839317134703
      ],
      [
        0.6488491429880948,
        0.15979125118852688,
        0.006693042268636456,
        0.012422078273543313,
        0.16756547902152433,
        0.004679006259674136
      ],
      [
        0.7735558085294825,
        0.1365043444789851,
        0.006509726872600645,
        0.01330459022062517,
        0.06557467670432662,
        0.004550853193979999
      ],
      [
        0.7758303075528158,
        0.13602869874345466,
        0.00646160995207895,
        0.013232769578987509,
        0.06392936941308915,
        0.0045172447595740375
      ],
      [
        0.6521842825734536,
        0.25487541300742633,
        0.0066422887438465,
        0.012573690239251194,
        0.0690807387834427,
        0.004643586652579614
      ],
      [
        0.7252902021046517,
        0.1758565261029937,
        0.006847023060060182,
        0.01381013115394493,
        0.07340940231833387,
        0.0047867152600156605
      ],
      [
        0.1739168192697797,
        0.2666262615513723,
        0.006730352028765315,
        0.013971738958898949,
        0.5334911890610481,
        0.005263639130135662
      ],
      [
        0.19127548563007724,
        0.2639914655994865,
        0.006707566244935894,
        0.016580472014699622,
        0.5161991915693956,
        0.005245818941405155
      ],
      [
        0.27538656407244616,
        0.27054450887578874,
        0.00667998582267315,
        0.01954530013411173,
        0.42261939210849375,
        0.005224248986486397
      ],
      [
        0.7360440308355889,
        0.1607835172184657,
        0.007098047700143638,
        0.011282995967307159,
        0.07982934996113986,
        0.004962058317354765
      ],
      [
        0.7467103798049999,
        0.15572961643910144,
        0.006703750162067996,
        0.016585125299067905,
        0.06958472669134178,
        0.004686401603421058
      ],
      [
        0.6875641339785988,
        0.22329609098828876,
        0.0067829684889669836,
        0.011402691231134073,
        0.06621235703372451,
        0.00474175827928681
      ],
      [
        0.19617365374107795,
        0.12609563446134006,
        0.006430230590360564,
        0.009134749143718705,
        0.657119173771252,
        0.005046558292250844
      ],
      [
        0.7751138180737126,
        0.1328274341773596,
        0.0065689424007515295,
        0.017297276842550162,
        0.06360036718466094,
        0.004592161320965155
      ],
      [
        0.7648034217346132,
        0.1242764999394023,
        0.007803713757227177,
        0.014726429053893186,
        0.08293455387451303,
        0.005455381640350996
      ],
      [
        0.62835318457075,
        0.11407941095853902,
        0.1517459779327917,
        0.022410756752537182,
        0.07774427972181663,
        0.0056663900635656175
      ],
      [
        0.9214953197469915,
        0.030774627883433294,
        0.0034123659219205305,
        0.003545787369541343,
        0.035747126246523195,
        0.0050247728315900905
      ],
      [
        0.1883299517222026,
        0.13897356441972564,
        0.02927481318259676,
        0.011288838715339642,
        0.6259112442188749,
        0.006221587741260494
      ],
      [
        0.7654257872255773,
        0.13746739779541953,
        0.0076942984350404494,
        0.01483671458804958,
        0.06919672386823335,
        0.005379078087679728
      ],
      [
        0.7978055764070556,
        0.10289848417350074,
        0.031424296058409254,
        0.011162080763726125,
        0.052350466043763554,
        0.004359096553544743
      ],
      [
        0.9340138037716665,
        0.0258672556569307,
        0.0028682245007691357,
        0.0029803703473021245,
        0.030046831341774567,
        0.004223514381556833
      ]
    ],
    [
      [
        0.9091249098964936,
        0.0356239535374925,
        0.003950070997312023,
        0.004104516388786845,
        0.041379995538160554,
        0.005816553641754386
      ],
      [
        0.7342594819268103,
        0.12631012259500599,
        0.04557528110851819,
        0.010693605293066179,
        0.0774618745026559,
        0.005699634573943454
      ],
      [
        0.20490745444429379,
        0.1632198963570799,
        0.008028131685929116,
        0.01587448678582094,
        0.6017092623056614,
        0.006260768421214895
      ],
      [
        0.17411113570479184,
        0.04550021018818538,
        0.005044783034125445,
        0.0052420482186560655,
        0.05285210768791037,
        0.717249715166331
      ],
      [
        0.6053654533907877,
        0.15424823169782484,
        0.007963270931639801,
        0.010609740314124967,
        0.21624644379028218,
        0.005566859875340465
      ],
      [
        0.7822334280460964,
        0.12278752744026705,
        0.007428956886063194,
        0.010385803590684358,
        0.07197093084180237,
        0.005193353195086656
      ],
      [
        0.7676601011997763,
        0.1302257762883422,
        0.007835922879728407,
        0.010586250310878016,
        0.07821415431251573,
        0.005477795008759276
      ],
      [
        0.2040507122409332,
        0.2984848305352921,
        0.007930890255052914,
        0.01659705499921959,
        0.4667392337618481,
        0.006197278207654051
      ],
      [
        0.7241444323959294,
        0.1550441207153395,
        0.007116183714319156,
        0.01841145974121243,
        0.0903091856054403,
        0.004974617827759291
      ],
      [
        0.5942599467246148,
        0.3016504202433009,
        0.006920164179909848,
        0.012479631137138285,
        0.07985222761412097,
        0.004837610100915105
      ],
      [
        0.7051953321563751,
        0.1915461382127556,
        0.0068818539756332455,
        0.011869069136754815,
        0.07969673846865533,
        0.004810868049825918
      ],
      [
        0.720026175298561,
        0.15976003667328734,
        0.007344919343090684,
        0.016501949017592225,
        0.09123240260405022,
        0.005134517063418561
      ],
      [
        0.760668797828712,
        0.14787807632648145,
        0.006959637657906413,
        0.009724409514886984,
        0.06990385689179746,
        0.004865221780215702
      ],
      [
        0.6773155014592305,
        0.22970831293324265,
        0.006187751717486467,
        0.011496976473733317,
        0.07096577985767405,
        0.004325677558632976
      ],
      [
        0.6732385508461757,
        0.1444548379104752,
        0.006604276167357012,
        0.011494782101867423,
        0.15959059187061556,
        0.004616961103509186
      ],
      [
        0.6085668725194835,
        0.27737242509461474,
        0.006786250176245897,
        0.01664960467204736,
        0.08588073509413494,
        0.004744112443473594
      ],
      [
        0.5987952208025666,
        0.29289057691137993,
        0.0072612104294476855,
        0.01238294572472287,
        0.08359392504512612,
        0.0050761210867567045
      ],
      [
        0.36268819726518237,
        0.43673692840302275,
        0.006869974301671184,
        0.044597393437798644,
        0.14283102405381773,
        0.0062764825385073384
      ],
      [
        0.7013099393699801,
        0.1886329026755462,
        0.007261064905733751,
        0.012343131422095985,
        0.08537698606360127,
        0.00507597556304277
      ],
      [
        0.6952118975228548,
        0.20279965954213203,
        0.006920339613509308,
        0.012527628581890979,
        0.07770268920509833,
        0.0048377855345145635
      ],
      [
        0.7356634150639894,
        0.16256935523711494,
        0.006953952274159932,
        0.011693030962679169,
        0.07825895883800262,
        0.004861287624053961
      ],
      [
        0.7420149406045798,
        0.158987335104545,
        0.006898159001008069,
        0.009863633350108057,
        0.07741361055064035,
        0.0048223213891187364
      ],
      [
        0.18538154651135394,
        0.14509471551402556,
        0.006885638537404439,
        0.014491915824796848,
        0.6427521414104019,
        0.005394042202017273
      ],
      [
        0.6403829634747953,
        0.2628661717608687,
        0.006722527697665345,
        0.011717090251043664,
        0.07361161256766201,
        0.004699634247965032
      ],
      [
        0.6208411157074075,
        0.27578127423381776,
        0.006850439762553128,
        0.012829308888781019,
        0.0789087897445473,
        0.004789071662893315
      ],
      [
        0.6438471187862042,
        0.2543633706042231,
        0.006667591337068436,
        0.01483252269398114,
        0.07562819257896503,
        0.0046612039995581455
      ],
      [
        0.4322632366975319,
        0.28588291600463933,
        0.006466152715250774,
        0.04191643714895035,
        0.2276334535031367,
        0.00583780393049098
      ],
      [
        0.7179791937278502,
        0.17847833621908113,
        0.006616830117611283,
        0.014668405710393472,
        0.07763157333283709,
        0.004625660892226813
      ],
      [
        0.7060313312440235,
        0.17801515178211216,
        0.006733684321291602,
        0.016625341317498713,
        0.08788718161164712,
        0.004707309723426923
      ],
      [
        0.18499150795328115,
        0.25836607908817166,
        0.00673703483662764,
        0.013598821069376887,
        0.5310258578128882,
        0.005280699239654445
      ],
      [
        0.31088224486993504,
        0.13812792888605865,
        0.007079570651664111,
        0.014983338077172871,
        0.5233809535991439,
        0.00554596391602543
      ],
      [
        0.18435332666112716,
        0.1300998984844907,
        0.006707035824792322,
        0.014923484689137618,
        0.6586721173799521,
        0.005244136960500095
      ],
      [
        0.7637671727530048,
        0.1484398036197799,
        0.006363416574478537,
        0.01195966237730769,
        0.0650214649158636,
        0.004448479759565455
      ],
      [
        0.7684584334073469,
        0.14518886288237035,
        0.006590425416886904,
        0.009583130488537154,
        0.06557193660162257,
        0.004607211203236152
      ],
      [
        0.19542671271244164,
        0.13199063049349158,
        0.007605789563100273,
        0.01068185507366978,
        0.6483368211107929,
        0.005958191046503907
      ],
      [
        0.19824884752642705,
        0.13154797398698506,
        0.016599083402467185,
        0.01170857761014989,
        0.6353315667145387,
        0.006563950759432144
      ],
      [
        0.9214953197469915,
        0.030774627883433294,
        0.0034123659219205305,
        0.003545787369541343,
        0.035747126246523195,
        0.0050247728315900905
      ],
      [
        0.799763085948393,
        0.09983127281452242,
        0.02750089400803372,
        0.011257566814996393,
        0.057230283407678356,
        0.0044168970063760745
      ],
      [
        0.7975558211792871,
        0.10150238371904546,
        0.0193824454874241,
        0.013268539851398992,
        0.06342111647797559,
        0.0048696932848686335
      ],
      [
        0.9253091073918807,
        0.02927958459149655,
        0.0032465918693300472,
        0.003373531651566585,
        0.03401051706628189,
        0.004780667429444228
      ]
    ],
    [
      [
        0.9068386233895165,
        0.036520200949243985,
        0.0040494490998533245,
        0.004207780115146417,
        0.04242105668428888,
        0.005962889761950858
      ],
      [
        0.20694951102289802,
        0.1256560374585305,
        0.034604992912299105,
        0.012035741650081306,
        0.6143678947968058,
        0.006385822159385414
      ],
      [
        0.7298206950330267,
        0.16220880736027496,
        0.008239075320313092,
        0.01363221371997907,
        0.08033949911339665,
        0.005759709453009452
      ],
      [
        0.20236674103142477,
        0.16120207180320692,
        0.007872074429423788,
        0.012152579110583848,
        0.6102269976767438,
        0.006179535948616889
      ],
      [
        0.7432236593069087,
        0.14377473097525298,
        0.007893893346454564,
        0.014099467950047597,
        0.08548982993395848,
        0.005518418487377693
      ],
      [
        0.7448227863593867,
        0.14917949397995248,
        0.007960970226715379,
        0.011078869290671922,
        0.08139254213662149,
        0.0055653380066520795
      ],
      [
        0.618128104109473,
        0.1532221556490903,
        0.0076848414954264034,
        0.010485228444029084,
        0.20510748085734756,
        0.0053721894446335195
      ],
      [
        0.7097126436840452,
        0.17091857369114416,
        0.007003936124921585,
        0.017268394679877445,
        0.09020028010165133,
        0.004896171718360338
      ],
      [
        0.19556640706360645,
        0.2876889792019235,
        0.0073105196684710725,
        0.026402663555071648,
        0.4772631465912019,
        0.005768283919725408
      ],
      [
        0.20041483329515933,
        0.2849576806369256,
        0.007355572524694743,
        0.01651754711464976,
        0.4849505340556738,
        0.005803832372896733
      ],
      [
        0.7075562482593404,
        0.17676042131219177,
        0.007018008259822568,
        0.011548204180863835,
        0.09221107366480391,
        0.004906044322977566
      ],
      [
        0.19159406106814528,
        0.2807733520070971,
        0.006971575802786434,
        0.01346512026983222,
        0.5016989960680299,
        0.0054968947841090325
      ],
      [
        0.31188246124506197,
        0.1748007720060983,
        0.007104473862963513,
        0.011114626941587906,
        0.4895157129551022,
        0.005581952989186128
      ],
      [
        0.573379844108474,
        0.3191827123920321,
        0.006697671338212944,
        0.01394193419699127,
        0.08211573854528727,
        0.004682099419002398
      ],
      [
        0.6726470450789828,
        0.15973529478617626,
        0.006380396029391202,
        0.012151364672242966,
        0.14462552812337684,
        0.00446037130982997
      ],
      [
        0.7289885892346277,
        0.16387350919448962,
        0.007228893433739098,
        0.012042261304338855,
        0.08281320774291286,
        0.005053539089891825
      ],
      [
        0.19851904794046532,
        0.1652676766694005,
        0.00753770286749951,
        0.014302525337818811,
        0.6084487486335226,
        0.005924298551293254
      ],
      [
        0.7096007804393433,
        0.16661286734544012,
        0.007598555241490845,
        0.01400408487173195,
        0.0968717979602561,
        0.005311914141737726
      ],
      [
        0.6985006942838935,
        0.19335068270029337,
        0.007221859453135478,
        0.011741165386673611,
        0.08413702987648393,
        0.005048568299520072
      ],
      [
        0.18558731261397848,
        0.16259765143049876,
        0.007188208353511376,
        0.013875940014870762,
        0.6251231283060663,
        0.005627759281074284
      ],
      [
        0.19217795009807317,
        0.2807595853975724,
        0.007289212674171324,
        0.019792161728786697,
        0.49430092488919003,
        0.005680165212206375
      ],
      [
        0.2986195205146594,
        0.1404762648788201,
        0.007089361382864056,
        0.010516141600029226,
        0.5377556396876173,
        0.005543071936009918
      ],
      [
        0.6681932414236125,
        0.24030129600067107,
        0.006701581112191466,
        0.010575451596583369,
        0.06954350763159864,
        0.004684922235343056
      ],
      [
        0.7432859471244132,
        0.16088256559651354,
        0.00681153862165366,
        0.00993831662323648,
        0.0743198118018042,
        0.004761820232379013
      ],
      [
        0.7370590097961753,
        0.15873230116811357,
        0.006854330289136316,
        0.013120516238030169,
        0.07944208219365317,
        0.004791760314891398
      ],
      [
        0.6346502067137042,
        0.2622848811172958,
        0.006590020879389903,
        0.013275969913635452,
        0.07859196485895802,
        0.004606956517016575
      ],
      [
        0.7408069914047887,
        0.1530868712471938,
        0.007021227011409955,
        0.012842934436799337,
        0.08133356129352905,
        0.004908414606279247
      ],
      [
        0.6594105560278883,
        0.15762529791315225,
        0.006772326153743713,
        0.01108627840738943,
        0.16037112904292297,
        0.004734412454903276
      ],
      [
        0.7086952230860849,
        0.1728045497149576,
        0.006824700046921691,
        0.015091214622152476,
        0.09181341626914942,
        0.004770896260733907
      ],
      [
        0.7474120480733153,
        0.15231643861875244,
        0.0069185859187381625,
        0.009817269794165893,
        0.07869915079339725,
        0.004836506801630935
      ],
      [
        0.6499599053090922,
        0.242435856222057,
        0.007060099166962352,
        0.011181176824709097,
        0.08442757609336557,
        0.004935386383813795
      ],
      [
        0.7530685513490211,
        0.13932721018212807,
        0.007060099166962352,
        0.011181176824709097,
        0.08442757609336557,
        0.004935386383813795
      ],
      [
        0.7545111651948504,
        0.13939696839476243,
        0.007060225438675846,
        0.011215723910392975,
        0.08288040440579107,
        0.004935512655527291
      ],
      [
        0.7696640506484809,
        0.1349480105923837,
        0.006858771298811374,
        0.01057532082705284,
        0.0731591538409639,
        0.004794692792307243
      ],
      [
        0.7703296984540924,
        0.13768957189504835,
        0.006753039667556489,
        0.009767442196573795,
        0.07073945515608779,
        0.004720792630641161
      ],
      [
        0.7380703274071084,
        0.1379316655292124,
        0.007824554006592386,
        0.032270794259098956,
        0.07843273501561986,
        0.005469923782368023
      ],
      [
        0.18775119655337588,
        0.138747654998896,
        0.029242594325653223,
        0.011176310268831266,
        0.6268608151636129,
        0.006221428689630718
      ],
      [
        0.922899652865899,
        0.030224115111207782,
        0.0033513237208372283,
        0.0034823584552447313,
        0.035107662801388814,
        0.004934887045422349
      ],
      [
        0.9223492464902221,
        0.030439879971870067,
        0.0033752482556995414,
        0.003507218424977754,
        0.035358290485430134,
        0.004970116371800372
      ],
      [
        0.9223492464902221,
        0.030439879971870067,
        0.0033752482556995414,
        0.003507218424977754,
        0.035358290485430134,
        0.004970116371800372
      ]
    ],
    [
      [
        0.903628902760696,
        0.03777844386728894,
        0.004188966148484992,
        0.004352752196158007,
        0.043882603794152056,
        0.006168331233220001
      ],
      [
        0.20851038285242599,
        0.13183424581177483,
        0.019784528625604977,
        0.01744801416798513,
        0.6157696224007799,
        0.006653206141429199
      ],
      [
        0.51851789057344,
        0.28152274376304043,
        0.007660400898154344,
        0.03820687566432868,
        0.14709346430799544,
        0.006998624793041174
      ],
      [
        0.18611309480181298,
        0.04863666472553543,
        0.005392533793339254,
        0.0056033970091871645,
        0.056495348725273835,
        0.6977589609448513
      ],
      [
        0.7146676318200877,
        0.15668140766330288,
        0.007612463375230893,
        0.021121109940102134,
        0.09459570393263797,
        0.005321683268638376
      ],
      [
        0.6586967105249524,
        0.24140503420681278,
        0.006489137556264249,
        0.016858299716407947,
        0.07201440101621977,
        0.00453641697934287
      ],
      [
        0.6537164140202707,
        0.24856172872255342,
        0.006383751339031513,
        0.015467090852074008,
        0.07140829373428581,
        0.0044627213317845905
      ],
      [
        0.1990125775675181,
        0.17175503239430903,
        0.006612079139883961,
        0.021782927893631558,
        0.5956576405987981,
        0.00517974240585921
      ],
