{
  "prediction": [
    [
      [
        0.9340138037716665,
        0.0258672556569307,
        0.0028682245007691357,
        0.0029803703473021245,
        0.030046831341774567,
        0.004223514381556833
      ],
      [
        0.9186999820681481,
        0.03187042849809344,
        0.0035338709711074546,
        0.0036720431928031158,
        0.03701998397405273,
        0.005203691295795083
      ],
      [
        0.92877604102057,
        0.027920511578580408,
        0.0030958945334518297,
        0.0032169421408262543,
        0.032431847951094654,
        0.0045587627754768425
      ],
      [
        0.9303276427581855,
        0.027312268019794927,
        0.0030284510017188414,
        0.0031468616077158134,
        0.031725325702738116,
        0.004459450909846772
      ],
      [
        0.9367788583111774,
        0.02478332633887478,
        0.0027480357699511846,
        0.002855482309662936,
        0.028787763049491127,
        0.00404653422084258
      ],
      [
        0.9340138037716665,
        0.0258672556569307,
        0.0028682245007691357,
        0.0029803703473021245,
        0.030046831341774567,
        0.004223514381556833
      ],
      [
        0.9357687082547892,
        0.025179315367701943,
        0.0027919440008660297,
        0.0029011073259006836,
        0.02924773513621595,
        0.004111189914526195
      ],
      [
        0.928707699146815,
        0.027947302283629936,
        0.0030988651522772304,
        0.0032200289090544695,
        0.03246296744080112,
        0.004563137067422204
      ],
      [
        0.928707699146815,
        0.027947302283629936,
        0.0030988651522772304,
        0.0032200289090544695,
        0.03246296744080112,
        0.004563137067422204
      ],
      [
        0.9257213157048685,
        0.029117994767784466,
        0.003228674394914017,
        0.003354913614717042,
        0.03382281790545795,
        0.004754283612258025
      ],
      [
        0.9229612071698147,
        0.030199985202118012,
        0.003348648137568152,
        0.00347957825828499,
        0.035079634033345984,
        0.0049309471988681595
      ],
      [
        0.9228035871278023,
        0.030261773851205792,
        0.003355499413928252,
        0.0034866974154148934,
        0.035151406359819254,
        0.0049410358318294715
      ],
      [
        0.9190474333713627,
        0.031734224076527935,
        0.003518768292097802,
        0.003656350008161146,
        0.03686177193420358,
        0.005181452317646685
      ],
      [
        0.9267593667273962,
        0.028711068278314628,
        0.0031835533916429706,
        0.0033080284074560734,
        0.033350141106660215,
        0.004687842088529867
      ],
      [
        0.9288890946322681,
        0.02787619342048238,
        0.0030909804278129627,
        0.003211835896623382,
        0.03238036896007178,
        0.004551526662741358
      ],
      [
        0.9357687082547892,
        0.025179315367701943,
        0.0027919440008660297,
        0.0029011073259006836,
        0.02924773513621595,
        0.004111189914526195
      ],
      [
        0.9385009495628237,
        0.024108249167934984,
        0.0026731815640284686,
        0.0027777013494755145,
        0.028003608357283737,
        0.0039363099984534924
      ],
      [
        0.9365037887500773,
        0.02489115638617426,
        0.002759992229023819,
        0.002867906259067613,
        0.028913016044542227,
        0.004064140331114711
      ],
      [
        0.9365037887500773,
        0.02489115638617426,
        0.002759992229023819,
        0.002867906259067613,
        0.028913016044542227,
        0.004064140331114711
      ],
      [
        0.9386775747210797,
        0.02403901032124889,
        0.0026655041915578854,
        0.002769723796375894,
        0.027923182046264594,
        0.003925004923473001
      ],
      [
        0.9394731475212119,
        0.02372713774499811,
        0.002630922998400628,
        0.0027337904994416476,
        0.0275609177680971,
        0.0038740834678505755
      ],
      [
        0.9386813135733159,
        0.024037544653394336,
        0.0026653416747255557,
        0.0027695549252335257,
        0.027921479558941895,
        0.003924765614388791
      ],
      [
        0.9306864519240714,
        0.02717161120130057,
        0.0030128546300605416,
        0.00313065542734066,
        0.03156194185721455,
        0.004436484960012207
      ],
      [
        0.9380320117719101,
        0.024292077520198005,
        0.002693564900818799,
        0.002798881662429638,
        0.028217139300401133,
        0.003966324844242235
      ],
      [
        0.9380320117719101,
        0.024292077520198005,
        0.002693564900818799,
        0.002798881662429638,
        0.028217139300401133,
        0.003966324844242235
      ],
      [
        0.9381023694072879,
        0.024264496616224786,
        0.002690506662806289,
        0.0027957038491569905,
        0.028185101933123832,
        0.003961821531400233
      ],
      [
        0.9408317813294605,
        0.02319453956430432,
        0.0025718672109915877,
        0.0026724256663948325,
        0.02694226351576807,
        0.0037871227130807303
      ],
      [
        0.9337379909618898,
        0.025975377065221374,
        0.0028802132666602667,
        0.002992827866702399,
        0.030172422775300863,
        0.004241168064225234
      ],
      [
        0.9352367531114961,
        0.02538784715883541,
        0.002815066515308648,
        0.0029251339166997533,
        0.02948996104686862,
        0.004145238250791354
      ],
      [
        0.939198536900621,
        0.02383478788298078,
        0.0026428595086886975,
        0.0027461937200763255,
        0.027685961784469876,
        0.00389166020316322
      ],
      [
        0.9393200745805322,
        0.02378714388441879,
        0.002637576625734181,
        0.00274070427958738,
        0.027630619570814665,
        0.003883881058912658
      ],
      [
        0.939198536900621,
        0.02383478788298078,
        0.0026428595086886975,
        0.0027461937200763255,
        0.027685961784469876,
        0.00389166020316322
      ],
      [
        0.9367704332946476,
        0.02478662903048219,
        0.0027484019804650674,
        0.0028558628387868427,
        0.028791599382924325,
        0.0040470734726939074
      ],
      [
        0.9393605848843237,
        0.023771263436009722,
        0.002635815762818757,
        0.002738874567994934,
        0.027612173193614573,
        0.0038812881552381896
      ],
      [
        0.9386813135733159,
        0.024037544653394336,
        0.0026653416747255557,
        0.0027695549252335257,
        0.027921479558941895,
        0.003924765614388791
      ],
      [
        0.9389727110549361,
        0.02392331389627093,
        0.0026526754893107544,
        0.00275639349961514,
        0.027788791641102782,
        0.0039061144187642733
      ],
      [
        0.9344718668859695,
        0.02568769028777861,
        0.002848313853960583,
        0.0029596812062227204,
        0.02983825218543524,
        0.004194195580633311
      ],
      [
        0.934938883309823,
        0.025504615130816973,
        0.002828014033305321,
        0.0029385876748341307,
        0.02962559613730045,
        0.004164303713920111
      ],
      [
        0.9258344654886577,
        0.02907363890925499,
        0.0032237561089592096,
        0.0033498030267503994,
        0.03377129512244878,
        0.0047470413439289014
      ],
      [
        0.9337045513154214,
        0.025988485744516693,
        0.002881666789044946,
        0.002994338220934878,
        0.03018764952687914,
        0.00424330840320287
      ]
    ],
    [
      [
        0.9106805394235407,
        0.035014131044552435,
        0.0038824523895026487,
        0.0040342539342311185,
        0.04067163923485548,
        0.005716983973317637
      ],
      [
        0.7585056659440242,
        0.11691244375758489,
        0.04563023674040511,
        0.010904223584347521,
        0.06255249097184304,
        0.0054949390017951785
      ],
      [
        0.19954302476495098,
        0.12017572761252338,
        0.05125999319841407,
        0.011234309019927726,
        0.6121243341712299,
        0.005662611232953943
      ],
      [
        0.7440621342983336,
        0.11538253541791597,
        0.06743219695395013,
        0.009864917074036838,
        0.05852955337740664,
        0.0047286628783569035
      ],
      [
        0.732855253366591,
        0.12894262444410537,
        0.05031195840695158,
        0.014544171840429655,
        0.06852307908555028,
        0.004822912856372152
      ],
      [
        0.6994343470278658,
        0.19521875200225508,
        0.036479532795802655,
        0.011081920894877483,
        0.05339447773858731,
        0.0043909695406117695
      ],
      [
        0.6964982617629957,
        0.2011503989747193,
        0.019382327801068144,
        0.013236341661397031,
        0.06486309420130718,
        0.004869575598512677
      ],
      [
        0.8158360638177378,
        0.09681383573861724,
        0.014011293459749241,
        0.010074922468263069,
        0.05846416685868396,
        0.004799717656948796
      ],
      [
        0.9199036641573466,
        0.03139857295692504,
        0.003481550475962843,
        0.0036176769978824076,
        0.03647188702665314,
        0.005126648385229963
      ],
      [
        0.7845197480878566,
        0.10304013525779485,
        0.026679880424021616,
        0.014683032212265667,
        0.0659308352661656,
        0.005146368751895583
      ],
      [
        0.6269965429551569,
        0.13170633250359512,
        0.05722913253746173,
        0.012977123290849431,
        0.1662600337569405,
        0.004830834955996319
      ],
      [
        0.7210825927852066,
        0.12965361844686937,
        0.06431427979866089,
        0.011469269237334379,
        0.06823139955403146,
        0.0052488401778973065
      ],
      [
        0.7218928835189017,
        0.1395004461428964,
        0.0544104207977531,
        0.010427492047609102,
        0.06856162180931971,
        0.005207135683520087
      ],
      [
        0.6560746850317443,
        0.11579957406834389,
        0.14924285734304435,
        0.010701159145486059,
        0.0632331292832128,
        0.004948595128168685
      ],
      [
        0.7508532455264226,
        0.11555338558655251,
        0.0585105873127019,
        0.009237301439196578,
        0.06135785357926917,
        0.004487626555857168
      ],
      [
        0.7548280244133762,
        0.10990305236170296,
        0.05434416313257811,
        0.013213716759761313,
        0.0633243820508132,
        0.004386661281768272
      ],
      [
        0.7949103220787812,
        0.10251150134954706,
        0.03137397374526606,
        0.011016556595118493,
        0.055852657973923754,
        0.004334988257363395
      ],
      [
        0.7802348784507018,
        0.1181473458302655,
        0.03118775697522089,
        0.010992687758780591,
        0.05513085776971007,
        0.004306473215321125
      ],
      [
        0.7957651091939515,
        0.10259792614101435,
        0.03156258179563216,
        0.011075216221417548,
        0.05466407882110189,
        0.0043350878268826045
      ],
      [
        0.7744998855594257,
        0.12035689946998987,
        0.03595637222738226,
        0.010923973384035486,
        0.0539250568022051,
        0.004337812556961556
      ],
      [
        0.7652989244956712,
        0.11666148951636221,
        0.04605274052762227,
        0.012086682497159088,
        0.055690230288219664,
        0.004209932674965595
      ],
      [
        0.661506343200567,
        0.20297746291222415,
        0.05450756228875605,
        0.013230535860177535,
        0.06330451549714934,
        0.004473580241125994
      ],
      [
        0.7673583716214508,
        0.11031719243195628,
        0.04692776307936552,
        0.010452576144372089,
        0.06036599431291002,
        0.004578102409945299
      ],
      [
        0.18174515445098652,
        0.10688354836843397,
        0.04700001205988372,
        0.01395897326978418,
        0.6451872942934511,
        0.005225017557460453
      ],
      [
        0.7736494548337104,
        0.10745535340160453,
        0.047115444672141266,
        0.0123690955924672,
        0.05511443442023039,
        0.004296217079846229
      ],
      [
        0.718889536519165,
        0.10224914732768338,
        0.11114411778848697,
        0.011775203589087417,
        0.05185599782688427,
        0.004085996948692914
      ],
      [
        0.6986830493751854,
        0.17476724627381193,
        0.05189422763416594,
        0.012603985494700863,
        0.057805341623528406,
        0.0042461495986073575
      ],
      [
        0.7605316344405897,
        0.108214091611991,
        0.0579063544341263,
        0.011198756879164232,
        0.05789690819663111,
        0.004252254437497726
      ],
      [
        0.7548280244133762,
        0.10990305236170296,
        0.05434416313257811,
        0.013213716759761313,
        0.0633243820508132,
        0.004386661281768272
      ],
      [
        0.7928980174043642,
        0.10142315473416509,
        0.03210252727448137,
        0.011101194148903435,
        0.05805749980384011,
        0.004417606634245883
      ],
      [
        0.17009471458540537,
        0.09660191400179811,
        0.03536961702204801,
        0.0103032755686207,
        0.6826705689056994,
        0.004959909916428408
      ],
      [
        0.7810389217743086,
        0.10245129104959029,
        0.04188046834928848,
        0.012281314914432897,
        0.058103505498014824,
        0.004244498414364894
      ],
      [
        0.793303350130972,
        0.10302138083610801,
        0.03145966938614917,
        0.011099409320616885,
        0.056757453446881434,
        0.004358736879272512
      ],
      [
        0.7802086707865391,
        0.10278959275372669,
        0.04245326816183388,
        0.01230540564392837,
        0.05801886643469234,
        0.004224196219279548
      ],
      [
        0.8013387434205145,
        0.09935663303167297,
        0.027482962647904122,
        0.011190214025889286,
        0.056246256978737974,
        0.004385189895281111
      ],
      [
        0.799763085948393,
        0.09983127281452242,
        0.02750089400803372,
        0.011257566814996393,
        0.057230283407678356,
        0.0044168970063760745
      ],
      [
        0.7860394609140222,
        0.10065572857961358,
        0.04151938466053529,
        0.012041001750936522,
        0.05561231593355712,
        0.004132108161335285
      ],
      [
        0.8022001937815736,
        0.09861621425189418,
        0.02716617728247944,
        0.011120549600177,
        0.05653372666813506,
        0.0043631384157407
      ],
      [
        0.18254467283114326,
        0.2523427278143863,
        0.013363520337305484,
        0.011339566946647424,
        0.5344300746429983,
        0.0059794374275192515
      ],
      [
        0.9164805879905488,
        0.03274045340163666,
        0.003630341457877216,
        0.0037722856173697072,
        0.038030585635342715,
        0.005345745897224858
      ]
    ],
    [
      [
        0.921714356926533,
        0.030688763095865153,
        0.0034028450245078864,
        0.003535894210787298,
        0.03564738761075625,
        0.005010753131550276
      ],
      [
        0.7244028871972956,
        0.1323247469182015,
        0.06261283608237389,
        0.011403687229635076,
        0.0642988945779006,
        0.0049569479945932825
      ],
      [
        0.6171267859328843,
        0.29249665816883147,
        0.007115200648448144,
        0.016909190488296987,
        0.0613778793803844,
        0.0049742853811546375
      ],
      [
        0.7202735262332436,
        0.18724153904620522,
        0.006993022320411845,
        0.016126192270370945,
        0.06447686848409057,
        0.004888851645677854
      ],
      [
        0.7257188617129253,
        0.17580972101456266,
        0.006847077876341816,
        0.013903610494748172,
        0.07293395882512485,
        0.004786770076297294
      ],
      [
        0.7573283301686929,
        0.14489370452729344,
        0.013466184870954587,
        0.012634153911036245,
        0.06629995406097741,
        0.005377672461045461
      ],
      [
        0.6214241390121246,
        0.13814347468911417,
        0.034775882807368326,
        0.010028909007124236,
        0.1902994667333414,
        0.005328127750927304
      ],
      [
        0.9298362590663188,
        0.027504895392028644,
        0.0030498099953394685,
        0.003169055725093328,
        0.031949077392599536,
        0.004490902428620183
      ],
      [
        0.197555025509569,
        0.12616745040392555,
        0.03672023188566689,
        0.011895492440303305,
        0.6211345773181518,
        0.006527222442383369
      ],
      [
        0.7552442723914674,
        0.13852146983727223,
        0.013509377421282144,
        0.01000712341774246,
        0.07728419904752797,
        0.005433557884707742
      ],
      [
        0.7291946031199986,
        0.1633290012289605,
        0.007272199105842109,
        0.01880259033971968,
        0.07631764111986779,
        0.005083965085611251
      ],
      [
        0.7374890854210203,
        0.15933242226594038,
        0.007630078845899707,
        0.013501060100520872,
        0.0767131774097648,
        0.00533417595685396
      ],
      [
        0.3341337523080532,
        0.4255725580372403,
        0.007212522012364999,
        0.037245833570283354,
        0.18932368932645394,
        0.006511644745604211
      ],
      [
        0.17682945026729616,
        0.17974855893378935,
        0.0068573043065498634,
        0.011173271788945754,
        0.6200498848147254,
        0.005341529888693322
      ],
      [
        0.19379741867456296,
        0.25370763883236347,
        0.006582206788534759,
        0.013506691023106922,
        0.527252733380149,
        0.0051533113012829455
      ],
      [
        0.7549287993272688,
        0.15415017882240126,
        0.0065040789010246385,
        0.011817501061779184,
        0.06805254675639373,
        0.004546895131132512
      ],
      [
        0.7573994743651129,
        0.1509769190136609,
        0.006614015112162642,
        0.011754513479248075,
        0.06863137118435239,
        0.00462370684546308
      ],
      [
        0.7830167585516021,
        0.13025468427106524,
        0.006434895788320978,
        0.012632730128833423,
        0.06316245611958674,
        0.004498475140591483
      ],
      [
        0.7907482694998861,
        0.1260335681284508,
        0.0062129113376598296,
        0.012208685505166702,
        0.06045326116756189,
        0.004343304361274724
      ],
      [
        0.7703928156743401,
        0.13852627002553922,
        0.006509631602046378,
        0.013278524842162074,
        0.06674199993248649,
        0.004550757923425732
      ],
      [
        0.726825992998064,
        0.17221630226831983,
        0.0069299789470861715,
        0.013617651281269707,
        0.07556545985875522,
        0.004844614646505033
      ],
      [
        0.20379428231964533,
        0.2950791953946637,
        0.007616078827249628,
        0.011416747682934403,
        0.4761198564583723,
        0.005973839317134703
      ],
      [
        0.7248876980997948,
        0.17663591338148543,
        0.006859879748883354,
        0.01706800511633971,
        0.06975287397172295,
        0.004795629681773765
      ],
      [
        0.7280164492185426,
        0.17322440231285252,
        0.006809486973945976,
        0.013680835771654506,
        0.07350836786254422,
        0.004760457860460228
      ],
      [
        0.6292278509452447,
        0.2742446661384646,
        0.006930348837350215,
        0.013718850752567265,
        0.07103329878960414,
        0.004844984536769077
      ],
      [
        0.7438858269813885,
        0.16552010015776814,
        0.006550261107977625,
        0.012980939409343344,
        0.06648358986676754,
        0.004579282476754874
      ],
      [
        0.19042823518067187,
        0.16142110890120512,
        0.00712094491118387,
        0.01070105595791516,
        0.6247535573552632,
        0.005575097693760846
      ],
      [
        0.6682718947128239,
        0.23817412219907647,
        0.00653938611341764,
        0.013771375715780153,
        0.06867158874894724,
        0.0045716325099545525
      ],
      [
        0.7226706924672469,
        0.17535160393773144,
        0.006900972833677862,
        0.013821795284920241,
        0.07643056805266923,
        0.004824367423754237
      ],
      [
        0.20457510995125663,
        0.16972180920788044,
        0.007142219665321596,
        0.013713689517695693,
        0.5992661686603605,
        0.0055810029974851065
      ],
      [
        0.7841244596303425,
        0.1283722822085257,
        0.006783105125840453,
        0.011440074154392296,
        0.06453818396473876,
        0.004741894916160279
      ],
      [
        0.7771913895245521,
        0.13192767741220812,
        0.006482675506912176,
        0.017344818824898606,
        0.0625215709169685,
        0.004531867814460394
      ],
      [
        0.7714129437218722,
        0.13640072533008524,
        0.006509539308054645,
        0.013253273831051134,
        0.06787285217950279,
        0.004550665629433999
      ],
      [
        0.7730072379790248,
        0.1364778181142102,
        0.006509678856325478,
        0.013291453292912252,
        0.06616300657982244,
        0.004550805177704832
      ],
      [
        0.16809469316871892,
        0.15077417360543854,
        0.006713002439312717,
        0.01003236656557095,
        0.6591473012058067,
        0.0052384630151521795
      ],
      [
        0.16762532191357746,
        0.15059096074771486,
        0.006686872901060009,
        0.009941105837336199,
        0.6599174045762545,
        0.005238334024056943
      ],
      [
        0.7752308460850638,
        0.1360755677101779,
        0.006461560722798881,
        0.013219300781348206,
        0.06449552917031723,
        0.004517195530293969
      ],
      [
        0.7856580190381763,
        0.13038240355726083,
        0.006435126977345257,
        0.012695981880233784,
        0.060329762217368035,
        0.004498706329615761
      ],
      [
        0.16824301363394603,
        0.09383143063153003,
        0.03262335949856864,
        0.01025386173594588,
        0.6901559604093109,
        0.004892374090698451
      ],
      [
        0.9307124691607922,
        0.027161412181623566,
        0.00301172373784262,
        0.0031294803179196975,
        0.03155009490181462,
        0.0044348197000072444
      ]
    ],
    [
      [
        0.9190474333713627,
        0.031734224076527935,
        0.003518768292097802,
        0.003656350008161146,
        0.03686177193420358,
        0.005181452317646685
      ],
      [
        0.7218673698996387,
        0.1377232361008131,
        0.0560166256366176,
        0.01053011791249769,
        0.06833231394871278,
        0.005530336501720079
      ],
      [
        0.5044773528804184,
        0.2759569614355162,
        0.0076251209097184134,
        0.038096363531011715,
        0.1669600519234106,
        0.006884149319924738
      ],
      [
        0.6115978050460017,
        0.28905665312840406,
        0.00735971709171671,
        0.012520434362057546,
        0.07432016823700782,
        0.005145222134812158
      ],
      [
        0.7553446731192663,
        0.14017684588699844,
        0.013874252527680988,
        0.01040269979300938,
        0.07468097828229626,
        0.005520550390748533
      ],
      [
        0.20286194110777833,
        0.1274081230141436,
        0.018080164274094663,
        0.012281130901856752,
        0.6327107233416731,
        0.00665791736045357
      ],
      [
        0.9159738761731709,
        0.03293908955394866,
        0.003652366719712333,
        0.0037951720536466946,
        0.03826131699107889,
        0.005378178508442434
      ],
      [
        0.1951006066447444,
        0.2963735317497821,
        0.017649464306782527,
        0.011653576033727298,
        0.4727890298828703,
        0.0064337913820932974
      ],
      [
        0.7523433780604109,
        0.1376688403746957,
        0.008270205808865222,
        0.01531404202894253,
        0.08062202761094928,
        0.00578150611613642
      ],
      [
        0.740244684529126,
        0.1628987466945406,
        0.006683368025492548,
        0.012456016751617763,
        0.07304495077494731,
        0.004672233224275835
      ],
      [
        0.6240518399315237,
        0.16755665768359432,
        0.006749527935101615,
        0.01606067321204433,
        0.18086278633470299,
        0.004718514903033081
      ],
      [
        0.6946423796554998,
        0.20620669546174814,
        0.006752955683389808,
        0.012665515766452523,
        0.07501150014615293,
        0.004720953286756911
      ],
      [
        0.7039864771144662,
        0.1894689552754964,
        0.00706201308432901,
        0.0157385959357593,
        0.07880698902641492,
        0.0049369695635342785
      ],
      [
        0.6416098822267597,
        0.25615630214973234,
        0.006583289532363191,
        0.015485856713772356,
        0.07556238469935461,
        0.0046022846780178605
      ],
      [
        0.6507373341043353,
        0.25533413962045803,
        0.006507142978108083,
        0.011306863523111442,
        0.07156550628767858,
        0.00454901348630852
      ],
      [
        0.18554366290481683,
        0.14695304835880008,
        0.006894663432853358,
        0.014523436417428275,
        0.6406911021317795,
        0.005394086754321912
      ],
      [
        0.7686347431380031,
        0.1400045577714587,
        0.006546947107302957,
        0.01228113060280261,
        0.06795586674399125,
        0.004576754636441359
      ],
      [
        0.1834788354200002,
        0.12975855240164857,
        0.006658353567226718,
        0.014753455726720406,
        0.6601069062487678,
        0.005243896635636286
      ],
      [
        0.18723333605619286,
        0.12470472585182943,
        0.006831249686205666,
        0.010219183137488269,
        0.6656406821347631,
        0.005370823133520643
      ],
      [
        0.7278027878552301,
        0.16760262289572597,
        0.007113370533542919,
        0.009687500654612387,
        0.08282109214671542,
        0.004972625914173253
      ],
      [
        0.6052805836915819,
        0.28990549896593126,
        0.00688172411243563,
        0.011833539445337821,
        0.08128791559808506,
        0.004810738186628303
      ],
      [
        0.5955187955988923,
        0.1913030051017346,
        0.0069669704239557675,
        0.016269861719675396,
        0.1850709880817731,
        0.004870379073968875
      ],
      [
        0.7082095399870267,
        0.1861771812984461,
        0.006989348213048326,
        0.012103939043846039,
        0.08163391728601643,
        0.00488607417161639
      ],
      [
        0.7059805954609597,
        0.18912189076027586,
        0.0068968594445498604,
        0.012850392927401345,
        0.08032879996586582,
        0.00482146144094734
      ],
      [
        0.7258284464578757,
        0.16883975853421979,
        0.0068126690123089875,
        0.012159658510492461,
        0.08159683194893524,
        0.004762635536167894
      ],
      [
        0.5875878469198692,
        0.30548154463051924,
        0.006388342653004439,
        0.015175317013083533,
        0.08090096296954831,
        0.004465985813975292
      ],
      [
        0.723514889026189,
        0.17904373368219267,
        0.006520408892844055,
        0.012188192666807568,
        0.074174440188896,
        0.0045583355430707725
      ],
      [
        0.7257733896069697,
        0.17612226787432622,
        0.006602999788201099,
        0.011472753398354288,
        0.07541255951026317,
        0.004616029821885533
      ],
      [
        0.7054752987657323,
        0.18903699115871347,
        0.006896810167589686,
        0.012836911084807523,
        0.08093257665916975,
        0.004821412163987166
      ],
      [
        0.7066465665528685,
        0.19172187988340691,
        0.006881989815921132,
        0.011906234119592674,
        0.07803232573809693,
        0.004811003890113805
      ],
      [
        0.19802956278184694,
        0.1403083863549404,
        0.00711723413617924,
        0.015114882576408434,
        0.6338837843050179,
        0.005546149845607156
      ],
      [
        0.18791688787077038,
        0.12497154125643535,
        0.006869302492147797,
        0.010352087391213249,
        0.6645191700044064,
        0.005371010985026774
      ],
      [
        0.676655643023531,
        0.23276395925082602,
        0.0064982212839511284,
        0.012387511100862407,
        0.06715196051901275,
        0.004542704821816708
      ],
      [
        0.7710023212574519,
        0.13934422301149404,
        0.006498264470087288,
        0.01221310096409442,
        0.06639934228891943,
        0.0045427480079528685
      ],
      [
        0.7749304860326518,
        0.13786125407345268,
        0.006431709098274017,
        0.012123947053921703,
        0.06415634286515139,
        0.004496260876548397
      ],
      [
        0.7741529458766546,
        0.13713594658937842,
        0.006701381097570964,
        0.009790244340722842,
        0.06753473663804947,
        0.004684745457623691
      ],
      [
        0.7716633172716346,
        0.13955183253305134,
        0.00646133703563951,
        0.012253765583622437,
        0.06555280134400719,
        0.004516946232044886
      ],
      [
        0.7907482694998861,
        0.1260335681284508,
        0.0062129113376598296,
        0.012208685505166702,
        0.06045326116756189,
        0.004343304361274724
      ],
      [
        0.7867801766930329,
        0.10001406970028066,
        0.04135213111674744,
        0.011944899918321589,
        0.0557940509323413,
        0.004114671639276143
      ],
      [
        0.939198536900621,
        0.02383478788298078,
        0.0026428595086886975,
        0.0027461937200763255,
        0.027685961784469876,
        0.00389166020316322
      ]
    ],
    [
      [
        0.924195395830613,
        0.02971617077663898,
        0.0032950016121157037,
        0.0034238341860718877,
        0.03451764591076016,
        0.004851951683800141
      ],
      [
        0.7244028871972956,
        0.1323247469182015,
        0.06261283608237389,
        0.011403687229635076,
        0.0642988945779006,
        0.0049569479945932825
      ],
      [
        0.6171267859328843,
        0.29249665816883147,
        0.007115200648448144,
        0.016909190488296987,
        0.0613778793803844,
        0.0049742853811546375
      ],
      [
        0.606347298833186,
        0.28611344359553387,
        0.015157039703744145,
        0.011106686789596936,
        0.07534935186425067,
        0.005926179213688359
      ],
      [
        0.7424746726413071,
        0.11519583393567746,
        0.06729663607599275,
        0.009825360467611151,
        0.060478889912592065,
        0.0047286069668195365
      ],
      [
        0.9186999820681481,
        0.03187042849809344,
        0.0035338709711074546,
        0.0036720431928031158,
        0.03701998397405273,
        0.005203691295795083
      ],
      [
        0.6569144613407889,
        0.1258244199125945,
        0.1337762735903745,
        0.010881939050158135,
        0.06752387676104125,
        0.005079029345042757
      ],
      [
        0.19064804102825078,
        0.25310922611697134,
        0.007652412037077366,
        0.011165911138494184,
        0.531490758415657,
        0.005933651263549426
      ],
      [
        0.7679415901744161,
        0.1438890171070056,
        0.006959911824971449,
        0.009799419767185636,
        0.06654456517914045,
        0.004865495947280737
      ],
      [
        0.1903922176510482,
        0.25389967753874665,
        0.0074893338961610715,
        0.01105431530889687,
        0.5313405607591368,
        0.005823894846010428
      ],
      [
        0.7147456301059739,
        0.17738639802216188,
        0.006912223195956575,
        0.012749478196156797,
        0.08337403292595594,
        0.00483223755379495
      ],
      [
        0.19195261474411468,
        0.15441984544081624,
        0.007569349512568915,
        0.013937733665825758,
        0.6261942960586708,
        0.005926160578003535
      ],
      [
        0.6291387010612647,
        0.2672928325285551,
        0.006823581175890594,
        0.011600883115683108,
        0.08037370701616038,
        0.004770295102446199
      ],
      [
        0.7539508911115096,
        0.1480793289713777,
        0.006482294076836253,
        0.012421567959369533,
        0.07453422792454416,
        0.004531689956362762
      ],
      [
        0.6522520921950661,
        0.24570683742836844,
        0.006430622495517095,
        0.011822909600930494,
        0.079292023341089,
        0.004495514939028992
      ],
      [
        0.759152853784907,
        0.14751598183945996,
        0.006753367427966297,
        0.010631797415402695,
        0.07122490273927688,
        0.0047210967929871865
      ],
      [
        0.7706425116806297,
        0.13499532449619273,
        0.006858856943318028,
        0.010598752584077567,
        0.07210977585896813,
        0.004794778436813898
      ],
      [
        0.7535425049942794,
        0.13935012841437736,
        0.007060140652034104,
        0.011192526859398052,
        0.08391927121102553,
        0.004935427868885547
      ],
      [
        0.19844859951411067,
        0.2961402077689917,
        0.007353933097400934,
        0.011227208607893797,
        0.4810914404725931,
        0.005738610539009777
      ],
      [
        0.18982612031441676,
        0.17637436989782768,
        0.007219191864029345,
        0.013141702247802313,
        0.6078130146241663,
        0.005625601051757567
      ],
      [
        0.19361942578108313,
        0.1559947755882722,
        0.00719652137707269,
        0.014325853382422276,
        0.623239988964503,
        0.00562343490664675
      ],
      [
        0.6087161640832774,
        0.2761172159836728,
        0.007225370425391992,
        0.013580486341181903,
        0.08930974518016416,
        0.005051017986311774
      ],
      [
        0.3401080223097998,
        0.32970975717820417,
        0.007507179726820408,
        0.030639977254477282,
        0.28525739445202514,
        0.00677766907867327
      ],
      [
        0.5950358356392855,
        0.294712958613274,
        0.007120930372916638,
        0.016040428780624463,
        0.08211178670728059,
        0.004978059886618799
      ],
      [
        0.18812972112342077,
        0.15893355443589435,
        0.006966145102320924,
        0.01387403119558276,
        0.6266196683644653,
        0.005476879778315915
      ],
      [
        0.6418915549260068,
        0.17613613060586727,
        0.00642863512453494,
        0.01289394511819382,
        0.15815562229365454,
        0.00449411193174269
      ],
      [
        0.7332852163913338,
        0.14474097863126184,
        0.007348633261782802,
        0.03288978327209152,
        0.07659813199185893,
        0.005137256451671116
      ],
      [
        0.31433935397593227,
        0.5092358286047212,
        0.006861501915913677,
        0.027870696147413842,
        0.13542387728042052,
        0.0062687420755985395
      ],
      [
        0.5923059663471426,
        0.19475609575618116,
        0.007179584463784862,
        0.01610374207767813,
        0.18463553293709267,
        0.005019078418120496
      ],
      [
        0.6953022274009538,
        0.18636641897380235,
        0.0069718544381232464,
        0.015703701235795717,
        0.09078201366540968,
        0.00487378428591517
      ],
      [
        0.18324325388617693,
        0.16219303719950837,
        0.007128093400874272,
        0.13542389299473437,
        0.5064424404546737,
        0.0055692820640323
      ],
      [
        0.6335611069488771,
        0.15537315781607897,
        0.007123800694035773,
        0.010489876884200458,
        0.18847204834797762,
        0.004980009308830132
      ],
      [
        0.1895793927366258,
        0.1712834896237854,
        0.007054551105064435,
        0.011034555831910552,
        0.6155083627459798,
        0.005539647956634063
      ],
      [
        0.6604940333401393,
        0.24404044646976536,
        0.006753189225278411,
        0.010583042366809025,
        0.07340837000770854,
        0.004720918590299301
      ],
      [
        0.7638341497621247,
        0.14350921971627192,
        0.00666553083114804,
        0.010481280990526436,
        0.070850139635691,
        0.004659679064237817
      ],
      [
        0.6862626452044988,
        0.220481998336899,
        0.006705430169256371,
        0.010338889027481415,
        0.07152353912244926,
        0.0046874981394152545
      ],
      [
        0.17504801968466693,
        0.13179711119607573,
        0.006617405745442669,
        0.009954422058440177,
        0.6713991261759307,
        0.0051839151394439155
      ],
      [
        0.769891655183265,
        0.13632716276886264,
        0.006509406149960366,
        0.013216842678220386,
        0.06950440074835189,
        0.004550532471339721
      ],
      [
        0.7906163041423382,
        0.10336014778762015,
        0.03161399421484388,
        0.01110425183943705,
        0.05891533353705086,
        0.004389968478709937
      ],
      [
        0.9352367531114961,
        0.02538784715883541,
        0.002815066515308648,
        0.0029251339166997533,
        0.02948996104686862,
        0.004145238250791354
      ]
    ],
    [
      [
        0.9237361841188501,
        0.02989618640760107,
        0.003314962185053736,
        0.003444575205362295,
        0.034726748081246955,
        0.004881344001885871
      ],
      [
        0.19638204676047974,
        0.12324325948642773,
        0.0458835776556135,
        0.011319420472104743,
        0.6176253809224219,
        0.005546314702952291
      ],
      [
        0.7571691376095193,
        0.14039142128988394,
        0.0140300522013336,
        0.010448162071395218,
        0.07244061217817238,
        0.00552061464969556
      ],
      [
        0.7423179283094913,
        0.12275431665034807,
        0.03007511539220869,
        0.011010641585869143,
        0.0881081758634252,
        0.005733822198657556
      ],
      [
        0.9106805394235407,
        0.035014131044552435,
        0.0038824523895026487,
        0.0040342539342311185,
        0.04067163923485548,
        0.005716983973317637
      ],
      [
        0.9340138037716665,
        0.0258672556569307,
        0.0028682245007691357,
        0.0029803703473021245,
        0.030046831341774567,
        0.004223514381556833
      ],
      [
        0.7292314922546204,
        0.13808051873796445,
        0.034775768848659724,
        0.009997730676193091,
        0.08258647569034362,
        0.005328013792218699
      ],
      [
        0.16809469316871892,
        0.2580060438194289,
        0.006713002439312717,
        0.01003236656557095,
        0.5519154309918163,
        0.0052384630151521795
      ],
      [
