[
  [
    [
      0.9874188556948202,
      0.005176423899490293,
      0.0006600762784181082,
      0.0007459343209870163,
      0.005325990263109495,
      0.0006727195431748357
    ],
    [
      0.981125766718395,
      0.00750611724144035,
      0.000977080823209739,
      0.0011121976721537594,
      0.008252997277571108,
      0.0010258402672299748
    ],
    [
      0.983533006334724,
      0.006578086808421985,
      0.0008537424304559293,
      0.0009708032311072612,
      0.0071652041771459824,
      0.0008991570181449055
    ],
    [
      0.983788997464449,
      0.0064690635924066105,
      0.0008400384868508164,
      0.0009553965966910829,
      0.0070583024718115835,
      0.000888201387790956
    ],
    [
      0.983788997464449,
      0.0064690635924066105,
      0.0008400384868508164,
      0.0009553965966910829,
      0.0070583024718115835,
      0.000888201387790956
    ],
    [
      0.9859564048663072,
      0.0057637831719154625,
      0.0007371680262151013,
      0.000833937034404678,
      0.005988663908168182,
      0.0007200429929892724
    ],
    [
      0.9857032350376316,
      0.005857349902002183,
      0.000749935737081808,
      0.0008487022662475843,
      0.00610717652590171,
      0.0007336005311351932
    ],
    [
      0.9878765788975801,
      0.004956376701124566,
      0.0006349600681458425,
      0.0007187362384978242,
      0.005177850146070926,
      0.0006354979485808499
    ],
    [
      0.9873023822696585,
      0.005183033790609581,
      0.0006646992714722598,
      0.0007526806381176409,
      0.005433308108045452,
      0.0006638959220966337
    ],
    [
      0.9878765788975801,
      0.004956376701124566,
      0.0006349600681458425,
      0.0007187362384978242,
      0.005177850146070926,
      0.0006354979485808499
    ],
    [
      0.9863679730640511,
      0.005592186068554461,
      0.0007153461527867409,
      0.0008093006761943442,
      0.005813690430367387,
      0.0007015036080459497
    ],
    [
      0.9860063511037943,
      0.005746346263800212,
      0.0007347040392132068,
      0.0008310557148845333,
      0.005964327959037165,
      0.0007172149192706501
    ],
    [
      0.982294625050516,
      0.007099079082177514,
      0.0009196869340444801,
      0.0010451279229778151,
      0.007688212689083411,
      0.0009532683212007478
    ],
    [
      0.9841434296662869,
      0.00659957629194887,
      0.0007638894429681183,
      0.0009581579558297082,
      0.00668031213006594,
      0.0008546345129005392
    ],
    [
      0.9842249088150146,
      0.006564586375391833,
      0.0007638857397365368,
      0.0009529793349858833,
      0.006642889334176427,
      0.0008507504006947132
    ],
    [
      0.98750233509793,
      0.005142947003535911,
      0.000655719709054341,
      0.0007409757557729521,
      0.0052892131857869345,
      0.0006688092479199576
    ],
    [
      0.987054389951267,
      0.005328820447474405,
      0.0006930590864541645,
      0.0007668061788432254,
      0.0054639000485083725,
      0.0006930242874527794
    ],
    [
      0.9876317139724657,
      0.0050869528203799025,
      0.0006847028378660421,
      0.0007310952756937165,
      0.005200171791219338,
      0.0006653633023752919
    ],
    [
      0.9876317139724657,
      0.0050869528203799025,
      0.0006847028378660421,
      0.0007310952756937165,
      0.005200171791219338,
      0.0006653633023752919
    ],
    [
      0.9873053831854455,
      0.005223743566228999,
      0.0006894620683438231,
      0.0007512828447788767,
      0.0053491681206966225,
      0.0006809602145062038
    ],
    [
      0.9834034490682709,
      0.006616679728115044,
      0.0008597376499538296,
      0.0009780106960982156,
      0.007233471059393256,
      0.0009086517981687046
    ],
    [
      0.9841240453069984,
      0.0063352723398913905,
      0.0008226069467078043,
      0.0009355482970196722,
      0.00691077946372831,
      0.0008717476456544493
    ],
    [
      0.9872871297639398,
      0.005231389157623796,
      0.0006897255086400478,
      0.0007524118826210194,
      0.0053575080925940205,
      0.0006818355945812988
    ],
    [
      0.9876955896181552,
      0.00506015418844966,
      0.0006837602068788705,
      0.0007271431404673592,
      0.005171030632493476,
      0.0006623222135554648
    ],
    [
      0.9872609043951416,
      0.005242372787149323,
      0.0006901034935116531,
      0.000754033983680457,
      0.005369491509799796,
      0.0006830938307171826
    ],
    [
      0.9849975936535813,
      0.006232220680105406,
      0.0007638505525316781,
      0.0009038353244371286,
      0.006288373252007337,
      0.0008141265373371677
    ],
    [
      0.9849003284079392,
      0.006272106298446462,
      0.0007658951406950611,
      0.0009098025669106336,
      0.006332334078038621,
      0.0008195335079701366
    ],
    [
      0.9845784178713461,
      0.006412650476701892,
      0.000763869656828996,
      0.0009305032630459911,
      0.006480611451785436,
      0.0008339472802915115
    ],
    [
      0.9876317139724657,
      0.0050869528203799025,
      0.0006847028378660421,
      0.0007310952756937165,
      0.005200171791219338,
      0.0006653633023752919
    ],
    [
      0.9833143881068205,
      0.006651421971641322,
      0.0008643243823974109,
      0.0009832570679109177,
      0.007273379795558796,
      0.0009132286756711089
    ],
    [
      0.9808979727341655,
      0.007645787265083817,
      0.000991734148953663,
      0.0011274859632553653,
      0.00831276018815968,
      0.0010242597003819885
    ],
    [
      0.9828696771808138,
      0.00708081840469206,
      0.0009025312254537743,
      0.0010197708318887794,
      0.007275156306404797,
      0.0008520460507469086
    ],
    [
      0.9816534956766754,
      0.007584917484996585,
      0.0009669038569139318,
      0.0010925536372326764,
      0.007796266822355303,
      0.0009058625218262261
    ],
    [
      0.9807101751087037,
      0.007727255690638683,
      0.0010018790385269882,
      0.001138852335500022,
      0.00839010423267691,
      0.0010317335939536662
    ],
    [
      0.982853532076401,
      0.006831946456862679,
      0.0008881007316395292,
      0.0010104307109073997,
      0.007479239241392602,
      0.0009367507827967811
    ],
    [
      0.9878260081884653,
      0.005008314349554572,
      0.0006499109057591248,
      0.0007210485877699251,
      0.0051415597074064194,
      0.0006531582610446765
    ],
    [
      0.9885148431274053,
      0.004719921943652414,
      0.0006400329913615735,
      0.0006784452964417905,
      0.004826699689833158,
      0.0006200569513056538
    ],
    [
      0.98665752597784,
      0.00549403823876593,
      0.0007002762601676424,
      0.0007912420827645459,
      0.0056447806861857274,
      0.0007121367542761852
    ],
    [
      0.9860660860632121,
      0.00560355945738441,
      0.0007244670628583772,
      0.0008226964032234557,
      0.006029361173871135,
      0.0007538298394505247
    ],
    [
      0.9867560007493205,
      0.0054535905007701314,
      0.0006972648125639433,
      0.000785256750451539,
      0.0056004452839644005,
      0.0007074419029295596
    ]
  ],
  [
    [
      0.9860197897702279,
      0.005730322613225688,
      0.0007334232005062294,
      0.0008299152525598077,
      0.005968115057425422,
      0.000718434106054964
    ],
    [
      0.7763227320851829,
      0.14830895993678708,
      0.01494089202666453,
      0.01630712011221868,
      0.043356993690488364,
      0.0007633021486585492
    ],
    [
      0.7114137716794956,
      0.11449942534264194,
      0.11434002685279386,
      0.014880624912096454,
      0.043626031647981955,
      0.001240119564990164
    ],
    [
      0.7160359230349875,
      0.15711855745690398,
      0.062123514850567496,
      0.016643136766246756,
      0.046668027028609047,
      0.0014108408626851846
    ],
    [
      0.770858668628248,
      0.15189775766468175,
      0.015509109313438714,
      0.016586183534856067,
      0.044329925299482986,
      0.0008183555592925113
    ],
    [
      0.6997917451115775,
      0.14886897932868126,
      0.07621563439852064,
      0.019979795924151906,
      0.05441048185429524,
      0.0007333633827734077
    ],
    [
      0.7760411631474692,
      0.1470590729123506,
      0.01696623181835976,
      0.016304820411643328,
      0.04287097188190026,
      0.0007577398282768828
    ],
    [
      0.7799014760364148,
      0.13641654681192394,
      0.0258444761229162,
      0.01608461985569195,
      0.04107770892663403,
      0.0006751722464191619
    ],
    [
      0.10626447721029243,
      0.026665795863628394,
      0.0036254808893679095,
      0.0041880286134274546,
      0.03343870813214882,
      0.825817509291135
    ],
    [
      0.7820207180148993,
      0.14168218662044327,
      0.01759981734462038,
      0.015785174724381557,
      0.04215247699098992,
      0.0007596263046654929
    ],
    [
      0.7062943157182018,
      0.18821179417555808,
      0.035455986542182745,
      0.018535152097147362,
      0.05028012091929661,
      0.0012226305476135163
    ],
    [
      0.1414644736451821,
      0.13236302812461584,
      0.15250228036085584,
      0.019833212555265375,
      0.5520210561166188,
      0.001815949197462099
    ],
    [
      0.7124362262226026,
      0.11637208497410007,
      0.10717775873192945,
      0.01461130805096146,
      0.04794600815254271,
      0.0014566138678638028
    ],
    [
      0.09063966593004204,
      0.12311625518783142,
      0.021460675625658558,
      0.014051045619767409,
      0.7497249502360254,
      0.001007407400675232
    ],
    [
      0.7845600835945647,
      0.14132146060608394,
      0.012651441569010866,
      0.01588064720135432,
      0.044903354263270925,
      0.0006830127657151868
    ],
    [
      0.8055104841271715,
      0.12298826045843486,
      0.022270917451870438,
      0.014274591722355384,
      0.03449915825273025,
      0.0004565879874376106
    ],
    [
      0.8042353974808463,
      0.1248006407989374,
      0.02040901485379603,
      0.014489414395480687,
      0.03557127401658554,
      0.0004942584543539333
    ],
    [
      0.12799111999582213,
      0.09763078614802034,
      0.0202316370816329,
      0.012922130009634276,
      0.7381185552596721,
      0.0031057715052183695
    ],
    [
      0.7909063223485905,
      0.13706468130300256,
      0.0158966579199483,
      0.015434252655030749,
      0.04009480198971672,
      0.0006032837837112516
    ],
    [
      0.8284724636562902,
      0.09136131508271829,
      0.021956447948418844,
      0.011540494780715413,
      0.044623749705023,
      0.002045528826834214
    ],
    [
      0.10703206403533035,
      0.09208500660895094,
      0.022952204886789913,
      0.011703023580876042,
      0.763711466950578,
      0.0025162339374748045
    ],
    [
      0.10819187912904936,
      0.09282887123106599,
      0.023327691672624207,
      0.011846010988372988,
      0.7612818278724378,
      0.0025237191064496956
    ],
    [
      0.8052056770665903,
      0.12418288138968553,
      0.02028670875303949,
      0.014411703038062324,
      0.03543648658845787,
      0.0004765431641645094
    ],
    [
      0.8050624659844066,
      0.12439668728485709,
      0.020290186685427973,
      0.014438956929615944,
      0.035328156560138234,
      0.0004835465555542499
    ],
    [
      0.10980690751562476,
      0.09364989130874112,
      0.023125441568582348,
      0.012012284651021325,
      0.7588328977187337,
      0.0025725772372967404
    ],
    [
      0.8254236848096925,
      0.09377171820007751,
      0.01861572347401423,
      0.011820611591899299,
      0.04827248154527354,
      0.0020957803790429786
    ],
    [
      0.8226413160505963,
      0.09640804384999699,
      0.018611969139534435,
      0.012440261429828214,
      0.04774939318616163,
      0.002149016343882485
    ],
    [
      0.8279357707375007,
      0.0940798351517758,
      0.01921816335303298,
      0.011895763776655124,
      0.04481849489158332,
      0.002051972089452158
    ],
    [
      0.06815743527679508,
      0.09860376794030616,
      0.02307523973386918,
      0.011556362102595807,
      0.7977403679789337,
      0.00086682696750011
    ],
    [
      0.7843187271249014,
      0.1393653213930042,
      0.017947309955720137,
      0.01576177527891464,
      0.04199224173442748,
      0.0006146245130322338
    ],
    [
      0.13711876442608623,
      0.1293784112109067,
      0.10350044084285737,
      0.015822807220937266,
      0.6113277931968913,
      0.0028517831023211694
    ],
    [
      0.1584901937190364,
      0.15306210690145297,
      0.06908907688139262,
      0.023994143203010403,
      0.5924674042739223,
      0.00289707502118542
    ],
    [
      0.14416322610729715,
      0.18520029273548594,
      0.10001532399904092,
      0.0273873994612134,
      0.5412750487603699,
      0.0019587089365927335
    ],
    [
      0.1480666275503486,
      0.18939906479344348,
      0.10502904136340535,
      0.019615858114729642,
      0.5360922788431,
      0.0017971293349729534
    ],
    [
      0.7260022892085514,
      0.12792949821902155,
      0.09278162266833864,
      0.013778308312844361,
      0.03831965788174198,
      0.0011886237095021818
    ],
    [
      0.7851755951970394,
      0.1330272666345752,
      0.025913125612576533,
      0.01576975683727137,
      0.03956335848283099,
      0.0005508972357065371
    ],
    [
      0.8307296449106992,
      0.09207605501209777,
      0.02105459640550327,
      0.011655806721184712,
      0.0424003570638471,
      0.002083539886667992
    ],
    [
      0.8271030262272422,
      0.09387840514056314,
      0.022090465918740882,
      0.011962428047348778,
      0.04280044922183058,
      0.002165225444274287
    ],
    [
      0.06367528886500487,
      0.09558885877847367,
      0.023715716687768888,
      0.01120436854123084,
      0.8049923290776481,
      0.0008234380498736295
    ],
    [
      0.9860660860632121,
      0.00560355945738441,
      0.0007244670628583772,
      0.0008226964032234557,
      0.006029361173871135,
      0.0007538298394505247
    ]
  ],
  [
    [
      0.9806484975927189,
      0.007751372242254045,
      0.0010050590413922145,
      0.001142488150030102,
      0.008417703249392422,
      0.0010348797242123737
    ],
    [
      0.22230939656564766,
      0.1765650361224222,
      0.06800779001822259,
      0.018145649697226585,
      0.5120557388848856,
      0.0029163887115954404
    ],
    [
      0.660246220860855,
      0.24024927995528406,
      0.014044354759533941,
      0.022244180231676167,
      0.062355745549569866,
      0.0008602186430809308
    ],
    [
      0.16470608798225486,
      0.27244830794251773,
      0.004033213811096839,
      0.023186748327177997,
      0.5338699026836619,
      0.0017557392532908168
    ],
    [
      0.16183266815728325,
      0.1914961897601179,
      0.03795304229207548,
      0.07057256195433724,
      0.5354433132318652,
      0.0027022246043208915
    ],
    [
      0.6872964598468618,
      0.2287384262640864,
      0.003745761404594261,
      0.020951333419637404,
      0.058481719474081234,
      0.0007862995907388413
    ],
    [
      0.7710453330531393,
      0.15903565949221052,
      0.007862556485545695,
      0.016966516025991966,
      0.044316947860100736,
      0.0007729870830117632
    ],
    [
      0.11164901232900447,
      0.028016980361642425,
      0.0038091878974246913,
      0.004400240518470232,
      0.035133083364481656,
      0.8169914955289765
    ],
    [
      0.10809306214922748,
      0.027124657319319286,
      0.0036878676805584924,
      0.004260095650760988,
      0.03401411695806237,
      0.8228202002420714
    ],
    [
      0.688108074375855,
      0.21540703893536056,
      0.009549289446953988,
      0.015837902949539528,
      0.06822355190696143,
      0.0028741423853294638
    ],
    [
      0.15088002865917532,
      0.2705675827683405,
      0.002377999313789194,
      0.024469376596546317,
      0.5504440093007423,
      0.0012610033614063874
    ],
    [
      0.6186540845017439,
      0.2847678792742653,
      0.0061159327988656925,
      0.024615819703516728,
      0.06501188251671292,
      0.0008344012048956234
    ],
    [
      0.6582367710978583,
      0.2073418068186253,
      0.01853864684745966,
      0.042974071735537356,
      0.0716625739380066,
      0.0012461295625128587
    ],
    [
      0.1475926842153144,
      0.18599300040675645,
      0.003446357940770065,
      0.04248810304156768,
      0.6185570106706088,
      0.0019228437249826625
    ],
    [
      0.7769302264719121,
      0.15198086379355394,
      0.004092155104994781,
      0.016580038474887895,
      0.04968452902075204,
      0.0007321871338992388
    ],
    [
      0.11840476710547924,
      0.11549032964451932,
      0.007786756645498322,
      0.013328938984622424,
      0.7422639839589695,
      0.0027252236609111467
    ],
    [
      0.8038730776476785,
      0.13870489963039878,
      0.006053653658075865,
      0.014350788530877978,
      0.03649682317932671,
      0.0005207573536421694
    ],
    [
      0.7743870259198853,
      0.15943063747693528,
      0.006384880632196487,
      0.016346777858120956,
      0.04289288816458101,
      0.0005577899482809554
    ],
    [
      0.7659570830468041,
      0.16755723848064102,
      0.006301588121050925,
      0.016867874816741693,
      0.04276843060716201,
      0.0005477849276003457
    ],
    [
      0.776298552625953,
      0.15841955901202684,
      0.006417886869452113,
      0.01616803823741167,
      0.04213947017083205,
      0.0005564930843243381
    ],
    [
      0.7917325611854997,
      0.1469897615832242,
      0.006280736885575974,
      0.01557563128449299,
      0.03886931421377042,
      0.000551994847436722
    ],
    [
      0.8035444339619497,
      0.13855781986601673,
      0.006058799807529726,
      0.01433597879553045,
      0.03698007013649126,
      0.0005228974324821397
    ],
    [
      0.7918063402867117,
      0.1465583780718816,
      0.006265451533645983,
      0.01556127114420167,
      0.039262962329804654,
      0.0005455966337543725
    ],
    [
      0.13744433140918882,
      0.12098084345734467,
      0.0068595201137658535,
      0.014162785384129416,
      0.7172862774731542,
      0.003266242162416995
    ],
    [
      0.7927272048294508,
      0.1463640088260508,
      0.0062613644658517315,
      0.015558936864549488,
      0.038544571486186195,
      0.000543913527911005
    ],
    [
      0.7889151156232457,
      0.14563258261356007,
      0.0036992957289661258,
      0.016566172177000103,
      0.0445424768014425,
      0.0006443570557855947
    ],
    [
      0.7727451384690713,
      0.1578488288747576,
      0.0039662171983491,
      0.01835102517480769,
      0.04638606276079475,
      0.0007027275222195576
    ],
    [
      0.7798145818700726,
      0.15351230481904862,
      0.003758460251435596,
      0.016755332519277206,
      0.04550215684880483,
      0.0006571636913611943
    ],
    [
      0.7660172718001765,
      0.16771106248624584,
      0.006295124514354054,
      0.016874193583785082,
      0.04255724341620858,
      0.0005451041992298002
    ],
    [
      0.7676051660598184,
      0.16493498698480705,
      0.006448859787066191,
      0.017026652561473846,
      0.04341463527720677,
      0.0005696993296276946
    ],
    [
      0.6625781899121432,
      0.23858856515789537,
      0.013915439520125073,
      0.022255371280138426,
      0.06183430700275466,
      0.0008281271269431959
    ],
    [
      0.617946410044411,
      0.2846048376121245,
      0.00656941829380679,
      0.023268950551061384,
      0.06678131004774325,
      0.0008290734508531011
    ],
    [
      0.3632564660954244,
      0.43261869222263466,
      0.0028280740779594235,
      0.04651517253542631,
      0.15353278471073137,
      0.0012488103578238347
    ],
    [
      0.6191777839890552,
      0.28380988139213587,
      0.0065694547881755706,
      0.023278938498915637,
      0.06633483907782524,
      0.0008291022538924343
    ],
    [
      0.7648332512306482,
      0.16498639159517658,
      0.007321352377921285,
      0.017224006597654627,
      0.044992994328440464,
      0.0006420038701589202
    ],
    [
      0.7684223484919497,
      0.16621337146299953,
      0.006372724221940197,
      0.01656175487862736,
      0.04187441086996277,
      0.0005553900745205375
    ],
    [
      0.7811351547433963,
      0.15282288517432352,
      0.006855391608130616,
      0.01617514119469364,
      0.042396782313398676,
      0.0006146449660571953
    ],
    [
      0.7995788785936911,
      0.14277963600518387,
      0.006133096544829183,
      0.015041916602556684,
      0.03593312576671217,
      0.0005333464870269854
    ],
    [
      0.8286217781911027,
      0.0939517256578267,
      0.022090598975970044,
      0.011998864434492584,
      0.04117167958819707,
      0.002165353152410918
    ],
    [
      0.9866099268712446,
      0.0055131464063695014,
      0.0007027615867211236,
      0.000794070303864659,
      0.005665736778630581,
      0.0007143580531695182
    ]
  ],
  [
    [
      0.9838229259390974,
      0.0066920571915623514,
      0.0008524244396821413,
      0.0009629316845130342,
      0.006860974603369562,
      0.0008086861417755589
    ],
    [
      0.23245012989148559,
      0.18214854663079827,
      0.059516136298117146,
      0.02164894119364378,
      0.5011661628900728,
      0.0030700830958825358
    ],
    [
      0.34952066793343234,
      0.45430176516063964,
      0.006272822523686172,
      0.04267421893789255,
      0.14363017741823364,
      0.0036003480261157248
    ],
    [
      0.6123483171168116,
      0.2919652600391136,
      0.005918945908160831,
      0.023615324077519425,
      0.06536437263801864,
      0.000787780220375882
    ],
    [
      0.1743587623597587,
      0.2973474303206627,
      0.003823022470787984,
      0.02223400731270488,
      0.5005722882832723,
      0.0016644892528136065
    ],
    [
      0.3346724800833386,
      0.45585741440216465,
      0.006140391585653332,
      0.04545191605183756,
      0.1543454013161256,
      0.0035323965608803263
    ],
    [
      0.11134254310453816,
      0.027940075586004837,
      0.0037987319261946883,
      0.00438816214651664,
      0.03503664535229311,
      0.8174938418844526
    ],
    [
      0.11305743163194414,
      0.028370406291064354,
      0.0038572396772957717,
      0.004455748252524595,
      0.035576276830775036,
      0.8146828973163961
    ],
    [
      0.10219438023190018,
      0.02564445384962499,
      0.0034866192565775494,
      0.00402762051607994,
      0.03215795290233983,
      0.8324889732434775
    ],
    [
      0.1313762747206735,
      0.1958831825077174,
      0.013866184275758432,
      0.021798187509558184,
      0.6362401885512318,
      0.0008359824350607926
    ],
    [
      0.6557724784686192,
      0.20647935622916463,
      0.018598632523443407,
      0.044618846558844114,
      0.0732601724227856,
      0.001270513797143144
    ],
    [
      0.3644016622282628,
      0.3949927067580154,
      0.0043318582053038365,
      0.07564175131152064,
      0.1585336190932723,
      0.002098402403625111
    ],
    [
      0.6112084021942726,
      0.28942325486982046,
      0.006051584690546384,
      0.02401057926830976,
      0.06850530894558692,
      0.0008008700314637918
    ],
    [
      0.6854503554537151,
      0.22331649514265617,
      0.003065846773239034,
      0.02266773517178978,
      0.06466967725307457,
      0.0008298902055252819
    ],
    [
      0.12259039191779632,
      0.189399030971516,
      0.007383118818286643,
      0.01837871607279094,
      0.6609397695228981,
      0.001308972696711989
    ],
    [
      0.7653272859462198,
      0.1634964862266083,
      0.006652531826156737,
      0.017908024013673245,
      0.04602530540127956,
      0.0005903665860624005
    ],
    [
      0.771598067324358,
      0.16082857758202054,
      0.0063534810664953425,
      0.01647022607479571,
      0.044193868379717643,
      0.0005557795726127432
    ],
    [
      0.7625036471139051,
      0.16709291674446175,
      0.006773076193569486,
      0.01775587551419632,
      0.04526139369753092,
      0.0006130907363365024
    ],
    [
      0.7660900221659296,
      0.16295487105940049,
      0.006824836823963988,
      0.01742411564927991,
      0.04610720154564667,
      0.0005989527557793799
    ],
    [
      0.12583286185276993,
      0.19058169057742397,
      0.01412064984928895,
      0.020257089040796827,
      0.6483901519031035,
      0.0008175567766168744
    ],
    [
      0.7779181782501987,
      0.1548599349927786,
      0.006505072599420169,
      0.016142010194076725,
      0.04399800169155642,
      0.0005768022719694943
    ],
    [
      0.795581836080944,
      0.14304869723718389,
      0.006315193227036522,
      0.015478700057117174,
      0.03901873440658525,
      0.0005568389911332169
    ],
    [
      0.7888699556760216,
      0.14660649176217438,
      0.0067935161717332816,
      0.01525099223004289,
      0.04185598785171238,
      0.0006230563083154817
    ],
    [
      0.12350433864020828,
      0.11657591616748458,
      0.008040677807973653,
      0.013804319048242373,
      0.7352379319639589,
      0.00283681637213219
    ],
    [
      0.7898874393023791,
      0.1467776666885338,
      0.0064161127745256865,
      0.016030523220851287,
      0.0403195328181596,
      0.0005687251955504716
    ],
    [
      0.7864061817884256,
      0.1456891934145732,
      0.003990407204523855,
      0.016144623072214693,
      0.047051619264975295,
      0.0007179752552873623
    ],
    [
      0.7689395410690216,
      0.15788083474088874,
      0.0042651203751203105,
      0.01826880634029581,
      0.04987499709966026,
      0.0007707003750132392
    ],
    [
      0.7577933549101974,
      0.1712023343809537,
      0.003593709878938141,
      0.017664037521996915,
      0.04911394395285378,
      0.0006326193550601532
    ],
    [
      0.1245639419749274,
      0.20609217973584737,
      0.0142724107983099,
      0.021347913169099352,
      0.6329358308035172,
      0.000787723518298727
    ],
    [
      0.7640631452563797,
      0.16743313405581572,
      0.006208954610422469,
      0.01728984255291127,
      0.04446083830456973,
      0.0005440852199011052
    ],
    [
      0.709336394470146,
      0.1998254129768245,
      0.018171047493869504,
      0.018169331857555628,
      0.05336320891983993,
      0.0011346042817645776
    ],
    [
      0.14878651927402697,
      0.2739684641103407,
      0.0018898865328462369,
      0.024109219294169027,
      0.5502148064957183,
      0.001031104292898896
    ],
    [
      0.16290094328068802,
      0.2619311228431044,
      0.0018905382802827816,
      0.02439532289365714,
      0.5478629885617655,
      0.001019084140502173
    ],
    [
      0.6823399876883125,
      0.19613251314339708,
      0.009683259834181862,
      0.020989180771460073,
      0.08971123230733036,
      0.0011438262553181567
    ],
    [
      0.12133968519716595,
      0.1993768774410155,
      0.01303501225616805,
      0.01962242608137969,
      0.6459313095725093,
      0.0006946894517614844
    ],
    [
      0.7786391898034857,
      0.15471846741853898,
      0.00632576825618343,
      0.016302219207139076,
      0.043470062037753464,
      0.000544293276899344
    ],
    [
      0.7996107688292062,
      0.13947598307693976,
      0.006796569825450251,
      0.0147746057376359,
      0.03872946869335362,
      0.0006126038374142928
    ],
    [
      0.8004760830852728,
      0.14064830211118193,
      0.0065873077332680675,
      0.014917558472620596,
      0.03678926822335789,
      0.0005814803742986855
    ],
    [
      0.8299817142982222,
      0.09452837778078502,
      0.02104714190356145,
      0.0120583045789973,
      0.040181269509112646,
      0.0022031919293213566
    ],
    [
      0.9878872882286072,
      0.004982696393759086,
      0.0006490501368052544,
      0.0007172595627279369,
      0.0051135114118913425,
      0.0006501942662093265
    ]
  ],
  [
    [
      0.982120475728506,
      0.00713307137110338,
      0.0009267179232207248,
      0.001054159121791996,
      0.007794887700242986,
      0.0009706881551348493
    ],
    [
      0.650507366947217,
      0.22085949776267405,
      0.04072466470438325,
      0.026562254407588973,
      0.06039909467124841,
      0.000947121506888387
    ],
    [
      0.6156055394148473,
      0.2901121678107534,
      0.005906035256326606,
      0.023707522722511518,
      0.06386172911387347,
      0.0008070056816876873
    ],
    [
      0.6807342797944514,
      0.1921052410600035,
      0.009848823543957061,
      0.02133543876928787,
      0.09472236307977684,
      0.001253853752523324
    ],
    [
      0.7669763701064136,
      0.16087950018355357,
      0.007841750260978995,
      0.01657140635980465,
      0.04694747731576622,
      0.000783495773482954
    ],
    [
      0.11586761322920354,
      0.029075587653448986,
      0.003953116116384211,
      0.004566501358804496,
      0.03646056897332361,
      0.8100766126688351
    ],
    [
      0.766123296946178,
      0.16012467505845368,
      0.007997296220242311,
      0.0166573485996754,
      0.048288466230965804,
      0.0008089169444848059
    ],
    [
      0.11094735051741872,
      0.027840906746787842,
      0.0037852489334784492,
      0.004372587065303046,
      0.03491228837126243,
      0.8181416183657495
    ],
    [
      0.1386190595268993,
      0.03478479018757577,
      0.004729339139573256,
      0.00546316702350302,
      0.04361986615621343,
      0.7727837779662353
    ],
    [
      0.10809384792525792,
      0.13010615142295157,
      0.036256167897896235,
      0.016769733506672112,
      0.7073760872016773,
      0.001398012045544808
    ],
    [
      0.7673749433671552,
      0.15877281179805067,
      0.007943352036249718,
      0.01676186192699529,
      0.04836169536755977,
      0.0007853355039892584
    ],
    [
      0.6197727026985649,
      0.2814954857006222,
      0.006659397096638223,
      0.022559356355485918,
      0.06861310254568831,
      0.0008999556030005488
    ],
    [
      0.7657801284674246,
      0.1579433641156458,
      0.007780329813079299,
      0.016531658725707245,
      0.051207576868143916,
      0.0007569420099991528
    ],
    [
      0.14883787295999532,
      0.1792999209387413,
      0.003408317441079259,
      0.04403223470152369,
      0.6224984559217415,
      0.0019231980369189112
    ],
    [
      0.7713862691772725,
      0.15428546597349063,
      0.003969256363798848,
      0.017614170233657564,
      0.05202869971076452,
      0.0007161385410159005
    ],
    [
      0.08036978696460187,
      0.11342432291586864,
      0.02400417356405952,
      0.01373778461417321,
      0.767385391228298,
      0.0010785407129987798
    ],
    [
      0.7614465803928393,
      0.16770579231543709,
      0.006537527342705187,
      0.018142743408908393,
      0.04559209649244279,
      0.0005752600476673291
    ],
    [
      0.7096452836019912,
      0.20096745232863047,
      0.018580298248491625,
      0.01835498582642213,
      0.05135943354438576,
      0.0010925464500788288
    ],
    [
      0.6259962787761715,
      0.2770155680427986,
      0.005879958150825777,
      0.023759772855023953,
      0.06663445043924296,
      0.0007139717359371928
    ],
    [
      0.680092295540764,
      0.18954882790300057,
      0.007629377349740404,
      0.016285507568044415,
      0.10387231329304328,
      0.002571678345407393
    ],
    [
      0.7619810831510007,
      0.16722380922420302,
      0.006530446015569845,
      0.018142405356195896,
      0.04554995904226185,
      0.0005722972107687719
    ],
    [
      0.7748005567794959,
      0.15595152991139022,
      0.006267039405618371,
      0.01727405432581746,
      0.04515521611498813,
      0.0005516034626899392
    ],
    [
      0.12838398665191394,
      0.11345927116452897,
      0.008945678252046226,
      0.014178072878377294,
      0.7320506610131776,
      0.002982330039955892
    ],
    [
      0.07264946480423222,
      0.10957294345234408,
      0.01445787274795022,
      0.012086224100650203,
      0.7902186032960499,
      0.0010148915987734945
    ],
    [
      0.7916635844354405,
      0.1443047809441368,
      0.006321965135093118,
      0.01594365871969433,
      0.04120617116480249,
      0.0005598396008327308
    ],
    [
      0.77574043769065,
      0.15199023786448815,
      0.004024057551954513,
      0.01758271409460106,
      0.04992103454994325,
      0.0007415182483630581
    ],
    [
      0.7324642253615886,
      0.18924882906753737,
      0.003413974841582995,
      0.018439426749414754,
      0.055592950409417245,
      0.0008405935704589866
    ],
    [
      0.7512282872863654,
      0.17142209586560847,
      0.003911805988521444,
      0.017279611720576536,
      0.05546200466525761,
      0.0006961944736705344
    ],
    [
      0.15024659532485019,
      0.28735803189454645,
      0.002717764499244415,
      0.02436292162503676,
      0.5340309591840647,
      0.0012837274722574457
    ],
    [
      0.7644672490073581,
      0.16252236706218923,
      0.007709557674413142,
      0.01650306815307656,
      0.04811201362148428,
      0.000685744481478683
    ],
    [
      0.7603105101681323,
      0.16802175237434006,
      0.006295845892154753,
      0.017780995140407693,
      0.047017116915418176,
      0.0005737795095470615
    ],
    [
      0.7609150590933931,
      0.16762109758685914,
      0.00653747581885284,
      0.018128640619539962,
      0.04622250834938408,
      0.0005752185319709725
    ],
    [
      0.768919321337672,
      0.15769744837487404,
      0.007791159620058536,
      0.01648330873270243,
      0.04839379175621196,
      0.0007149701784809764
    ],
    [
      0.08872592673132686,
      0.1374468134881964,
      0.014132064224662564,
      0.0157781491950053,
      0.7429718117217216,
      0.0009452346390873925
    ],
    [
      0.07409673380385864,
      0.11183723793477082,
      0.014472006310329764,
      0.01233400667751902,
      0.7862559191521235,
      0.0010040961213982499
    ],
    [
      0.7929081573183963,
      0.1440591185540222,
      0.006304752585874563,
      0.01592540227206177,
      0.04024990602476503,
      0.0005526632448800351
    ],
    [
      0.7992964555874034,
      0.13956227197715468,
      0.006798636920539973,
      0.0147739549512187,
      0.03895522661076595,
      0.0006134539529173065
    ],
    [
      0.8003506603179308,
      0.1406702586570773,
      0.006596825705659841,
      0.01493586368764789,
      0.036860969077370166,
      0.0005854225543140933
    ],
    [
      0.8281373667227077,
      0.09525671479982117,
      0.022235649051295672,
      0.012232438850617066,
      0.03996934654037708,
      0.0021684840351813652
    ],
    [
      0.9882007696286754,
      0.004851531164019662,
      0.0006445922611640794,
      0.0006978734334777014,
      0.00497014336199655,
      0.000635090150666564
    ]
  ],
  [
    [
      0.9824612406091991,
      0.006984720571891074,
      0.0009082880147275193,
      0.0010335281334579165,
      0.007655204910666499,
      0.0009570177600578254
    ],
    [
      0.7252084173850721,
      0.14848906525741115,
      0.055903702125366474,
      0.018634234164993824,
      0.051068622532516386,
      0.0006959585346400551
    ],
    [
      0.7605888707717493,
      0.16639784053539938,
      0.0076048940567347,
      0.017456443929592586,
      0.04718943396569838,
      0.0007625167408257067
    ],
    [
      0.6616968112305167,
      0.23000735893138324,
      0.016516820311602554,
      0.021854145064530497,
      0.06915138533446037,
      0.0007734791275066331
    ],
    [
      0.6490313152376074,
      0.2552134202215614,
      0.0019620937718908497,
      0.023277608462146836,
      0.0697182630338853,
      0.0007972992729083622
    ],
    [
      0.08807840812568125,
      0.022102219977282102,
      0.003005017234439239,
      0.0034712907185861187,
      0.027716018178214633,
      0.8556270457657967
    ],
    [
      0.12428433449924775,
      0.18697167260693687,
      0.01232308735120402,
      0.021377295461743856,
      0.6543496052907565,
      0.0006940047901110253
    ],
    [
      0.07368548588524579,
      0.11235691191807787,
      0.014319428509533215,
      0.012363332010830935,
      0.7863046060826377,
      0.0009702355936744288
    ],
    [
      0.7966859107556552,
      0.140625090778098,
      0.005980185274993978,
      0.015905106772725653,
      0.04026524868637718,
      0.0005384577321499923
    ],
    [
      0.7735258388325847,
      0.15549389802502564,
      0.00581489915223014,
      0.017521381066432997,
      0.04713919814173101,
      0.0005047847819953161
    ],
    [
      0.7658102952073795,
      0.16140956116429708,
      0.005739244218989928,
      0.01785105113049941,
      0.04869468732626965,
      0.0004951609525643515
    ],
    [
      0.7582544915634033,
      0.16605420608508215,
      0.006100237427026207,
      0.018229146584235852,
      0.050831095353976286,
      0.0005308229862762964
    ],
    [
      0.7642337865378073,
      0.1637660654502595,
      0.005569870545995172,
      0.01822301554176324,
      0.04777149495343252,
      0.0004357669707423168
    ],
    [
      0.7666842149615708,
      0.15976970913948751,
      0.0032301776171324336,
      0.017873690109016755,
      0.05189288853600387,
      0.0005493196367886105
    ],
    [
      0.76621356227305,
      0.1623547058628592,
      0.0033125785283290277,
      0.01710501327417723,
      0.050461649236835146,
      0.0005524908247494252
    ],
    [
      0.13079109774029474,
      0.19741978700466856,
      0.01238068941984249,
      0.022331447015118383,
      0.6364941900059414,
      0.0005827888141345149
    ],
    [
      0.7569238625805863,
      0.1681669012230304,
      0.006132272164847075,
      0.018389332033915497,
      0.04989181340833343,
      0.0004958185892873185
    ],
    [
      0.6272989749862343,
      0.27645140390178596,
      0.005515069530615701,
      0.023646176247187654,
      0.06644867972912571,
      0.0006396956050507053
    ],
    [
      0.389834909993877,
      0.39206123175412005,
      0.017457346442647736,
      0.03700539998449428,
      0.16227719065296362,
      0.001363921171897416
    ],
    [
      0.6673153346944237,
      0.22932535307847934,
      0.014223039598619288,
      0.023315906671532525,
      0.06517812865035094,
      0.0006422373065942153
    ],
    [
      0.7581765882508685,
      0.16769979680823485,
      0.005954187221951228,
      0.018055984281158757,
      0.04964283971798628,
      0.0004706037198003296
    ],
    [
      0.11471099760644249,
      0.11680680901053864,
      0.007708435673411621,
      0.014856326536050828,
      0.7436016929445115,
      0.002315738229044941
    ],
    [
      0.7768837295087079,
      0.15275387677400587,
      0.006002843296027621,
      0.01749000243570223,
      0.046376509508267355,
      0.0004930384772891125
    ],
    [
      0.8009764814126488,
      0.13793623399074317,
      0.00600260451189496,
      0.015531438889777155,
      0.039064382003332274,
      0.0004888591916036745
    ],
    [
      0.7763570711837664,
      0.15483771937867674,
      0.005665642103112444,
      0.017534795377639505,
      0.045162029638180466,
      0.00044274231862443975
    ],
    [
      0.758739756668373,
      0.16951336633787173,
      0.0029814950945320036,
      0.01798764575722191,
      0.05029552621054399,
