[
  [
    [
      0.9865828791021534,
      0.005524002524453152,
      0.0007041737302984223,
      0.0007956773286886386,
      0.005677646224939789,
      0.0007156210894666763
    ],
    [
      0.9857819480558753,
      0.005714731774500314,
      0.0007391212922745602,
      0.0008394492058861532,
      0.0061564559387484435,
      0.0007682937327153024
    ],
    [
      0.9868456012526947,
      0.0054161412958258276,
      0.000696009886382876,
      0.0007797168631431617,
      0.005559426656880239,
      0.0007031040450732531
    ],
    [
      0.988120600744513,
      0.004885093463981934,
      0.0006457410515055579,
      0.0007028316968031603,
      0.005006789560846925,
      0.0006389434823494023
    ],
    [
      0.9885148431274053,
      0.004719921943652414,
      0.0006400329913615735,
      0.0006784452964417905,
      0.004826699689833158,
      0.0006200569513056538
    ],
    [
      0.9885148431274053,
      0.004719921943652414,
      0.0006400329913615735,
      0.0006784452964417905,
      0.004826699689833158,
      0.0006200569513056538
    ],
    [
      0.9876809830605843,
      0.00506891272538246,
      0.0006519342650123563,
      0.0007300148847256546,
      0.005207967534182704,
      0.0006601875301126087
    ],
    [
      0.9871769451103887,
      0.005277527852184194,
      0.0006913095635626679,
      0.0007592268301761039,
      0.005407864317843641,
      0.0006871263258447447
    ],
    [
      0.9865828791021534,
      0.005524002524453152,
      0.0007041737302984223,
      0.0007956773286886386,
      0.005677646224939789,
      0.0007156210894666763
    ],
    [
      0.9833143881068205,
      0.006651421971641322,
      0.0008643243823974109,
      0.0009832570679109177,
      0.007273379795558796,
      0.0009132286756711089
    ],
    [
      0.9839719725568735,
      0.006395519994704457,
      0.000830491818121001,
      0.000944540244383249,
      0.006978148258299552,
      0.0008793271276182216
    ],
    [
      0.9836719912970133,
      0.006526985328658324,
      0.0008467600154689872,
      0.0009627249005889559,
      0.0071002304498665675,
      0.0008913080084038461
    ],
    [
      0.9825246784002679,
      0.0069622560664339824,
      0.0009051514722723856,
      0.0010298741116926023,
      0.0076248596301058845,
      0.0009531803192273414
    ],
    [
      0.9780417653233083,
      0.00892633171322783,
      0.0010508403022020934,
      0.0013178207504120738,
      0.009479794593838185,
      0.0011834473170115032
    ],
    [
      0.9766137758553335,
      0.009578194691089713,
      0.00111576364086228,
      0.0014079451401008717,
      0.010047821346988818,
      0.0012364993256248629
    ],
    [
      0.9851849730620472,
      0.006069712138396304,
      0.0007772115099539602,
      0.0008796048802843512,
      0.006330892218220949,
      0.0007576061910972389
    ],
    [
      0.9858680842770563,
      0.005792041981030139,
      0.000741382940352401,
      0.0008389463905492185,
      0.0060339986788397245,
      0.0007255457321722384
    ],
    [
      0.9878765788975801,
      0.004956376701124566,
      0.0006349600681458425,
      0.0007187362384978242,
      0.005177850146070926,
      0.0006354979485808499
    ],
    [
      0.9880928647820864,
      0.004875645713947472,
      0.0006240263023294776,
      0.0007061228907208896,
      0.0050777874417476145,
      0.0006235528691682889
    ],
    [
      0.9852877515861354,
      0.005907818271193308,
      0.0007645919560184066,
      0.0008685747744936826,
      0.006377698913895653,
      0.0007935644982636208
    ],
    [
      0.9866787001685033,
      0.005485536686023245,
      0.0006991705893016952,
      0.000789983902129127,
      0.00563545945160188,
      0.0007111492024407508
    ],
    [
      0.9840244561975258,
      0.006377030353213603,
      0.0008279006861143647,
      0.0009415180984977847,
      0.006952917826743384,
      0.0008761768379050538
    ],
    [
      0.983533006334724,
      0.006578086808421985,
      0.0008537424304559293,
      0.0009708032311072612,
      0.0071652041771459824,
      0.0008991570181449055
    ],
    [
      0.9827999516015391,
      0.0068550145502333844,
      0.0008909834863741657,
      0.0010136647617793885,
      0.007501410483542163,
      0.0009389751165318186
    ],
    [
      0.9820664916176061,
      0.007154116094093261,
      0.0009294972682512226,
      0.0010573385598483971,
      0.007819088119530075,
      0.0009734683406709963
    ],
    [
      0.9764324778262352,
      0.009650953914290553,
      0.0011245984264100853,
      0.0014188260986818602,
      0.01012792374236598,
      0.0012452199920163541
    ],
    [
      0.9761838873400337,
      0.0097281810146897,
      0.0011380227419843607,
      0.001432468559210662,
      0.01025550106046548,
      0.0012619392836161027
    ],
    [
      0.9783436107435387,
      0.008787932491754727,
      0.0010371676725531849,
      0.0012987437928088507,
      0.009360367001860988,
      0.0011721782974836023
    ],
    [
      0.9833143881068205,
      0.006651421971641322,
      0.0008643243823974109,
      0.0009832570679109177,
      0.007273379795558796,
      0.0009132286756711089
    ],
    [
      0.9857136710462687,
      0.005741428640822289,
      0.0007426415461991653,
      0.0008434740464233003,
      0.006187008173559473,
      0.0007717765467270704
    ],
    [
      0.9878614134953749,
      0.004967340929851582,
      0.0006360346916997508,
      0.0007198203943105484,
      0.00518052928882903,
      0.0006348611999341112
    ],
    [
      0.9863227311119446,
      0.005511130256171117,
      0.000711756046380627,
      0.0008079596642189594,
      0.005909669417650272,
      0.0007367535036344895
    ],
    [
      0.9863641088923765,
      0.005494927036613227,
      0.0007096211553842476,
      0.0008055194116562154,
      0.0058911706171021075,
      0.0007346528868677686
    ],
    [
      0.9863227311119446,
      0.005511130256171117,
      0.000711756046380627,
      0.0008079596642189594,
      0.005909669417650272,
      0.0007367535036344895
    ],
    [
      0.9866250787195497,
      0.005392671520071878,
      0.0006961525102109722,
      0.0007901259535945956,
      0.0057745412946328956,
      0.000721430001939987
    ],
    [
      0.9874188556948202,
      0.005176423899490293,
      0.0006600762784181082,
      0.0007459343209870163,
      0.005325990263109495,
      0.0006727195431748357
    ],
    [
      0.9865828791021534,
      0.005524002524453152,
      0.0007041737302984223,
      0.0007956773286886386,
      0.005677646224939789,
      0.0007156210894666763
    ],
    [
      0.9865828791021534,
      0.005524002524453152,
      0.0007041737302984223,
      0.0007956773286886386,
      0.005677646224939789,
      0.0007156210894666763
    ],
    [
      0.9858639885835538,
      0.005682644435599771,
      0.0007348908588487573,
      0.0008346126272675922,
      0.0061197509787483,
      0.000764112515981722
    ],
    [
      0.9876594873636565,
      0.005077891196773145,
      0.000652232533788626,
      0.0007313437789539654,
      0.005217813966644279,
      0.0006612311601835052
    ]
  ],
  [
    [
      0.9857136710462687,
      0.005741428640822289,
      0.0007426415461991653,
      0.0008434740464233003,
      0.006187008173559473,
      0.0007717765467270704
    ],
    [
      0.06357221675115794,
      0.09554867647022568,
      0.023709984845551698,
      0.011184326856518744,
      0.8051613802306764,
      0.0008234148458695394
    ],
    [
      0.8054323023238047,
      0.12344990883931772,
      0.022207369743935012,
      0.014363249561408943,
      0.034075536640516296,
      0.0004716328910172945
    ],
    [
      0.8260833678901223,
      0.09294827584336733,
      0.022800829769727145,
      0.011825222146886907,
      0.04425752892010855,
      0.0020847754297878733
    ],
    [
      0.8257616803984026,
      0.09379576942093579,
      0.02245143207462915,
      0.011955589056551781,
      0.04391290728801921,
      0.002122621761461534
    ],
    [
      0.8300989271998999,
      0.09201738797022968,
      0.021604311957503057,
      0.011692411608573348,
      0.042486628649022695,
      0.0021003326147713062
    ],
    [
      0.8289609546605976,
      0.09332900882233583,
      0.021197400223748955,
      0.01189293280315923,
      0.04248556937773185,
      0.002134134112426518
    ],
    [
      0.8256630255978911,
      0.09374278886733278,
      0.0223238475586661,
      0.011999688819171626,
      0.04412619928992063,
      0.0021444498670178617
    ],
    [
      0.11089895515320412,
      0.09540621964504283,
      0.024296490983557795,
      0.01214999479489045,
      0.7546339968610571,
      0.0026143425622477505
    ],
    [
      0.7788486970776558,
      0.14139462034714678,
      0.021996752832755557,
      0.015936531402976403,
      0.041185067723065336,
      0.0006383306164002076
    ],
    [
      0.09369491431934111,
      0.10005152571772524,
      0.0629525718524955,
      0.012909369568793613,
      0.7290291130142392,
      0.0013625055274052848
    ],
    [
      0.6990183983186866,
      0.1501217786011667,
      0.07735763240533484,
      0.019622611896549912,
      0.05326151657245865,
      0.0006180622058032853
    ],
    [
      0.7098486884815778,
      0.14950836806292503,
      0.04734139195067172,
      0.038133567253008815,
      0.05371656903710454,
      0.0014514152147120786
    ],
    [
      0.6192400172690417,
      0.13021616095845165,
      0.1373096052982626,
      0.05055263353556624,
      0.0598566230121956,
      0.002824959926482321
    ],
    [
      0.582987588779961,
      0.14951309476613517,
      0.1356163014080468,
      0.06308823405790058,
      0.06561091832167713,
      0.0031838626662793685
    ],
    [
      0.6869043230848866,
      0.14992830892137649,
      0.08546863241456593,
      0.020030233727261797,
      0.05694143043150444,
      0.0007270714204048042
    ],
    [
      0.7754461171545565,
      0.1469890765841638,
      0.01691538346918497,
      0.01628998211536618,
      0.04360171804516845,
      0.0007577226315601547
    ],
    [
      0.7840021073409634,
      0.13989430203617953,
      0.01726403406643627,
      0.01563428780601057,
      0.04247484419754222,
      0.000730424552868023
    ],
    [
      0.7954635399890332,
      0.13065236040057407,
      0.018695750622734125,
      0.015135649073544307,
      0.039407749164342525,
      0.0006449507497718494
    ],
    [
      0.06634009742275059,
      0.09889043618714384,
      0.022348266181281988,
      0.011003289162091277,
      0.8004757172464085,
      0.000942193800323855
    ],
    [
      0.7738221408428854,
      0.1462879193092959,
      0.01795032709585776,
      0.01623065125294079,
      0.044911274353266896,
      0.0007976871457532596
    ],
    [
      0.771451966046302,
      0.15113743295779478,
      0.018286802238528552,
      0.016336726323135792,
      0.04213265433782731,
      0.0006544180964116113
    ],
    [
      0.6997452315030287,
      0.14900174804315208,
      0.07671889754719467,
      0.019887286485143124,
      0.05398394251595648,
      0.0006628939055249071
    ],
    [
      0.7032491058029379,
      0.14875008557790323,
      0.07465273206478454,
      0.021013619133639652,
      0.05170148655053096,
      0.000632970870203804
    ],
    [
      0.6602183931500143,
      0.22535403763593326,
      0.031729926328964125,
      0.021855111949664267,
      0.05990995427151462,
      0.0009325766639095148
    ],
    [
      0.1761840602738684,
      0.23565247540570589,
      0.07184947631162414,
      0.023106595621031793,
      0.4909350974780177,
      0.00227229490975207
    ],
    [
      0.702236327815084,
      0.15915628523783118,
      0.06172587166461953,
      0.019602444312099794,
      0.056371942309558484,
      0.0009071286608070174
    ],
    [
      0.11534506664019405,
      0.12396231718453518,
      0.05231499034949748,
      0.01497317764970998,
      0.6916276844859522,
      0.0017767636901111154
    ],
    [
      0.7847629889480963,
      0.1399869801039833,
      0.017661142742244007,
      0.015784286578798257,
      0.041178966499016575,
      0.0006256351278615573
    ],
    [
      0.07294655130970128,
      0.10149802898337094,
      0.02234297228966104,
      0.011810670096349268,
      0.7904062738993003,
      0.0009955034216171225
    ],
    [
      0.9878614134953749,
      0.004967340929851582,
      0.0006360346916997508,
      0.0007198203943105484,
      0.00518052928882903,
      0.0006348611999341112
    ],
    [
      0.9863227311119446,
      0.005511130256171117,
      0.000711756046380627,
      0.0008079596642189594,
      0.005909669417650272,
      0.0007367535036344895
    ],
    [
      0.9863227311119446,
      0.005511130256171117,
      0.000711756046380627,
      0.0008079596642189594,
      0.005909669417650272,
      0.0007367535036344895
    ],
    [
      0.9863227311119446,
      0.005511130256171117,
      0.000711756046380627,
      0.0008079596642189594,
      0.005909669417650272,
      0.0007367535036344895
    ],
    [
      0.8036542536562656,
      0.12507430774957254,
      0.020960148365314686,
      0.01455843704627486,
      0.03521929988208098,
      0.0005335533004913394
    ],
    [
      0.8033163370470818,
      0.12505799382550617,
      0.020960118669191747,
      0.014550330105314365,
      0.03558169120319893,
      0.0005335291497069049
    ],
    [
      0.8054477445976199,
      0.12324278476875197,
      0.02211371317754749,
      0.014312309269110396,
      0.034409151969382455,
      0.0004742962175877829
    ],
    [
      0.11183224422141388,
      0.09362108256080379,
      0.021339826810959327,
      0.012331466637284726,
      0.7582607938716921,
      0.00261458589784619
    ],
    [
      0.8042824649048225,
      0.12424624616506133,
      0.021277852387192302,
      0.014428896204190921,
      0.035230526091130164,
      0.000534014247602797
    ],
    [
      0.9866250787195497,
      0.005392671520071878,
      0.0006961525102109722,
      0.0007901259535945956,
      0.0057745412946328956,
      0.000721430001939987
    ]
  ],
  [
    [
      0.9868456012526947,
      0.0054161412958258276,
      0.000696009886382876,
      0.0007797168631431617,
      0.005559426656880239,
      0.0007031040450732531
    ],
    [
      0.8050943989829257,
      0.12478880606740334,
      0.020294630496645722,
      0.014503705859775763,
      0.03482028926952999,
      0.0004981693237195232
    ],
    [
      0.8051801946769173,
      0.13809336681747447,
      0.006063154230537865,
      0.014368717730858925,
      0.03576980430368707,
      0.0005247622405245087
    ],
    [
      0.8052202300068642,
      0.13806192293252822,
      0.006046590924479678,
      0.014347860728930843,
      0.03580556997163098,
      0.0005178254355661091
    ],
    [
      0.07070274095790717,
      0.1142589734482102,
      0.014152594900978767,
      0.012019056968979418,
      0.7878876107415396,
      0.000979022982384847
    ],
    [
      0.7994363011497595,
      0.14268057596105915,
      0.006103818832327396,
      0.01500501314720817,
      0.036253183579302156,
      0.0005211073303435803
    ],
    [
      0.7998727396328967,
      0.1405954303288274,
      0.0065925160219043035,
      0.014913920253439433,
      0.03744177681952655,
      0.000583616943405583
    ],
    [
      0.7991332737446687,
      0.14263948614798838,
      0.0061021399607454115,
      0.014984011350931178,
      0.03662069019256184,
      0.0005203986031044991
    ],
    [
      0.7752419187556246,
      0.1591291829960219,
      0.006367585435551005,
      0.016316479211932296,
      0.042394199000579835,
      0.0005506346002902864
    ],
    [
      0.7611633464241456,
      0.17193460472729022,
      0.006326994423605578,
      0.017029474473297234,
      0.042987183424700114,
      0.0005583965269612662
    ],
    [
      0.6833383577118973,
      0.23268943700361924,
      0.003455935087493096,
      0.021436784963133414,
      0.05841582849901197,
      0.0006636567348450088
    ],
    [
      0.6187355001437702,
      0.2880384532243102,
      0.00582350979894064,
      0.02502725720226888,
      0.06166993228178269,
      0.0007053473489273904
    ],
    [
      0.6610667047635426,
      0.23737520963148384,
      0.014046627777355694,
      0.024465657310137667,
      0.0621584949120694,
      0.0008873056054109174
    ],
    [
      0.1685650001453442,
      0.34394200816902254,
      0.003877227142281441,
      0.021137443122095007,
      0.4600831600024294,
      0.0023951614188274144
    ],
    [
      0.3840673916722133,
      0.4170880938396607,
      0.0034752023989880905,
      0.03957395117968021,
      0.15378049276071978,
      0.0020148681487378553
    ],
    [
      0.6825958945295497,
      0.23193766077615366,
      0.003719259879684465,
      0.02128401473681034,
      0.05968766942100842,
      0.0007755006567933489
    ],
    [
      0.6915031928219949,
      0.21884632634930162,
      0.015375000997361336,
      0.019772972571800135,
      0.05334500289290208,
      0.0011575043666399547
    ],
    [
      0.11210099562825165,
      0.02813040014883663,
      0.003824608448645127,
      0.004418053799443634,
      0.03527531092745384,
      0.8162506310473692
    ],
    [
      0.11621396929369729,
      0.1437257705463764,
      0.01720277757063857,
      0.014785799834166528,
      0.7059734059264676,
      0.0020982768286536783
    ],
    [
      0.0762230788093673,
      0.11109592094417425,
      0.01471319449542409,
      0.012272512328327717,
      0.784577424575849,
      0.0011178688468576677
    ],
    [
      0.12339046497786602,
      0.19877208076034047,
      0.013293788273757623,
      0.021012390435296357,
      0.6427031507807427,
      0.0008281247719968422
    ],
    [
      0.764412208962289,
      0.16306557682996983,
      0.007981483912990556,
      0.017311944496610228,
      0.046426779782305194,
      0.000802006015835165
    ],
    [
      0.6412255429747116,
      0.24299064075808652,
      0.004503642873702638,
      0.028957930722551657,
      0.07995283175190089,
      0.002369410919046832
    ],
    [
      0.7640328215158715,
      0.1640622134704399,
      0.007801403957138003,
      0.017160208627252815,
      0.04621895498809693,
      0.0007243974412008261
    ],
    [
      0.15086710048676288,
      0.29086965178926283,
      0.002617682755091641,
      0.025126887737053964,
      0.5292839873259401,
      0.0012346899058885766
    ],
    [
      0.3843625306178621,
      0.42664115096355554,
      0.002900497807926223,
      0.03716519754135826,
      0.14718866845427903,
      0.0017419546150188887
    ],
    [
      0.6254761139174444,
      0.2613955256176614,
      0.004853160781815968,
      0.03772069704340062,
      0.06944726186034912,
      0.0011072407793286355
    ],
    [
      0.6820437590587836,
      0.22886121071365706,
      0.0026654689359402912,
      0.021052383389344557,
      0.06418251575555177,
      0.0011946621467228246
    ],
    [
      0.7575642009429335,
      0.17415512322634402,
      0.006485189908713369,
      0.01714253990751796,
      0.044068013336747404,
      0.0005849326777435754
    ],
    [
      0.7728768371567349,
      0.1591132475014268,
      0.008627618439127092,
      0.01586675642971439,
      0.0428481624724716,
      0.0006673780005252176
    ],
    [
      0.7874144593929997,
      0.13943149683329933,
      0.01605394486446151,
      0.015510095011044188,
      0.040904393191118285,
      0.0006856107070770093
    ],
    [
      0.9878614134953749,
      0.004967340929851582,
      0.0006360346916997508,
      0.0007198203943105484,
      0.00518052928882903,
      0.0006348611999341112
    ],
    [
      0.8031346136016406,
      0.12476758702046158,
      0.022652515039716332,
      0.014403997051255654,
      0.03450699121069388,
      0.0005342960762318833
    ],
    [
      0.9878614134953749,
      0.004967340929851582,
      0.0006360346916997508,
      0.0007198203943105484,
      0.00518052928882903,
      0.0006348611999341112
    ],
    [
      0.9856743695431255,
      0.005756792837946868,
      0.0007446676800127431,
      0.0008457906833886568,
      0.006204596683313895,
      0.0007737825722123275
    ],
    [
      0.8012752095376517,
      0.12511600596968755,
      0.021575503114638798,
      0.014614303687227234,
      0.036845924256669715,
      0.0005730534341249306
    ],
    [
      0.7927698333810116,
      0.1464305738751675,
      0.006280776857722468,
      0.01558657275821522,
      0.038380216079785964,
      0.0005520270480972966
    ],
    [
      0.7927698333810116,
      0.1464305738751675,
      0.006280776857722468,
      0.01558657275821522,
      0.038380216079785964,
      0.0005520270480972966
    ],
    [
      0.7990008820634049,
      0.12912451674899086,
      0.01915990892542588,
      0.014977764884035875,
      0.0371793223550684,
      0.0005576050230741422
    ],
    [
      0.9865530991148433,
      0.005535953655706701,
      0.0007057284196085811,
      0.0007974466139156613,
      0.00569075981356384,
      0.0007170123823618779
    ]
  ],
  [
    [
      0.9875826507046475,
      0.005109977621830492,
      0.0006532952684999001,
      0.0007360937303552491,
      0.005253017374861278,
      0.0006649652998056032
    ],
    [
      0.8260833678901223,
      0.09294827584336733,
      0.022800829769727145,
      0.011825222146886907,
      0.04425752892010855,
      0.0020847754297878733
    ],
    [
      0.07048147578382184,
      0.11432061401981568,
      0.014133087452192314,
      0.012134420893717265,
      0.7879629400277414,
      0.0009674618227116023
    ],
    [
      0.7955675350066727,
      0.1435937720995867,
      0.006121242090958615,
      0.015478116520227122,
      0.03871244615025311,
      0.0005268881323017359
    ],
    [
      0.7955152115988159,
      0.14361361796754935,
      0.0061408451488064435,
      0.015493210078089976,
      0.038702023030622645,
      0.0005350921761157351
    ],
    [
      0.7957240014145215,
      0.14362478261822592,
      0.006131646632031236,
      0.01550273504751102,
      0.03848558942028963,
      0.000531244867420577
    ],
    [
      0.7968720408305698,
      0.14244971062394554,
      0.006312367977320686,
      0.015483266903646287,
      0.0383269351370791,
      0.0005556785274386137
    ],
    [
      0.7819024972110542,
      0.14962730075981326,
      0.006922311751116747,
      0.01651327036551497,
      0.04440847659679191,
      0.0006261433157089875
    ],
    [
      0.7652552469505076,
      0.16522665617333618,
      0.0063545946687721235,
      0.017556378274684616,
      0.04504788214167867,
      0.0005592417910208492
    ],
    [
      0.7647316363822373,
      0.1637761537224251,
      0.006810244923351433,
      0.017428647187673767,
      0.04666037048259767,
      0.000592947301714811
    ],
    [
      0.6365607524906565,
      0.260960823923808,
      0.0040464302041655804,
      0.01957906910008954,
      0.07670871849820095,
      0.0021442057830794352
    ],
    [
      0.38033145069682517,
      0.3848856151569672,
      0.00695039283428662,
      0.06172087836645864,
      0.16248311200119708,
      0.0036285509442652896
    ],
    [
      0.19530762199913057,
      0.2948673731528204,
      0.007070990901118793,
      0.01615530390501474,
      0.48283522850501626,
      0.003763481536899261
    ],
    [
      0.16403768114695746,
      0.21288089966525273,
      0.034978103123650385,
      0.06004942066120108,
      0.5252043991134155,
      0.0028494962895228475
    ],
    [
      0.6063907415100722,
      0.2918448527929477,
      0.003961253914199746,
      0.024310020917937932,
      0.07233897484741016,
      0.0011541560174323697
    ],
    [
      0.7657013700682986,
      0.16093147394160906,
      0.007929626707843697,
      0.016971339841290286,
      0.04768393419917021,
      0.0007822552417881747
    ],
    [
      0.12422315393263814,
      0.1931636772071306,
      0.013836697838473053,
      0.020698456517123903,
      0.6472251377125668,
      0.0008528767920674132
    ],
    [
      0.084354091452841,
      0.10924890756210295,
      0.02429848812290709,
      0.01290659442499796,
      0.7679952619073467,
      0.0011966565298042742
    ],
    [
      0.7644387126147847,
      0.16340411770818325,
      0.006852600419230183,
      0.01790901350112323,
      0.04672030517654588,
      0.0006752505801328064
    ],
    [
      0.7614805065452915,
      0.1675701728380633,
      0.006971661667008283,
      0.016659015906581923,
      0.04663182992452526,
      0.000686813118529669
    ],
    [
      0.7665792177299544,
      0.16020254193370828,
      0.007674571302232505,
      0.016588488766426004,
      0.04820379813502183,
      0.0007513821326569932
    ],
    [
      0.6814889322037646,
      0.20653220264137823,
      0.0094242461355853,
      0.021734429708308547,
      0.07973239842283215,
      0.0010877908881311335
    ],
    [
      0.4044446492583924,
      0.3883979174773983,
      0.005840022415146574,
      0.04280127973219973,
      0.15512162235235386,
      0.003394508764509064
    ],
    [
      0.68306807803687,
      0.23054002247485042,
      0.003760709896610747,
      0.0209581683617197,
      0.060881706552028465,
      0.00079131467792074
    ],
    [
      0.6598744873524525,
      0.24537951451936849,
      0.002895146079762991,
      0.022795020134996683,
      0.068059418864635,
      0.0009964130487844312
    ],
    [
      0.6295223791176215,
      0.2691920938547868,
      0.004398050531973787,
      0.024601099957967793,
      0.07130273650587263,
      0.0009836400317774188
    ],
    [
      0.6686123522825449,
      0.2315002288802362,
      0.00905083469083489,
      0.021706401715644502,
      0.06822090701816154,
      0.0009092754125779298
    ],
    [
      0.7060821244516675,
      0.2057280660748914,
      0.003592822633850047,
      0.021010553676287097,
      0.0626728639519492,
      0.0009135692113547848
    ],
    [
      0.12840159613363122,
      0.1951447217443959,
      0.014596069529764394,
      0.020659122214050817,
      0.6403555488894378,
      0.000842941488719853
    ],
    [
      0.7579435374091537,
      0.17322738048662387,
      0.0069569465361425074,
      0.017085653832164514,
      0.04412721000836754,
      0.0006592717275479716
    ],
    [
      0.7775875458636956,
      0.14534369827755475,
      0.015471068615807949,
      0.01616007914719054,
      0.04463546061735933,
      0.0008021474783918528
    ],
    [
      0.9823612555069238,
      0.007023634540026976,
      0.0009134317147262992,
      0.0010394139875779223,
      0.007700070850800645,
      0.0009621933999444118
    ],
    [
      0.06319212024643471,
      0.09606026426553765,
      0.024612521621917658,
      0.011110419627652284,
      0.8042013449614258,
      0.0008233292770318695
    ],
    [
      0.8044484436090622,
      0.12425425927225131,
      0.021277866973594347,
      0.01443287819090384,
      0.03505252581052751,
      0.0005340261436606601
    ],
    [
      0.9856306228348403,
      0.005773892229529245,
      0.0007469228182754277,
      0.0008483692282808575,
      0.006224176326494604,
      0.0007760165625796914
    ],
    [
      0.06806189634436459,
      0.09856652237883565,
      0.023069926809893903,
      0.011537785198705052,
      0.7978970634126021,
      0.0008668058555985629
    ],
    [
      0.7911148419008626,
      0.14309309978742982,
      0.007286488535239244,
      0.015242539215533646,
      0.04254570837683174,
      0.000717322184103028
    ],
    [
      0.1177058989836005,
      0.1127249491352876,
      0.00781710984094913,
      0.013014417949071603,
      0.7459950234074363,
      0.002742600683654915
    ],
    [
      0.11118936650501297,
      0.09524658598875643,
      0.023359586825994115,
      0.012478892352982395,
      0.7551217817520308,
      0.0026037865752233462
    ],
    [
      0.9867912095358378,
      0.0054388764365296445,
      0.0006967724971505104,
      0.000783079882185917,
      0.005584325187708572,
      0.0007057364605875462
    ]
  ],
  [
    [
      0.9872609043951416,
      0.005242372787149323,
      0.0006901034935116531,
      0.000754033983680457,
      0.005369491509799796,
      0.0006830938307171826
    ],
    [
      0.8049065367531951,
      0.12471665349475008,
      0.020258128576200685,
      0.014492094626190768,
      0.035128792272950043,
      0.0004977942767132662
    ],
    [
      0.804803093647138,
      0.13805502877386744,
      0.006054885162082493,
      0.014363889224090313,
      0.03620182073786726,
      0.0005212824549545134
    ],
    [
      0.7965234534479513,
      0.1424577531092266,
      0.0063160786284641975,
      0.015468568106872862,
      0.03867692659059746,
      0.0005572201168876475
    ],
    [
      0.7976358022039024,
      0.14045622737922447,
      0.006546594470614087,
      0.015351594001621584,
      0.039411652792665515,
      0.0005981291519718267
    ],
    [
      0.07390535554200477,
      0.10723645280370167,
      0.014566995914248732,
      0.012240406351002445,
      0.7910124716143008,
      0.0010383177747415654
    ],
    [
      0.7932950226774563,
      0.14394542117654435,
      0.006309771667804956,
      0.015981895199327113,
      0.039913114025344705,
      0.0005547752535226114
    ],
    [
      0.7965406352166696,
      0.14113381338065775,
      0.006551496253739898,
      0.015349349903900838,
      0.03982451979036262,
      0.0006001854546693128
    ],
    [
      0.7703105400191462,
      0.16091653370093412,
      0.006288517606458451,
      0.017378380740255574,
      0.044545366076345884,
      0.0005606618568597685
    ],
    [
      0.16027126360850744,
      0.16014488997048726,
      0.017346004120712466,
      0.07211813707196037,
      0.586873738680345,
      0.0032459665479875285
    ],
    [
      0.7142254397244318,
      0.17223374005470035,
      0.035374487939668874,
      0.019897490640025897,
      0.0575466904080099,
      0.0007221512331632685
    ],
    [
      0.6633445855712696,
      0.23103492700952907,
      0.01538885353988747,
      0.021961846974975927,
      0.06747031750044144,
      0.0007994694038965479
    ],
    [
      0.7638928057288089,
      0.16179243225087922,
      0.008022671795994077,
      0.016630361910028174,
      0.04885284941676318,
      0.0008088788975263962
    ],
    [
      0.7515831626330356,
      0.17076160756528633,
      0.0037774118555376855,
      0.019108187929897113,
      0.05403750558686134,
      0.0007321244293819146
    ],
    [
      0.760185701788617,
      0.16496283144733026,
      0.0039994348949723936,
      0.017466610020214744,
      0.052646708773112505,
      0.0007387130757531841
    ],
    [
      0.10855218294994656,
      0.027239868176890187,
      0.0037035317456592352,
      0.004278190230444714,
      0.034158590509861454,
      0.8220676363871978
    ],
    [
      0.769918722049024,
      0.15889423194539798,
      0.006489763417245907,
      0.017508301067110772,
      0.046541515988154925,
      0.0006474655330664072
    ],
    [
      0.7641881216068002,
      0.16423427378489372,
      0.006681747677629091,
      0.01809671812538009,
      0.046162452303223446,
      0.0006366865020735229
    ],
    [
      0.771602003359443,
      0.1572079567506385,
      0.006595259998827373,
      0.016952280230023837,
      0.046994770892653366,
      0.000647728768414048
    ],
    [
      0.772249825794365,
      0.15864663661703454,
      0.006908977215197954,
      0.016342804559884162,
      0.04517645025863543,
      0.0006753055548829632
    ],
    [
      0.6672607746306376,
      0.2364443892740758,
      0.014021759306079172,
      0.021041178973764986,
      0.06036188324074198,
      0.0008700145747005428
    ],
    [
      0.6152477699016525,
      0.2818130573577572,
      0.006976533772141625,
      0.022602904566738632,
      0.0724516461792579,
      0.0009080882224521021
    ],
    [
      0.643380991586581,
      0.2423061137558189,
      0.005060873145670744,
      0.01891776277504156,
      0.08772591093922476,
      0.0026083477976630914
    ],
    [
      0.13898831982393042,
      0.26026160020198297,
      0.006053369199904985,
      0.023908070799452685,
      0.5695598082370693,
      0.0012288317376597557
    ],
    [
      0.12207091226644326,
      0.19520807490055753,
      0.013304539093712903,
      0.021043311859769445,
      0.6475878154306041,
      0.0007853464489128118
    ],
    [
      0.7251438914816063,
      0.19442031400758708,
      0.0032884083370959163,
      0.018977536139672367,
      0.05735918314925959,
      0.0008106668847787455
    ],
    [
      0.203693595194058,
      0.22724502209488134,
      0.0027495040338481004,
      0.023605406083027584,
      0.5411423367748815,
      0.0015641358193034431
    ],
    [
      0.4554376747847367,
      0.32621229296992416,
      0.010720615132178299,
      0.034078386873100275,
      0.17134471324454878,
      0.0022063169955117766
    ],
    [
      0.6293755494006167,
      0.2502839297912354,
      0.005472695013285086,
      0.016954982665263695,
      0.09505360402446944,
      0.0028592391051296415
    ],
    [
      0.6604929665840916,
      0.24737045997155901,
      0.0027774355057098737,
      0.022435389945588084,
      0.06595976330035244,
      0.0009639846926990189
    ],
    [
      0.71749808536845,
      0.16965218525963263,
      0.03808535630332287,
      0.018708334248634325,
      0.05517479752210866,
      0.000881241297851574
    ],
    [
      0.7755443273667897,
      0.1458297204556597,
      0.016951449015071646,
      0.016338949644826354,
      0.04454378696130145,
      0.0007917665563511941
    ],
    [
      0.9820108157456748,
      0.00721033106942085,
      0.0009343372933054504,
      0.0010618707034208228,
      0.007815016372723839,
      0.0009676288154540883
    ],
    [
      0.8004098494600799,
      0.12677659555004653,
      0.020890485633786603,
      0.014663105016451931,
      0.03666827913949645,
      0.0005916852001386745
    ],
    [
      0.7872680620679607,
      0.13864217913483853,
      0.015982401203275803,
      0.015489217521414349,
      0.04193255349985028,
      0.000685586572660311
    ],
    [
      0.9859926909565858,
      0.005751778006658973,
      0.0007354140209929243,
      0.0008318650310226331,
      0.005970377951675083,
      0.0007178740330646213
    ],
    [
      0.7812445339633467,
      0.14392359275258285,
      0.014591607802744483,
      0.016060648404650053,
      0.04348310381264732,
      0.0006965132640285828
    ],
    [
      0.0734428895073902,
      0.10491810077177346,
      0.014919144359068114,
      0.01186386296212503,
      0.7938146323369739,
      0.001041370062669293
    ],
    [
      0.7971955104434538,
      0.1295992124281803,
      0.02048747588208984,
      0.01493709369816721,
      0.03722279770513007,
      0.0005579098429788362
    ],
    [
      0.9865199895390138,
      0.005549239017507363,
      0.0007074568084673636,
      0.000799413627258889,
      0.005705340952536232,
      0.000718560055216446
    ]
  ],
  [
    [
      0.9876955896181552,
      0.00506015418844966,
      0.0006837602068788705,
      0.0007271431404673592,
      0.005171030632493476,
      0.0006623222135554648
    ],
    [
      0.11051960511515417,
      0.09303270731495339,
      0.02124506149787394,
      0.012115653426425088,
      0.7604825329130979,
      0.002604439732495643
    ],
    [
      0.7978686006849636,
      0.14282263825631725,
      0.006123234970387102,
      0.015019257728259364,
      0.03763710340751168,
      0.0005291649525610146
    ],
    [
      0.7988968345695635,
      0.13950956628963262,
      0.006785803084185306,
      0.014753698567740397,
      0.03944597361287939,
      0.0006081238759987694
    ],
    [
      0.7929532018122879,
      0.14377244948244322,
      0.006322028451312569,
      0.015960990021254607,
      0.04043143959228426,
      0.000559890640417478
    ],
    [
      0.826686251964235,
      0.10374482113751135,
      0.004926826037256048,
      0.012699958254267535,
      0.04999533311491606,
      0.00194680949181403
    ],
    [
      0.7812921664058945,
      0.15054066481747763,
      0.005833832773343349,
      0.017174349431927506,
      0.04468645898872084,
      0.00047252758263616754
    ],
    [
      0.12051063598326985,
      0.11072332336047719,
      0.00814080028537998,
      0.013723636089977453,
      0.7443582082875342,
      0.0025433959933613007
    ],
    [
      0.7679693512658259,
      0.16153781985120483,
      0.005739623003211407,
      0.01799813209693716,
      0.046298748678580345,
      0.00045632510424035435
    ],
    [
      0.681899908164835,
      0.21822866589499282,
      0.016927455925310225,
      0.022725562817289352,
      0.05947342981248938,
      0.0007449773850832747
    ],
    [
      0.6231410841212895,
      0.27582956159912464,
      0.005862286552043053,
      0.023806288889629067,
      0.07067920619289178,
      0.0006815726450218916
    ],
    [
      0.18480853709735567,
      0.19781706741864508,
      0.004304618957603245,
      0.02455921007989815,
      0.5870688704423972,
      0.0014416960041006511
    ],
    [
      0.7638177670652027,
      0.16403052335196808,
      0.006116194131416851,
      0.017538360017406746,
      0.04793624858970395,
      0.0005609068443017869
    ],
    [
      0.7724182361110798,
      0.15671890497348812,
      0.0032263186326727854,
      0.01750012858863846,
      0.04957084582392081,
      0.0005655658701999981
    ],
    [
      0.7673706925767122,
      0.1607476945921618,
      0.0031639175630554057,
      0.017952058413511194,
      0.05021474354732978,
      0.0005508933072297227
    ],
    [
      0.0816855500053323,
      0.020498008917315087,
      0.0027879103009718735,
      0.0032193394227958993,
      0.025704349533823265,
      0.8661048418197616
    ],
    [
      0.7668338717411961,
      0.1615078210277094,
      0.005725609173824529,
      0.017964830981749193,
      0.047478470585923374,
      0.0004893964895974054
    ],
    [
      0.7574049727987973,
      0.16830304766268098,
      0.0062215867070721555,
      0.017923017417978478,
      0.04961452141768817,
      0.0005328539957830061
    ],
    [
      0.7633249973167069,
      0.1639810794772244,
      0.005690124597041758,
      0.01820490712198808,
      0.048313038265593786,
      0.00048585322144508857
    ],
    [
      0.7544878898721414,
      0.16992077669790578,
      0.006123171034320614,
      0.018243114181353354,
      0.05068453742466588,
      0.0005405107896129068
    ],
    [
      0.6264770838389904,
      0.2771126834222866,
      0.005507068188861161,
      0.023679447359577048,
      0.06658745086203213,
      0.0006362663282527057
    ],
    [
      0.3722487895111214,
      0.4108660421272525,
      0.0019400803555299142,
      0.039421819072906226,
      0.17465725246114497,
      0.0008660164720451065
    ],
    [
      0.17517431213187284,
      0.26214153193290346,
      0.004489354063784163,
      0.021486209335158796,
      0.5341579084238086,
      0.0025506841124720977
    ],
    [
      0.7618102543330025,
      0.16517410088239262,
      0.0068146577571706,
      0.017725595416100085,
      0.04791356769227875,
      0.0005618239190554971
    ],
    [
      0.763110134472965,
      0.16479647245306298,
      0.005583384721339215,
      0.018331783116524527,
      0.04773691441597166,
      0.000441310820136447
    ],
    [
      0.761454085964757,
