[
  [
    [
      0.987477228904462,
      0.005153016583184205,
      0.0006570300290449119,
      0.0007424670975239871,
      0.005300272751565299,
      0.0006699846342195688
    ],
    [
      0.9866250787195497,
      0.005392671520071878,
      0.0006961525102109722,
      0.0007901259535945956,
      0.0057745412946328956,
      0.000721430001939987
    ],
    [
      0.9823612555069238,
      0.007023634540026976,
      0.0009134317147262992,
      0.0010394139875779223,
      0.007700070850800645,
      0.0009621933999444118
    ],
    [
      0.9845278370479853,
      0.006332328024435067,
      0.0008114283288779389,
      0.0009185659477051486,
      0.006620484063629277,
      0.0007893565873672893
    ],
    [
      0.9843150903435908,
      0.006448165854659109,
      0.0008242113819630032,
      0.0009322112539584964,
      0.006686803243084691,
      0.0007935179227439642
    ],
    [
      0.9859354658397018,
      0.005772101177132252,
      0.0007382558184680007,
      0.0008351772360916304,
      0.005997943249430376,
      0.0007210566791759675
    ],
    [
      0.9859354658397018,
      0.005772101177132252,
      0.0007382558184680007,
      0.0008351772360916304,
      0.005997943249430376,
      0.0007210566791759675
    ],
    [
      0.9836898366184064,
      0.006505735409910708,
      0.0008450318868693778,
      0.0009611672016603359,
      0.007104467464643653,
      0.000893761418509481
    ],
    [
      0.9856306228348403,
      0.005773892229529245,
      0.0007469228182754277,
      0.0008483692282808575,
      0.006224176326494604,
      0.0007760165625796914
    ],
    [
      0.9856306228348403,
      0.005773892229529245,
      0.0007469228182754277,
      0.0008483692282808575,
      0.006224176326494604,
      0.0007760165625796914
    ],
    [
      0.9866931202677729,
      0.005365993175251691,
      0.0006926397758613827,
      0.00078611168741356,
      0.005744145266728266,
      0.0007179898269721688
    ],
    [
      0.9877674381855447,
      0.0050327925670340485,
      0.00065073037976918,
      0.0007246698604473585,
      0.005168374377351541,
      0.000655994629853144
    ],
    [
      0.9875814437592895,
      0.005110481543273981,
      0.0006533119191917032,
      0.0007361683398152098,
      0.005253570437348499,
      0.0006650240010811435
    ],
    [
      0.9851093202596987,
      0.006182092061230743,
      0.0007658855832562234,
      0.0008965030542096628,
      0.006236526320381054,
      0.0008096727212237082
    ],
    [
      0.984729912260017,
      0.006345450874615597,
      0.0007659029271424157,
      0.0009206438573498377,
      0.006410494892827985,
      0.0008275951880470857
    ],
    [
      0.9863155205518951,
      0.005614530897792557,
      0.0007181530209469535,
      0.0008124555491415939,
      0.005835552034871969,
      0.000703787945351874
    ],
    [
      0.9880928647820864,
      0.004875645713947472,
      0.0006240263023294776,
      0.0007061228907208896,
      0.0050777874417476145,
      0.0006235528691682889
    ],
    [
      0.9880928647820864,
      0.004875645713947472,
      0.0006240263023294776,
      0.0007061228907208896,
      0.0050777874417476145,
      0.0006235528691682889
    ],
    [
      0.9876241494464393,
      0.005061221146802137,
      0.0006483372596439482,
      0.000733856604564611,
      0.005285932923986437,
      0.0006465026185636748
    ],
    [
      0.9878765788975801,
      0.004956376701124566,
      0.0006349600681458425,
      0.0007187362384978242,
      0.005177850146070926,
      0.0006354979485808499
    ],
    [
      0.9873023822696585,
      0.005183033790609581,
      0.0006646992714722598,
      0.0007526806381176409,
      0.005433308108045452,
      0.0006638959220966337
    ],
    [
      0.9878765788975801,
      0.004956376701124566,
      0.0006349600681458425,
      0.0007187362384978242,
      0.005177850146070926,
      0.0006354979485808499
    ],
    [
      0.9851498645470514,
      0.006076223410346706,
      0.0007786237668975902,
      0.0008814351515363234,
      0.006353066632655559,
      0.0007607864915124329
    ],
    [
      0.9854916702051786,
      0.00594821133391687,
      0.0007612994512117975,
      0.0008614544813550346,
      0.0061947451673473675,
      0.0007426193609903944
    ],
    [
      0.9831695430018662,
      0.0069088754744521886,
      0.0008840359717638988,
      0.00100025095360283,
      0.007189457431776092,
      0.0008478371665387579
    ],
    [
      0.9781067058835995,
      0.008900459234651216,
      0.0010476672284919536,
      0.0013139352881431851,
      0.009450979622211711,
      0.0011802527429025146
    ],
    [
      0.9785165990533236,
      0.00871071754623395,
      0.0010292095545276082,
      0.0012879298069693526,
      0.009290266951566144,
      0.0011652770873794248
    ],
    [
      0.9796903328335529,
      0.008268382857535488,
      0.0009703409099797931,
      0.0012191116747996425,
      0.008749049546576964,
      0.0011027821775552536
    ],
    [
      0.9837747101213496,
      0.006472588779186776,
      0.0008406584322708976,
      0.0009561657999281343,
      0.007066461350847163,
      0.0008894155164173791
    ],
    [
      0.9870484103505348,
      0.005331322369103983,
      0.0006931441157902456,
      0.0007671759643415309,
      0.005466634789852985,
      0.0006933124103764357
    ],
    [
      0.9870484103505348,
      0.005331322369103983,
      0.0006931441157902456,
      0.0007671759643415309,
      0.005466634789852985,
      0.0006933124103764357
    ],
    [
      0.9885148431274053,
      0.004719921943652414,
      0.0006400329913615735,
      0.0006784452964417905,
      0.004826699689833158,
      0.0006200569513056538
    ],
    [
      0.9882007696286754,
      0.004851531164019662,
      0.0006445922611640794,
      0.0006978734334777014,
      0.00497014336199655,
      0.000635090150666564
    ],
    [
      0.9878705485916718,
      0.004989695079416009,
      0.0006492856135212341,
      0.0007182946163086564,
      0.005121172537242014,
      0.0006510035618402758
    ],
    [
      0.9874188556948202,
      0.005176423899490293,
      0.0006600762784181082,
      0.0007459343209870163,
      0.005325990263109495,
      0.0006727195431748357
    ],
    [
      0.9824727864651221,
      0.006982463823460841,
      0.0009078217602378842,
      0.0010329293689377709,
      0.007648136927350717,
      0.0009558616548905474
    ],
    [
      0.9822333991478883,
      0.007085461484234223,
      0.0009206989545788408,
      0.0010473782046436396,
      0.0077472861943382884,
      0.0009657760143166534
    ],
    [
      0.9810876140584758,
      0.007587307280862017,
      0.0009828568532155618,
      0.0011168821672479328,
      0.00821482693489591,
      0.0010105127053028026
    ],
    [
      0.9862669158089435,
      0.005640337848069918,
      0.0007210308566700876,
      0.0008155414424962794,
      0.005851123657248007,
      0.0007050503865721745
    ],
    [
      0.9825246784002679,
      0.0069622560664339824,
      0.0009051514722723856,
      0.0010298741116926023,
      0.0076248596301058845,
      0.0009531803192273414
    ]
  ],
  [
    [
      0.986195742480305,
      0.005552790770308896,
      0.000717777662790763,
      0.0008150500917339094,
      0.005971392963939211,
      0.000747246030922231
    ],
    [
      0.7879563680541082,
      0.1386967012113155,
      0.01603919695614601,
      0.015505791355097377,
      0.041116336691290195,
      0.0006856057320427731
    ],
    [
      0.703141252559611,
      0.14873917266326797,
      0.0731681630571395,
      0.019682999465407067,
      0.05451506515600872,
      0.0007533470985658194
    ],
    [
      0.27352427627315323,
      0.15920316432816,
      0.05403882164535587,
      0.018645493944096547,
      0.4909142007634781,
      0.003674043045756268
    ],
    [
      0.6004330795405728,
      0.14160077556982176,
      0.174692752357684,
      0.019932741571025283,
      0.06177600906514516,
      0.001564641895751012
    ],
    [
      0.98075426007648,
      0.007905648847920582,
      0.0010114513223986206,
      0.0011443647722762635,
      0.008223298742569008,
      0.0009609762383555781
    ],
    [
      0.7017727179235549,
      0.14999499807880912,
      0.07113099543373942,
      0.020549250548964428,
      0.05575725262483544,
      0.0007947853900967545
    ],
    [
      0.7723236884965218,
      0.14835197313186457,
      0.020040582422503853,
      0.0163280568945194,
      0.042280229484700116,
      0.0006754695698903199
    ],
    [
      0.12598549712172233,
      0.17430403290159918,
      0.03802686563610944,
      0.01987662741037319,
      0.640952707205445,
      0.0008542697247508892
    ],
    [
      0.9878614134953749,
      0.004967340929851582,
      0.0006360346916997508,
      0.0007198203943105484,
      0.00518052928882903,
      0.0006348611999341112
    ],
    [
      0.8033163370470818,
      0.12505799382550617,
      0.020960118669191747,
      0.014550330105314365,
      0.03558169120319893,
      0.0005335291497069049
    ],
    [
      0.8033163370470818,
      0.12505799382550617,
      0.020960118669191747,
      0.014550330105314365,
      0.03558169120319893,
      0.0005335291497069049
    ],
    [
      0.8043457542344008,
      0.12368164665441805,
      0.023284341349894856,
      0.014288136104662683,
      0.033925581379524436,
      0.00047454027709918384
    ],
    [
      0.7997307240436805,
      0.13105337968641323,
      0.013509540707792006,
      0.01512973177880756,
      0.04000571725375969,
      0.0005709065295470617
    ],
    [
      0.7745682965489042,
      0.14109236922995577,
      0.0197693425213262,
      0.016958630646560138,
      0.04689111979138518,
      0.0007202412618684655
    ],
    [
      0.776005002994696,
      0.1479501103203558,
      0.01572159179331095,
      0.01651464435875404,
      0.043055925134288714,
      0.0007527253985945747
    ],
    [
      0.7813714073539835,
      0.14157802667344174,
      0.017554005313989048,
      0.01604887940039218,
      0.04271207687208228,
      0.0007356043861113276
    ],
    [
      0.06302971986564926,
      0.09645167985616626,
      0.028341839451498582,
      0.010910850878484419,
      0.8004547335030088,
      0.0008111764451927603
    ],
    [
      0.801596159835187,
      0.12537482213048382,
      0.023008203170076746,
      0.014445566526806957,
      0.035007727979154434,
      0.0005675203582911623
    ],
    [
      0.7999709143426446,
      0.12670112037360795,
      0.0228292195555428,
      0.014633278502902672,
      0.035285843744881674,
      0.0005796234804203644
    ],
    [
      0.10626447721029243,
      0.026665795863628394,
      0.0036254808893679095,
      0.0041880286134274546,
      0.03343870813214882,
      0.825817509291135
    ],
    [
      0.7807728745512174,
      0.1361398597706203,
      0.026267922765438597,
      0.016040224858492883,
      0.04011838650012743,
      0.0006607315541035218
    ],
    [
      0.7760133346073548,
      0.14842412486503298,
      0.01619214395143102,
      0.016404751227658634,
      0.04218291039383783,
      0.0007827349546847865
    ],
    [
      0.683748859120477,
      0.15103287131581297,
      0.08540711912983423,
      0.02011918494443128,
      0.05896197680746804,
      0.0007299886819765008
    ],
    [
      0.6787778374899819,
      0.15779454201788204,
      0.08493503926725317,
      0.020888817549754718,
      0.05683485489924464,
      0.000768908775883507
    ],
    [
      0.7403209516189903,
      0.13962635722596428,
      0.05229589190756396,
      0.017438003251213627,
      0.0492522110302275,
      0.0010665849660404269
    ],
    [
      0.7582954286268241,
      0.15288059795227332,
      0.023149140687183576,
      0.01804679352193322,
      0.046857169168269625,
      0.000770870043516269
    ],
    [
      0.7234726284077876,
      0.12393626002082772,
      0.08503329483099738,
      0.01780757381534332,
      0.04885323941268451,
      0.00089700351235949
    ],
    [
      0.7232947378846967,
      0.15242169326225993,
      0.05748599681402735,
      0.01832773115221301,
      0.04788963866087549,
      0.0005802022259276376
    ],
    [
      0.06934322188939558,
      0.10546098960202173,
      0.02678616926142603,
      0.01161924185171635,
      0.785901620211587,
      0.0008887571838533349
    ],
    [
      0.8047622676224857,
      0.12334687524067288,
      0.023224659458679173,
      0.014242845147759956,
      0.03396242849033152,
      0.00046092404007082544
    ],
    [
      0.8307296449106992,
      0.09207605501209777,
      0.02105459640550327,
      0.011655806721184712,
      0.0424003570638471,
      0.002083539886667992
    ],
    [
      0.8293264815695891,
      0.09347652550186882,
      0.02164058445821972,
      0.0118222750092141,
      0.04161224483889447,
      0.0021218886222138297
    ],
    [
      0.8291383760520754,
      0.09456448874675262,
      0.021269356878511014,
      0.012066684875428113,
      0.04078508919301382,
      0.002176004254219014
    ],
    [
      0.7862378301120782,
      0.13311140835296786,
      0.026000776253788965,
      0.015795334567656825,
      0.03830372435237223,
      0.0005509263611359255
    ],
    [
      0.7772698145289898,
      0.1462511811422465,
      0.019188736456581756,
      0.016248429014555355,
      0.04037323270483765,
      0.0006686061527890319
    ],
    [
      0.6632717025331664,
      0.1363748161990827,
      0.10890346316167673,
      0.021055644792891393,
      0.06788060930442139,
      0.002513764008761489
    ],
    [
      0.6560546963015838,
      0.15352144125743838,
      0.0793195341505345,
      0.023377181708672142,
      0.08641342913201325,
      0.0013137174497579282
    ],
    [
      0.6830540260337474,
      0.12644572593473474,
      0.12837442207988656,
      0.018365751001923385,
      0.042276787417590736,
      0.0014832875321171583
    ],
    [
      0.9862669158089435,
      0.005640337848069918,
      0.0007210308566700876,
      0.0008155414424962794,
      0.005851123657248007,
      0.0007050503865721745
    ]
  ],
  [
    [
      0.9836898366184064,
      0.006505735409910708,
      0.0008450318868693778,
      0.0009611672016603359,
      0.007104467464643653,
      0.000893761418509481
    ],
    [
      0.11081066618683656,
      0.14851517370657888,
      0.045997078612855395,
      0.018030811236362035,
      0.6757096287462302,
      0.0009366415111369804
    ],
    [
      0.7649884674063764,
      0.16137420615214132,
      0.00799484415100095,
      0.017247413870323167,
      0.0475951876139179,
      0.000799880806240371
    ],
    [
      0.18226674507203444,
      0.29546684387184724,
      0.004255618149369884,
      0.02294283800820723,
      0.4932123103938818,
      0.0018556445046594594
    ],
    [
      0.378452965392761,
      0.11859427097732488,
      0.3196613601528121,
      0.030712235298363255,
      0.1490082361250854,
      0.003570932053653319
    ],
    [
      0.9759219037832073,
      0.009912183286727603,
      0.0012666396206668696,
      0.0014324736872727642,
      0.010269814973911955,
      0.0011969846482135418
    ],
    [
      0.6919706836734183,
      0.16263994107873814,
      0.06608402090187199,
      0.020291161967770976,
      0.05807492716101792,
      0.0009392652171827822
    ],
    [
      0.1311052119130991,
      0.19611385795092262,
      0.015360453644590483,
      0.021197498895117708,
      0.6352784747220844,
      0.0009445028741857317
    ],
    [
      0.7760299056406023,
      0.15372796593863222,
      0.009562122357605493,
      0.0158235022063039,
      0.044088123218749574,
      0.0007683806381066585
    ],
    [
      0.7817703128636094,
      0.14100532140920297,
      0.01679561928064211,
      0.016007365514475024,
      0.04369601000587006,
      0.0007253709262004595
    ],
    [
      0.9865199895390138,
      0.005549239017507363,
      0.0007074568084673636,
      0.000799413627258889,
      0.005705340952536232,
      0.000718560055216446
    ],
    [
      0.7878123348619158,
      0.13846757988718128,
      0.01472263126917128,
      0.015652270058792838,
      0.04264147002552296,
      0.0007037138974157726
    ],
    [
      0.7881465037754635,
      0.14566005185972372,
      0.008635202360894705,
      0.01574918963757114,
      0.04113801098089818,
      0.0006710413854488637
    ],
    [
      0.09909068744498586,
      0.13183578648654087,
      0.009669507121342662,
      0.014951154061373737,
      0.7432396154345559,
      0.0012132494512009924
    ],
    [
      0.7626601881131898,
      0.16682963110677443,
      0.003929176076874607,
      0.016835614970799682,
      0.048982842450529016,
      0.0007625472818324132
    ],
    [
      0.7101632854496785,
      0.19853833072002042,
      0.018773017932801294,
      0.019355549453723732,
      0.051980931255781966,
      0.0011888851879940862
    ],
    [
      0.13547012862377844,
      0.22491319896444803,
      0.006257258256845189,
      0.022621593970262418,
      0.6094587146163051,
      0.0012791055683608376
    ],
    [
      0.7687559298857134,
      0.16411680145870414,
      0.006658009006944484,
      0.016392462951553412,
      0.04341824792182829,
      0.000658548775256389
    ],
    [
      0.10168037434677848,
      0.025515470238495618,
      0.0034690826482729376,
      0.0040073628400354834,
      0.0319962084208159,
      0.8333315015056016
    ],
    [
      0.10517302929095297,
      0.026391910100700362,
      0.0035882433883968664,
      0.004145013155804548,
      0.033095257438423495,
      0.8276065466257219
    ],
    [
      0.1130586280853814,
      0.028370706526702413,
      0.0038572804973250594,
      0.004455795406393522,
      0.03557665332401466,
      0.814680936160183
    ],
    [
      0.1149472062382734,
      0.02884462255978905,
      0.0039217141084539955,
      0.004530226858470901,
      0.03617094047713672,
      0.8115852897578759
    ],
    [
      0.13881606516488718,
      0.03483422638925371,
      0.004736060484225517,
      0.005470931285564622,
      0.04368185878255486,
      0.7724608578935142
    ],
    [
      0.6825156937761782,
      0.23341890482681873,
      0.0037600233664123552,
      0.02134844204847876,
      0.05816359259836456,
      0.00079334338374748
    ],
    [
      0.3488164674107576,
      0.45542030098320374,
      0.006355744710670621,
      0.04203603959830754,
      0.14366248752390226,
      0.003708959773158262
    ],
    [
      0.7501705543468504,
      0.17542477427090716,
      0.004328451563314725,
      0.01869308081106317,
      0.05053299365433784,
      0.0008501453535266522
    ],
    [
      0.7534274977525607,
      0.17350593239501183,
      0.004280145027104129,
      0.01887588835035967,
      0.04908093923455788,
      0.0008295972404057659
    ],
    [
      0.7076774283519099,
      0.20388090649199167,
      0.0035480087005717222,
      0.02197170621591483,
      0.06207547766517681,
      0.0008464725744350927
    ],
    [
      0.660166610002023,
      0.2506884292864127,
      0.0027666568092501427,
      0.02289635555464636,
      0.06252006546974562,
      0.0009618828779222177
    ],
    [
      0.7582253114385538,
      0.17292678964297925,
      0.006472312012963818,
      0.017115443940105193,
      0.044680637667919944,
      0.0005795052974780744
    ],
    [
      0.7766628753042067,
      0.1577412065335323,
      0.0064061139142414045,
      0.016101996691470437,
      0.04253618662893531,
      0.0005516209276138867
    ],
    [
      0.7981789593528311,
      0.14276943534945077,
      0.006135955632479461,
      0.015016376108691092,
      0.03736477290638405,
      0.0005345006501636016
    ],
    [
      0.7994914861048551,
      0.14059749510184133,
      0.0065917854543221036,
      0.01490380802886894,
      0.037832123409909,
      0.0005833019002035321
    ],
    [
      0.7805175999873097,
      0.15369245611220328,
      0.006847606969028251,
      0.01618242877135267,
      0.04214846209635029,
      0.0006114460637557234
    ],
    [
      0.7730988428917382,
      0.16148336802120353,
      0.00684399131811724,
      0.016392076156893018,
      0.04157154232706028,
      0.0006101792849877827
    ],
    [
      0.7578965467725077,
      0.17286593562231192,
      0.007180262395521531,
      0.01769465123781796,
      0.0437002020164445,
      0.0006624019553964505
    ],
    [
      0.6466125210287397,
      0.26081686123534725,
      0.0018348739244818018,
      0.02567372190419673,
      0.06432283122827949,
      0.0007391906789550584
    ],
    [
      0.36503275864371093,
      0.38897336872868493,
      0.0048000605376772735,
      0.03611738181580525,
      0.20363922933139506,
      0.0014372009427266038
    ],
    [
      0.5890556300794971,
      0.14695617329672495,
      0.17943613771689662,
      0.023016726678504226,
      0.060312284774994326,
      0.001223047453382789
    ],
    [
      0.9810876140584758,
      0.007587307280862017,
      0.0009828568532155618,
      0.0011168821672479328,
      0.00821482693489591,
      0.0010105127053028026
    ]
  ],
  [
    [
      0.9853337505790702,
      0.005889860482219164,
      0.0007622220922642823,
      0.0008658644610987834,
      0.006357096038332704,
      0.0007912063470147942
    ],
    [
      0.7803494929864581,
      0.1415053647782658,
      0.01772397296469433,
      0.016019365049502667,
      0.04367326788434367,
      0.0007285363367355148
    ],
    [
      0.1223077726652754,
      0.19697842192112347,
      0.013270900370990294,
      0.020734481792293903,
      0.6458960544327199,
      0.0008123688175970729
    ],
    [
      0.7644852119227632,
      0.16139646594539195,
      0.0080825419504464,
      0.017254342272801884,
      0.04796378612111493,
      0.0008176517874817367
    ],
    [
      0.5910066370421054,
      0.14238132812888493,
      0.17559244583228242,
      0.02004079847014047,
      0.06942926452914779,
      0.0015495259974389066
    ],
    [
      0.9735767632604477,
      0.010838153748277414,
      0.0013877603695715886,
      0.0015705748988212621,
      0.011303504314214676,
      0.0013232434086673222
    ],
    [
      0.521357141284497,
      0.14055565907033757,
      0.1932684568284721,
      0.04031763392922245,
      0.09887093850570787,
      0.005630170381763092
    ],
    [
      0.6858875358795968,
      0.22480482110831496,
      0.004026713600092322,
      0.02141285918809628,
      0.06294331431537747,
      0.0009247559085221754
    ],
    [
      0.7635801006634723,
      0.16429308758783215,
      0.007709217481437092,
      0.017503836504768083,
      0.04623452160125506,
      0.0006792361612354245
    ],
    [
      0.12751542001026198,
      0.18561428634005023,
      0.016817159547535588,
      0.020050335606254525,
      0.6490205006616484,
      0.00098229783424935
    ],
    [
      0.7807376505598052,
      0.14092352217718374,
      0.016710408867075064,
      0.01598249986473923,
      0.04492057639513957,
      0.0007253421360572821
    ],
    [
      0.9834275409032427,
      0.006622643167696545,
      0.0008593682459981935,
      0.0009771383347122568,
      0.007209563418645423,
      0.0009037459297049493
    ],
    [
      0.11938689703925721,
      0.14966430135412562,
      0.03999857883308319,
      0.018397384781965155,
      0.671514156198914,
      0.0010386817926549463
    ],
    [
      0.7636138183957313,
      0.15801453157590728,
      0.006910992143857714,
      0.017149449198301803,
      0.05337575374101375,
      0.0009354549451881921
    ],
    [
      0.6211103366830335,
      0.2857592915253132,
      0.0018790729287802232,
      0.023531028654595096,
      0.06670238222665714,
      0.0010178879816208105
    ],
    [
      0.611450750501262,
      0.28948629117558006,
      0.0060507414398002345,
      0.02410636826576816,
      0.06810534094338304,
      0.0008005076742065998
    ],
    [
      0.10347583589753642,
      0.025966019777254063,
      0.0035303393514606444,
      0.004078124439266828,
      0.032561194165200424,
      0.8303884863692816
    ],
    [
      0.10500917640470776,
      0.02635079318438943,
      0.0035826531335596446,
      0.0041385554891034786,
      0.03304369713357278,
      0.827875124654667
    ],
    [
      0.7793652085664163,
      0.15031475665961186,
      0.007135104091572434,
      0.01667374549682506,
      0.04579524068041132,
      0.0007159445051630296
    ],
    [
      0.11399482699702594,
      0.02860563441343414,
      0.003889221286494872,
      0.00449269228795506,
      0.035871251133009346,
      0.8131463738820807
    ],
    [
      0.10500917640470776,
      0.02635079318438943,
      0.0035826531335596446,
      0.0041385554891034786,
      0.03304369713357278,
      0.827875124654667
    ],
    [
      0.7109257717661571,
      0.1986134152332272,
      0.005411560516729319,
      0.01956483799833056,
      0.0636409258213441,
      0.0018434886642116712
    ],
    [
      0.1443143712489509,
      0.26240988845449736,
      0.00657946638406968,
      0.023062303749212695,
      0.5624152829767721,
      0.0012186871864972209
    ],
    [
      0.7652461607687476,
      0.16343806396060256,
      0.008074497463461233,
      0.016871704740653626,
      0.04556260200341319,
      0.0008069710631218069
    ],
    [
      0.686557836122581,
      0.2279652000926138,
      0.003818081271282145,
      0.020992568362026398,
      0.05984881928137456,
      0.0008174948701220986
    ],
    [
      0.7546576790974797,
      0.17202106315810722,
      0.004120146786362515,
      0.01776264314963934,
      0.05065257228815435,
      0.0007858955202567271
    ],
    [
      0.6732032016853284,
      0.22822453108379354,
      0.008657101494669825,
      0.02206558157536712,
      0.06702783033786647,
      0.0008217538229746393
    ],
    [
      0.3550835727363917,
      0.43802927367578226,
      0.003119258814393016,
      0.04006451283566863,
      0.16189186558025362,
      0.0018115163575108872
    ],
    [
      0.1776130818489913,
      0.2644501040463082,
      0.005100758672258628,
      0.01822829160654357,
      0.5317458419229529,
      0.0028619219029454783
    ],
    [
      0.7674397007403415,
      0.16152782248019557,
      0.007403341345357802,
      0.016433133880069645,
      0.04655824949630972,
      0.0006377520577257394
    ],
    [
      0.07238634296938841,
      0.11402710356984054,
      0.014344576374278708,
      0.012118161532465343,
      0.7861666455345747,
      0.0009571700194523184
    ],
    [
      0.7779565817043395,
      0.15458856417843383,
      0.006349893691995517,
      0.01634853995291382,
      0.04420214288010525,
      0.0005542775922121898
    ],
    [
      0.7949173685965267,
      0.14358475508965263,
      0.006140792752396183,
      0.015478867245903152,
      0.039343166379462384,
      0.0005350499360590066
    ],
    [
      0.7960056786972834,
      0.14308750778671894,
      0.006321244969062711,
      0.015482594587615191,
      0.0385435845084307,
      0.0005593894508890705
    ],
    [
      0.7784406981132735,
      0.15547857050694708,
      0.00651815913277346,
      0.016162244573429428,
      0.042818031439476316,
      0.0005822962341002307
    ],
    [
      0.7613875968850061,
      0.1691912774698458,
      0.00686744341133266,
      0.01698848356834835,
      0.04491241689671618,
      0.0006527817687509871
    ],
    [
      0.6641596461582937,
      0.2393356814257355,
      0.013949922193147713,
      0.022008059547745006,
      0.059677749056724724,
      0.0008689416183534274
    ],
    [
      0.616580599236082,
      0.2889672077476955,
      0.00667146787015911,
      0.02358145179178297,
      0.06332471824150332,
      0.0008745551127770518
    ],
    [
      0.6580500328792449,
      0.22441959977349768,
      0.0369708690175674,
      0.022180598566678547,
      0.057463058583095375,
      0.0009158411799161066
    ],
    [
      0.9822864556843658,
      0.007064781218604343,
      0.0009179675448743051,
      0.0010442535253348201,
      0.00772349961818438,
      0.0009630424086363421
    ]
  ],
  [
    [
      0.9881290953699402,
      0.0048612816231074305,
      0.0006221458946754197,
      0.0007039782615124741,
      0.005061711802256361,
      0.0006217870485081347
    ],
    [
      0.8001120486221899,
      0.12678892294673366,
      0.02112355705117212,
      0.01463051989676795,
      0.03676039499055311,
      0.0005845564925833364
    ],
    [
      0.7669286997219641,
      0.1647068534187141,
      0.0066579055686162986,
      0.01636414878395788,
      0.04468392827125508,
      0.0006584642354925709
    ],
    [
      0.11156454310646807,
      0.027995783823494897,
      0.003806306016667497,
      0.004396911470699768,
      0.035106503064529164,
      0.8171299525181406
    ],
    [
      0.1309677035818596,
      0.19595739269729845,
      0.01711850994360905,
      0.02035906879725896,
      0.6344899395805436,
      0.0011073853994303185
    ],
    [
      0.14888351239896325,
      0.24307705002768265,
      0.010571151069429838,
      0.023393557841852618,
      0.5723656862881059,
      0.0017090423739657174
    ],
    [
      0.6654132605974893,
      0.2226544908804848,
      0.019624365553645905,
      0.02100027526738054,
      0.07027169467950313,
      0.0010359130214963954
    ],
    [
      0.7168540246877839,
      0.16720473894043789,
      0.03799164362817998,
      0.018993204535496643,
      0.05807142632876966,
      0.0008849618793319809
    ],
    [
      0.7659275848702852,
      0.16361072039757094,
      0.006667658324970688,
      0.0165315882274465,
      0.046670051883195326,
      0.0005923962965313024
    ],
    [
      0.12181375051456521,
      0.19926476712098978,
      0.01369739133084959,
      0.01972872154338609,
      0.644716444398847,
      0.0007789250913622939
    ],
    [
      0.7716164963330756,
      0.15818175419855426,
      0.008460033547213273,
      0.015817852659027243,
      0.04525654134238363,
      0.0006673219197460077
    ],
    [
      0.6967168897412288,
      0.1509036336606332,
      0.07325336584833109,
      0.019048947598273594,
      0.059316732917144184,
      0.0007604302343892161
    ],
    [
      0.9806484975927189,
      0.007751372242254045,
      0.0010050590413922145,
      0.001142488150030102,
      0.008417703249392422,
      0.0010348797242123737
    ],
    [
      0.6714853846316186,
      0.21898765181377766,
      0.016490168419586122,
      0.02127425809163165,
      0.07071346943908763,
      0.0010490676042984343
    ],
    [
      0.29147127762138236,
      0.2647206916037327,
      0.00822366846915258,
      0.027069363504760045,
      0.40625981223697877,
      0.0022551865639936267
    ],
    [
      0.3353277336258092,
      0.454986107639629,
      0.006355847199692003,
      0.046562226426370104,
      0.153172534107796,
      0.0035955510007037827
    ],
    [
      0.6243647323347882,
      0.27619872792243133,
      0.006108948149231594,
      0.023790958389768958,
      0.06872223903518528,
      0.0008143941685947091
    ],
    [
      0.6970746879721239,
      0.20229048090401308,
      0.009557718820977681,
      0.016196223409953744,
      0.07219136256500402,
      0.0026895263279275963
    ],
    [
      0.7651366635293076,
      0.16369329370963337,
      0.0063734124974962735,
      0.01774222341600723,
      0.04644725868029206,
      0.0006071481672633966
    ],
    [
      0.7662543021842003,
      0.1628199890261038,
      0.006361123023909532,
      0.01766894952364826,
      0.046293810993824513,
      0.0006018252483135556
    ],
    [
      0.7689723679077276,
      0.16047066987858952,
      0.007394876197797461,
      0.0163380313186534,
      0.04613122355924065,
      0.000692831137991327
    ],
    [
      0.15250858124359284,
      0.25362443465620044,
      0.006405233091861976,
      0.023537180468617802,
      0.562576900170808,
      0.0013476703689189785
    ],
    [
      0.45225137881309285,
      0.3218819400301373,
      0.018714835822635185,
      0.03561134354821813,
      0.1694160509597895,
      0.0021244508261269914
    ],
    [
      0.684487873759253,
      0.22772954804679035,
      0.003764497114464683,
      0.021518154372228093,
      0.061706414158599045,
      0.0007935125486647891
    ],
    [
      0.7665549969798806,
      0.16209875919900968,
      0.007634132108200518,
      0.01762476511431693,
      0.04532542997044606,
      0.0007619166281461624
    ],
    [
      0.7597790070398777,
      0.16907860524927343,
      0.004043683750311885,
      0.01735592355822953,
      0.04898851253874082,
      0.0007542678635667022
    ],
    [
      0.7534579901587415,
      0.17342853069594158,
      0.0038668586332425456,
      0.017930159518277426,
      0.05062416717428479,
      0.0006922938195122126
    ],
    [
      0.1692477778786743,
      0.2630986511058492,
      0.002699446252172276,
      0.02569166916421233,
      0.5377188633973715,
      0.0015435922017203868
    ],
    [
      0.6610109501714037,
      0.23938630536597286,
      0.013868970868290953,
      0.02278415303209762,
      0.06211868869248004,
      0.000830931869754905
    ],
    [
      0.7695434109397535,
      0.1595270136013896,
      0.007064603589742379,
      0.016536195817877457,
      0.04668613583773362,
      0.0006426402135034074
    ],
    [
      0.773628472314261,
      0.1563569775690876,
      0.007026001346519399,
      0.016487935316349504,
      0.04587398164235415,
      0.0006266318114282946
    ],
    [
      0.07350043203011129,
      0.11032621537288992,
      0.01447483723325484,
      0.012317421983844508,
      0.78837666970801,
      0.0010044236718894143
    ],
    [
      0.7892186110620634,
      0.14460567988252568,
      0.006600152008255384,
      0.015896574378034697,
      0.043078022394203386,
      0.0006009602749174877
    ],
    [
      0.07476499310870605,
      0.1105204179859762,
      0.014549936568183472,
      0.012363866856307632,
      0.7867638404506537,
      0.0010369450301729022
    ],
    [
      0.7620122581769864,
      0.1677959296748257,
      0.006537582177570051,
      0.018157752468091037,
      0.04492117327129279,
      0.0005753042312340769
    ],
    [
      0.7691994625472669,
      0.16088909317173342,
      0.007603149564100604,
      0.016486910986393325,
      0.04513924217730491,
      0.0006821415532008341
    ],
    [
      0.6598248770962296,
      0.24642646698121184,
      0.0028106610180733092,
      0.022209714591016377,
      0.06775515316909281,
      0.0009731271443761608
    ],
    [
      0.663312056647837,
      0.23897634382552985,
      0.013942232514064411,
      0.02468745378132406,
      0.05820866869439699,
      0.0008732445368477443
    ],
    [
      0.7257832008361483,
      0.1499766875896623,
      0.058100273794622966,
      0.01834336647529868,
      0.04713312830222041,
      0.0006633430020473699
    ],
    [
      0.9823612555069238,
      0.007023634540026976,
      0.0009134317147262992,
      0.0010394139875779223,
      0.007700070850800645,
      0.0009621933999444118
    ]
  ],
  [
    [
      0.9880928647820864,
      0.004875645713947472,
      0.0006240263023294776,
      0.0007061228907208896,
      0.0050777874417476145,
      0.0006235528691682889
    ],
    [
      0.07335115544610149,
      0.10293097885634972,
      0.023532693485744396,
      0.011872520833059645,
      0.787304564240646,
      0.001008087138098842
    ],
    [
      0.7646968929452047,
      0.168377080046252,
      0.006582166172827713,
      0.01670966005317081,
      0.04298969250074536,
      0.0006445082817994937
    ],
    [
      0.10729857561707198,
      0.02692529045431383,
      0.0036607617669474016,
      0.00422878384820005,
      0.033764112403754945,
      0.8241224759097119
    ],
    [
      0.7050058055197777,
      0.20633777251652302,
      0.0036218688408608582,
      0.02110076761162628,
      0.06300612911271641,
      0.0009276563984958225
    ],
    [
      0.45232891997902475,
      0.3556875686834472,
      0.004275154201659708,
      0.03818578782051122,
      0.14706128462216395,
      0.0024612846931932543
    ],
    [
      0.7052934043108069,
      0.2072958083346068,
      0.00367058844150801,
      0.01994327828466138,
      0.06286185020380854,
      0.0009350704246083564
    ],
    [
      0.1390045092585919,
      0.2040191807605788,
      0.0068064484607253655,
      0.02149233828409621,
      0.627585946783626,
      0.0010915764523817871
    ],
    [
      0.7658195639704743,
      0.16264369096672934,
      0.0033185363338678288,
      0.017099994671928125,
      0.05056302214653767,
      0.0005551919104627862
    ],
    [
      0.764254636073517,
      0.16098304151820553,
      0.003768497274245751,
      0.017607133451462118,
      0.05271695601674316,
      0.0006697356658265413
    ],
    [
      0.7085009811804645,
      0.2018195493868898,
      0.0034833835386830292,
      0.02092977601843139,
      0.0644341883050791,
      0.0008321215704522419
    ],
    [
      0.7302063162081638,
      0.1557759240718289,
      0.036325618827265906,
      0.01685615454742627,
      0.05973418084207463,
      0.0011018055032404937
    ],
    [
      0.13934388437128442,
      0.1950767666307603,
      0.02341631171720672,
      0.02115995850188351,
      0.6198117889268189,
      0.0011912898520461926
    ],
    [
      0.9484210658137653,
      0.021341133458720865,
      0.002258528995752995,
      0.0031785089457053604,
      0.022147018743498642,
      0.0026537440425568777
    ],
    [
      0.6130416836997643,
      0.19810966982520234,
      0.055471883389860935,
      0.019470244804667827,
      0.11135025834580584,
      0.0025562599346988053
    ],
    [
      0.23879847726530418,
      0.2917142231646397,
      0.008423149942504041,
      0.025900782473920518,
      0.4326615106750083,
      0.002501856478623235
    ],
    [
      0.6107897187622063,
      0.28597459031202094,
      0.004077467186796183,
      0.023415443969362796,
      0.07452526977899641,
      0.0012175099906174425
    ],
    [
      0.7336945895182242,
      0.18609388127447174,
      0.0038074986079951042,
      0.018985100536790787,
      0.05659899460882441,
      0.0008199354536937891
    ],
    [
      0.07527305747378657,
      0.0943407211478135,
      0.002228679288265721,
      0.011615758398175906,
      0.8152784619519332,
      0.0012633217400250657
    ],
    [
      0.777385947494739,
      0.1528859984486849,
      0.005824990248759277,
      0.017532170268938545,
      0.04586179326777567,
      0.0005091002711026038
    ],
    [
      0.7631507482755229,
      0.16366552933509695,
      0.005699469866938579,
      0.018253974111652384,
      0.048740447875030644,
      0.0004898305357586043
    ],
    [
      0.7599315203822671,
      0.16597886608188178,
      0.00704493595094177,
      0.017583731138811072,
      0.04883988706843425,
      0.000621059377664068
    ],
    [
      0.6402980598599104,
      0.2518088510489393,
      0.003942716423228237,
      0.020741347492020286,
      0.0810930615362102,
      0.002115963639691616
    ],
    [
      0.754909603582902,
      0.1714513104316567,
      0.006324918994181987,
      0.0179470298421263,
      0.04879985552868311,
      0.0005672816204498196
    ],
    [
      0.770195725873494,
      0.16204949856292455,
      0.005964998490274921,
      0.017409335922756584,
      0.04389064023627914,
      0.0004898009142707744
    ],
    [
      0.7742315438345504,
      0.15730176511948712,
      0.0032937093691083204,
      0.017672293468174526,
