[
  [
    [
      0.9875814437592895,
      0.005110481543273981,
      0.0006533119191917032,
      0.0007361683398152098,
      0.005253570437348499,
      0.0006650240010811435
    ],
    [
      0.9860247314392618,
      0.005619747221024352,
      0.0007266003577603865,
      0.0008251350029816781,
      0.006047854037676954,
      0.0007559319412947711
    ],
    [
      0.9839286376929133,
      0.006412454129121398,
      0.0008327254568984477,
      0.0009470943215385372,
      0.006997546526496567,
      0.0008815418730318672
    ],
    [
      0.983473295693951,
      0.006604743326164024,
      0.0008570086149096072,
      0.000974440729836292,
      0.007189095774631044,
      0.0009014158605080406
    ],
    [
      0.9827999516015391,
      0.0068550145502333844,
      0.0008909834863741657,
      0.0010136647617793885,
      0.007501410483542163,
      0.0009389751165318186
    ],
    [
      0.9823341307550032,
      0.007046196165765651,
      0.0009155130305414891,
      0.0010414456725512961,
      0.007702127322260483,
      0.0009605870538779176
    ],
    [
      0.981246368160828,
      0.007525086795735512,
      0.0009746625523822945,
      0.0011075172449325583,
      0.008143889699264053,
      0.0010024755468575964
    ],
    [
      0.982764529679151,
      0.006881776004356967,
      0.0008935451386336943,
      0.0010162170333224742,
      0.007506320091517575,
      0.0009376120530183701
    ],
    [
      0.9823612555069238,
      0.007023634540026976,
      0.0009134317147262992,
      0.0010394139875779223,
      0.007700070850800645,
      0.0009621933999444118
    ],
    [
      0.9865530991148433,
      0.005535953655706701,
      0.0007057284196085811,
      0.0007974466139156613,
      0.00569075981356384,
      0.0007170123823618779
    ],
    [
      0.9878078823076768,
      0.005015890426678556,
      0.0006501648480388757,
      0.0007221692962669553,
      0.005149857438462746,
      0.0006540356828760684
    ],
    [
      0.9870409011418575,
      0.005334464201154814,
      0.0006932508523967889,
      0.0007676403400542353,
      0.0054700691814963745,
      0.0006936742830403455
    ],
    [
      0.9874676447579414,
      0.005155751884796585,
      0.000687107397239246,
      0.0007412456548275418,
      0.005275057930367669,
      0.0006731923748275671
    ],
    [
      0.9850765279857449,
      0.006198210987089305,
      0.0007638469508720956,
      0.0008988114664770205,
      0.006252195757589487,
      0.0008104068522273356
    ],
    [
      0.9844143474829049,
      0.0064811363907128095,
      0.0007659173293762309,
      0.0009407110176975179,
      0.006555315189395246,
      0.0008425725899132839
    ],
    [
      0.9876809830605843,
      0.00506891272538246,
      0.0006519342650123563,
      0.0007300148847256546,
      0.005207967534182704,
      0.0006601875301126087
    ],
    [
      0.9844321237977446,
      0.006215579398931599,
      0.0008067660414084741,
      0.0009174141361266858,
      0.006772254511554696,
      0.0008558621142340515
    ],
    [
      0.9835144287200056,
      0.006588649682697941,
      0.0008548872149734191,
      0.000972015529234936,
      0.007170696909207395,
      0.0008993219438807312
    ],
    [
      0.9844321237977446,
      0.006215579398931599,
      0.0008067660414084741,
      0.0009174141361266858,
      0.006772254511554696,
      0.0008558621142340515
    ],
    [
      0.9874188556948202,
      0.005176423899490293,
      0.0006600762784181082,
      0.0007459343209870163,
      0.005325990263109495,
      0.0006727195431748357
    ],
    [
      0.9879894751696807,
      0.00493996112007669,
      0.0006476070484548602,
      0.0007109407627291503,
      0.0050667559551826795,
      0.0006452599438758398
    ],
    [
      0.9882279224404805,
      0.004840160877998822,
      0.0006442017985063226,
      0.0006961940141470508,
      0.004957734354436608,
      0.0006337865144306846
    ],
    [
      0.988120600744513,
      0.004885093463981934,
      0.0006457410515055579,
      0.0007028316968031603,
      0.005006789560846925,
      0.0006389434823494023
    ],
    [
      0.9885148431274053,
      0.004719921943652414,
      0.0006400329913615735,
      0.0006784452964417905,
      0.004826699689833158,
      0.0006200569513056538
    ],
    [
      0.9882007696286754,
      0.004851531164019662,
      0.0006445922611640794,
      0.0006978734334777014,
      0.00497014336199655,
      0.000635090150666564
    ],
    [
      0.984256875321565,
      0.006548783699013682,
      0.0007659245085486039,
      0.0009507210235888369,
      0.006627625118968197,
      0.0008500703283155552
    ],
    [
      0.9840320202986819,
      0.006645306564050071,
      0.000765934750811199,
      0.0009650099465923147,
      0.006730924899722388,
      0.0008608035401421669
    ],
    [
      0.9828234565948523,
      0.0070626117283584975,
      0.0008161806148618672,
      0.0010347831229459263,
      0.007340096605458538,
      0.0009228713335229889
    ],
    [
      0.9865834345319001,
      0.005408996115465337,
      0.0006983022178365854,
      0.0007925826840028478,
      0.005793147408937845,
      0.0007235370418573155
    ],
    [
      0.9863227311119446,
      0.005511130256171117,
      0.000711756046380627,
      0.0008079596642189594,
      0.005909669417650272,
      0.0007367535036344895
    ],
    [
      0.981125766718395,
      0.00750611724144035,
      0.000977080823209739,
      0.0011121976721537594,
      0.008252997277571108,
      0.0010258402672299748
    ],
    [
      0.983533006334724,
      0.006578086808421985,
      0.0008537424304559293,
      0.0009708032311072612,
      0.0071652041771459824,
      0.0008991570181449055
    ],
    [
      0.9837446819760973,
      0.006486378463095995,
      0.000842322515686596,
      0.000958008359182562,
      0.007078141408035041,
      0.0008904672779025345
    ],
    [
      0.9874188556948202,
      0.005176423899490293,
      0.0006600762784181082,
      0.0007459343209870163,
      0.005325990263109495,
      0.0006727195431748357
    ],
    [
      0.9866099268712446,
      0.0055131464063695014,
      0.0007027615867211236,
      0.000794070303864659,
      0.005665736778630581,
      0.0007143580531695182
    ],
    [
      0.9871427969174178,
      0.005291822536104411,
      0.0006917983482490677,
      0.0007613387799617845,
      0.005423475108906316,
      0.0006887683093606261
    ],
    [
      0.9865199895390138,
      0.005549239017507363,
      0.0007074568084673636,
      0.000799413627258889,
      0.005705340952536232,
      0.000718560055216446
    ],
    [
      0.9865853783482316,
      0.005408234197224571,
      0.0006982018802650582,
      0.0007924680145041969,
      0.0057922788932324555,
      0.0007234386665421837
    ],
    [
      0.9863641088923765,
      0.005494927036613227,
      0.0007096211553842476,
      0.0008055194116562154,
      0.0058911706171021075,
      0.0007346528868677686
    ],
    [
      0.9865853783482316,
      0.005408234197224571,
      0.0006982018802650582,
      0.0007924680145041969,
      0.0057922788932324555,
      0.0007234386665421837
    ]
  ],
  [
    [
      0.986835610285865,
      0.0053101003678970755,
      0.0006852820315085756,
      0.0007777040838257203,
      0.005680507678555479,
      0.0007107955523482658
    ],
    [
      0.7849113290300757,
      0.1405488383244947,
      0.017041081867397362,
      0.01561729827018805,
      0.04117192897490223,
      0.0007095235329420973
    ],
    [
      0.14192093006962486,
      0.17842996394139662,
      0.039504477410116395,
      0.015890368406775487,
      0.6214319239883846,
      0.0028223361837019668
    ],
    [
      0.7109673646534055,
      0.1542746396481627,
      0.07114157095289748,
      0.016909726244338022,
      0.04542937451329082,
      0.0012773239879054355
    ],
    [
      0.710454045806086,
      0.15679282538357822,
      0.06483546371561592,
      0.020841377324901707,
      0.04567687473293342,
      0.001399413036884849
    ],
    [
      0.6585950211292118,
      0.14651698549055645,
      0.10093890582068822,
      0.025848086862982934,
      0.06539012215398621,
      0.002710878542574459
    ],
    [
      0.6444069766597181,
      0.17593865441487758,
      0.0948827675925279,
      0.018552324793868567,
      0.06396929097053647,
      0.0022499855684714313
    ],
    [
      0.6655866641725305,
      0.1513906384604196,
      0.1003001505817527,
      0.016734271974327877,
      0.06366761309896501,
      0.0023206617120042124
    ],
    [
      0.09369491431934111,
      0.10005152571772524,
      0.0629525718524955,
      0.012909369568793613,
      0.7290291130142392,
      0.0013625055274052848
    ],
    [
      0.7898279126409657,
      0.13706401243708569,
      0.017543735180679115,
      0.015341649083917941,
      0.039637707712507894,
      0.0005849829448435781
    ],
    [
      0.8040327474275487,
      0.12430524273817511,
      0.021626172379972386,
      0.014447905939063511,
      0.03510574839366123,
      0.0004821831215791188
    ],
    [
      0.8045252207005265,
      0.12458412273548211,
      0.020464021953326014,
      0.014460871934706902,
      0.03548184009190559,
      0.00048392258405293895
    ],
    [
      0.11097436164097477,
      0.09428963619198111,
      0.023270647981055576,
      0.01218119815053024,
      0.7566985868156941,
      0.0025855692197642027
    ],
    [
      0.7866989291854176,
      0.14076373441485748,
      0.011176010883202414,
      0.01592388326385799,
      0.04476123152859341,
      0.000676210724071046
    ],
    [
      0.7994924989146575,
      0.13083547876554866,
      0.013405055587600481,
      0.01509400102008876,
      0.040606613933138046,
      0.0005663517789666237
    ],
    [
      0.7794615024769289,
      0.14354926161625448,
      0.020107845413417688,
      0.015527685090963396,
      0.04073170910945141,
      0.00062199629298408
    ],
    [
      0.7241761037612148,
      0.15160118068017064,
      0.05727392216969491,
      0.01825425131942066,
      0.048113655593707054,
      0.0005808864757920338
    ],
    [
      0.15906889698298177,
      0.17381474201464003,
      0.07119678333298651,
      0.015892938444179057,
      0.5770191124482654,
      0.003007526776947213
    ],
    [
      0.732588766911459,
      0.11411212881625657,
      0.09981199246095253,
      0.01383359095218821,
      0.03842755753033859,
      0.0012259633288050913
    ],
    [
      0.7778573340628873,
      0.14133176193814434,
      0.021936774287329992,
      0.015894157947462923,
      0.04234191065977278,
      0.0006380611044026779
    ],
    [
      0.8029711432187718,
      0.12521117940232784,
      0.021463363744018235,
      0.014457116431822261,
      0.03539685741558534,
      0.0005003397874744857
    ],
    [
      0.804807318991796,
      0.12457851544142134,
      0.02042203291572704,
      0.014466536141838704,
      0.035240235533242716,
      0.0004853609759742215
    ],
    [
      0.8242690243796134,
      0.09331822932329135,
      0.022850589227504145,
      0.01183749255588733,
      0.0456317605320741,
      0.0020929039816296948
    ],
    [
      0.8307296449106992,
      0.09207605501209777,
      0.02105459640550327,
      0.011655806721184712,
      0.0424003570638471,
      0.002083539886667992
    ],
    [
      0.8284623599200001,
      0.09448778346604067,
      0.02150309502403214,
      0.01199134729971184,
      0.041398366865979905,
      0.002157047424235496
    ],
    [
      0.8295586815568854,
      0.09570925862675642,
      0.017935508122854313,
      0.012401894493971624,
      0.042229144894724145,
      0.0021655123048081415
    ],
    [
      0.8299108609587886,
      0.09643408161620967,
      0.018104368309569373,
      0.012524595350548139,
      0.040839004345717814,
      0.0021870894191663975
    ],
    [
      0.8242120745339925,
      0.0992782532642448,
      0.014985117254150821,
      0.012866823179238967,
      0.04620363987069761,
      0.0024540918976753362
    ],
    [
      0.9863227311119446,
      0.005511130256171117,
      0.000711756046380627,
      0.0008079596642189594,
      0.005909669417650272,
      0.0007367535036344895
    ],
    [
      0.9858213613482826,
      0.005808945853626878,
      0.0007437189454834849,
      0.0008416589187585551,
      0.006056190434719409,
      0.0007281244991290597
    ],
    [
      0.7755648318133924,
      0.14821980676068625,
      0.014876127327674937,
      0.016288220818072623,
      0.04428773307393646,
      0.0007632802062373495
    ],
    [
      0.698926578735705,
      0.14940200434782971,
      0.07729557860349126,
      0.01960450374822811,
      0.05415329293601683,
      0.0006180416287290885
    ],
    [
      0.724970992680513,
      0.14885208293734803,
      0.05734652830640452,
      0.018293836933767973,
      0.04994091547442466,
      0.0005956436675417986
    ],
    [
      0.7784690800398901,
      0.14323071945587781,
      0.01962726631266619,
      0.015505178211537166,
      0.0425391816799263,
      0.0006285743001024786
    ],
    [
      0.7839360072798109,
      0.13923096991022008,
      0.017540109085076347,
      0.01574896717616416,
      0.04291835164038296,
      0.0006255949083455959
    ],
    [
      0.1106341058499325,
      0.09315399571024499,
      0.021273199211793402,
      0.012098496612110123,
      0.7602259291075861,
      0.002614273508332849
    ],
    [
      0.8040430599314632,
      0.12476141709237833,
      0.020276494445220623,
      0.014480486317002727,
      0.03593849966214947,
      0.0005000425517857503
    ],
    [
      0.8041192565707885,
      0.12423836680559232,
      0.021277838044253622,
      0.01442498068128973,
      0.03540555534797237,
      0.0005340025501034076
    ],
    [
      0.9878614134953749,
      0.004967340929851582,
      0.0006360346916997508,
      0.0007198203943105484,
      0.00518052928882903,
      0.0006348611999341112
    ],
    [
      0.9863227311119446,
      0.005511130256171117,
      0.000711756046380627,
      0.0008079596642189594,
      0.005909669417650272,
      0.0007367535036344895
    ]
  ],
  [
    [
      0.9837446819760973,
      0.006486378463095995,
      0.000842322515686596,
      0.000958008359182562,
      0.007078141408035041,
      0.0008904672779025345
    ],
    [
      0.7368593905773755,
      0.1403273708933395,
      0.06397269401737768,
      0.015559394892795633,
      0.04190715803189703,
      0.001373991587214647
    ],
    [
      0.6268380274176223,
      0.2826995566843672,
      0.005983691383272917,
      0.02332264090459213,
      0.0604386502411072,
      0.0007174333690382503
    ],
    [
      0.6185610817649263,
      0.2880018779396091,
      0.005823492158568579,
      0.025022428351486627,
      0.06188578641713517,
      0.0007053333682741907
    ],
    [
      0.6923373700719678,
      0.2164788468865861,
      0.015243985530104694,
      0.01973535169436335,
      0.05512260207839934,
      0.0010818437385786766
    ],
    [
      0.14895020610969814,
      0.2898338629073985,
      0.002737053233204021,
      0.024623098552861076,
      0.5325603131705232,
      0.0012954660263151344
    ],
    [
      0.40583002505084653,
      0.3867246992355255,
      0.002315264761034285,
      0.03658332400851402,
      0.16736566436395225,
      0.0011810225801274082
    ],
    [
      0.6431530569759037,
      0.24977628195168247,
      0.004048871582215653,
      0.02304170273149331,
      0.07783506442540238,
      0.002145022333302419
    ],
    [
      0.7644232651299753,
      0.16588286969027888,
      0.0073121113326347,
      0.017301592689680605,
      0.044441951981189165,
      0.0006382091762414454
    ],
    [
      0.7678938239218961,
      0.16496878149340008,
      0.006448886748191158,
      0.01703403223665188,
      0.04308475458197876,
      0.0005697210178821192
    ],
    [
      0.7760521381280792,
      0.15794220681398488,
      0.006429977698314788,
      0.016124007744573787,
      0.04289019583219423,
      0.0005614737828531204
    ],
    [
      0.7915898190163654,
      0.14697811618167433,
      0.0062807239773918465,
      0.015572097960170603,
      0.039027258415503516,
      0.0005519844488943645
    ],
    [
      0.11776280486471112,
      0.11515096444310702,
      0.007751057710153187,
      0.01320411370315876,
      0.7434060024226526,
      0.0027250568562172655
    ],
    [
      0.7840319555056726,
      0.14785055504536096,
      0.003901548183507609,
      0.016283383050306226,
      0.04723910993103931,
      0.0006934482841133101
    ],
    [
      0.07568034623933186,
      0.09770930142218813,
      0.0024143470268965985,
      0.01155485335978206,
      0.8113211419945119,
      0.0013200099572893565
    ],
    [
      0.7604839189837321,
      0.1719373978306555,
      0.006319624724856867,
      0.01702194971244224,
      0.043681815728896095,
      0.0005552930194172147
    ],
    [
      0.6832281623063389,
      0.2326145019003723,
      0.003456358295266137,
      0.021439488288485284,
      0.05859766484376649,
      0.0006638243657708655
    ],
    [
      0.6193326604660759,
      0.28723029923845955,
      0.005823492158568579,
      0.025022428351486627,
      0.061885786417135186,
      0.0007053333682741907
    ],
    [
      0.13561337987748545,
      0.264097163597083,
      0.005883894413408048,
      0.024156644885842255,
      0.5691828872626052,
      0.0010660299635759866
    ],
    [
      0.7045936941939841,
      0.20317123417732208,
      0.008644199192866981,
      0.01567104461495499,
      0.06553306588357843,
      0.0023867619372934155
    ],
    [
      0.12294453894953894,
      0.11780298881362251,
      0.008667498577426448,
      0.013525629470505203,
      0.7342417648468583,
      0.002817579342048654
    ],
    [
      0.11785990606370073,
      0.11291144890219945,
      0.0077564574193643016,
      0.013222994384489537,
      0.7455241111436728,
      0.0027250820865731473
    ],
    [
      0.8047554013698732,
      0.13783167108060895,
      0.006035048756801916,
      0.014332567143528603,
      0.03653232246958121,
      0.0005129891796060922
    ],
    [
      0.7982654747013949,
      0.14275362261008295,
      0.006126723685010339,
      0.01503487733839073,
      0.03728866780114237,
      0.0005306338639787756
    ],
    [
      0.798917694616943,
      0.14266773023111087,
      0.006123083322203989,
      0.015009211223401611,
      0.036753153108899664,
      0.0005291274974409873
    ],
    [
      0.7748950262220649,
      0.15682440900496045,
      0.003952141963485021,
      0.018341709441684083,
      0.045290301078682094,
      0.0006964122891235622
    ],
    [
      0.7750258422761154,
      0.15726729901094666,
      0.00395836407920369,
      0.01842957297763726,
      0.04461968680670872,
      0.0006992348493883051
    ],
    [
      0.8249553192544311,
      0.09684425370625378,
      0.019099912898339032,
      0.012554884032630326,
      0.044367776844169544,
      0.0021778532641762607
    ],
    [
      0.9870546290751737,
      0.005320472092314682,
      0.00067972779308026,
      0.000768658574401267,
      0.005508318846455281,
      0.000668193618574815
    ],
    [
      0.9832870968735151,
      0.006856430399847629,
      0.0008776095405908854,
      0.0009930937646063507,
      0.007142441207139859,
      0.0008433282143001891
    ],
    [
      0.15453242588472468,
      0.23729979871194762,
      0.02178272647973423,
      0.023347637967818163,
      0.5616278872992458,
      0.0014095236565294074
    ],
    [
      0.6479678603301564,
      0.25674912442056286,
      0.001764349942977326,
      0.023802393471066774,
      0.06900636873444191,
      0.0007099031007947442
    ],
    [
      0.6862220079676117,
      0.2275919325563566,
      0.0035883650354868314,
      0.020676660011252884,
      0.061204256907007794,
      0.0007167775222842811
    ],
    [
      0.11873533835006989,
      0.1928580234391795,
      0.013550405439172982,
      0.0203142705698714,
      0.6537786012865981,
      0.0007633609151081974
    ],
    [
      0.7666692389089933,
      0.1658203537364592,
      0.006692696312354623,
      0.016362105966697814,
      0.043856339363411115,
      0.0005992657120839961
    ],
    [
      0.7748728224595567,
      0.15848542396691112,
      0.006429557395298136,
      0.016431171385295353,
      0.04320985078733086,
      0.0005711740056078373
    ],
    [
      0.791310914804375,
      0.14695536220811303,
      0.006280698756064864,
      0.015565194190655137,
      0.039335865909630625,
      0.0005519641311613958
    ],
    [
      0.11561849605842608,
      0.14221722371350684,
      0.019678401741197685,
      0.014650346340824707,
      0.7057159376372026,
      0.002119594508842068
    ],
    [
      0.8042824649048225,
      0.12424624616506133,
      0.021277852387192302,
      0.014428896204190921,
      0.035230526091130164,
      0.000534014247602797
    ],
    [
      0.9866250787195497,
      0.005392671520071878,
      0.0006961525102109722,
      0.0007901259535945956,
      0.0057745412946328956,
      0.000721430001939987
    ]
  ],
  [
    [
      0.9835782562402832,
      0.006560389505013124,
      0.0008514091523278088,
      0.0009681356188353999,
      0.007144958913672256,
      0.0008968505698682797
    ],
    [
      0.7121213765333482,
      0.11311154478756302,
      0.11428801322337717,
      0.014865446721457867,
      0.04437351583722575,
      0.001240102897027962
    ],
    [
      0.14946249208132348,
      0.2702643243592249,
      0.0020342798953239816,
      0.022917421690260814,
      0.5542424159864859,
      0.0010790659873810566
    ],
    [
      0.33584618622935347,
      0.45830624076130766,
      0.005596374537321565,
      0.043123153106695566,
      0.15397266699090623,
      0.0031553783744154647
    ],
    [
      0.656570643039942,
      0.2421975204572853,
      0.01379881474780587,
      0.02206553057752249,
      0.06453689672708737,
      0.0008305944503571173
    ],
    [
      0.6645945405219557,
      0.23605057281677921,
      0.013719043784583919,
      0.021411447540308142,
      0.06340576745413937,
      0.0008186278822337114
    ],
    [
      0.6106487875841458,
      0.2909921021680055,
      0.005804308893559596,
      0.02447740866614893,
      0.06738464544683401,
      0.0006927472413062168
    ],
    [
      0.7618974378613863,
      0.1648002961103814,
      0.007724598667562222,
      0.016653774424987566,
      0.04822900785451169,
      0.0006948850811708979
    ],
    [
      0.7617631824324189,
      0.16864023588633278,
      0.006866887377514666,
      0.01662232545182129,
      0.0454656112099981,
      0.0006417576419143423
    ],
    [
      0.12789540031565763,
      0.20128737748535014,
      0.013599120168338344,
      0.02138209695231889,
      0.6351223897075488,
      0.0007136153707863562
    ],
    [
      0.130317989032938,
      0.22168763764142857,
      0.005914413525616134,
      0.020591288773135225,
      0.6204098719177228,
      0.0010787991091592561
    ],
    [
      0.7707937563831658,
      0.16122295407639806,
      0.00637083406566598,
      0.016504174658165026,
      0.04454527005596952,
      0.0005630107606355522
    ],
    [
      0.7958496551800165,
      0.14305523423784425,
      0.00630367647164672,
      0.01547311127297467,
      0.03876629118238635,
      0.0005520316551315919
    ],
    [
      0.7805698393496886,
      0.14998340544412012,
      0.0038841115715554,
      0.016661065873007717,
      0.04821815483591748,
      0.0006834229257107253
    ],
    [
      0.09717610695437401,
      0.14057371503310354,
      0.009089621720818536,
      0.015152730100594695,
      0.7369956662662615,
      0.001012159924847715
    ],
    [
      0.7645156073392955,
      0.16279958369397673,
      0.007709170811190208,
      0.017491066126574195,
      0.04680537317575356,
      0.0006791988532099382
    ],
    [
      0.6261714613163224,
      0.2809280661763189,
      0.005699423697122088,
      0.023078314809334432,
      0.06343989188478885,
      0.0006828421161134722
    ],
    [
      0.3371211713104162,
      0.4447539564046299,
      0.005674401872794795,
      0.04348460867061975,
      0.1658289525616678,
      0.003136909179871553
    ],
    [
      0.6118209911952052,
      0.289794007924158,
      0.005794427059436709,
      0.02448596418793703,
      0.06741609551041475,
      0.0006885141228483388
    ],
    [
      0.7072137345249631,
      0.19943544414962072,
      0.018564046740685618,
      0.018594132244034455,
      0.055111227213946685,
      0.0010814151267495521
    ],
    [
      0.7708810212489139,
      0.15851654718525993,
      0.006941037452590274,
      0.016733481755844593,
      0.04629422855519519,
      0.0006336838021961848
    ],
    [
      0.7775290311082884,
      0.15424229975780493,
      0.006768220141994928,
      0.016421312747965454,
      0.04441548893259307,
      0.0006236473113532577
    ],
    [
      0.789940362132652,
      0.14680379132088373,
      0.006386658651355409,
      0.01604695663500134,
      0.04026576889996256,
      0.0005564623601448934
    ],
    [
      0.12267418173552784,
      0.1113440252576259,
      0.007963907396626179,
      0.013491490154302642,
      0.7416939729396804,
      0.002832422516237071
    ],
    [
      0.7971577626028631,
      0.1419967042481407,
      0.00629159805848907,
      0.01541937327720486,
      0.03858756243918772,
      0.0005469993741146002
    ],
    [
      0.7884984357880287,
      0.14495792001815552,
      0.003990520944696735,
      0.016175770570165643,
      0.045659288031012435,
      0.0007180646479410256
    ],
    [
      0.7761750361112967,
      0.1515856370504649,
      0.006762865904798988,
      0.017017342650021312,
      0.04761081443350534,
      0.0008483038499127237
    ],
    [
      0.7781019152876233,
      0.14210438557048102,
      0.017099306208566145,
      0.016751737485010472,
      0.04523427750977319,
      0.0007083779385458666
    ],
    [
      0.9867906069189711,
      0.00543172894566131,
      0.0006937888483448782,
      0.0007844978762158725,
      0.005619440914625372,
      0.0006799364961815072
    ],
    [
      0.6594311576476896,
      0.22547462206748842,
      0.029515248752216734,
      0.022361649621071223,
      0.062173726855139076,
      0.0010435950563950143
    ],
    [
      0.1730582941924692,
      0.26859510070105114,
      0.009910230489093725,
      0.021107679964489045,
      0.5239151844833668,
      0.0034135101695301593
    ],
    [
      0.34290849479778845,
      0.44870771095640305,
      0.005590777991706715,
      0.04337778695907608,
      0.1562134344331706,
      0.00320179486185507
    ],
    [
      0.1539884841511422,
      0.301422864424699,
      0.00249652289179188,
      0.024848571395568158,
      0.5160695011272582,
      0.0011740560095405553
    ],
    [
      0.12832957617311463,
      0.20202702362107416,
      0.014825007193675925,
      0.021788766802039585,
      0.6321935795456625,
      0.0008360466644332859
    ],
    [
      0.1286042514492488,
      0.20060029336070798,
      0.014817247921470714,
      0.021901209661517543,
      0.6332516285146035,
      0.0008253690924514447
    ],
    [
      0.12228896919991362,
      0.19492271326962535,
      0.013469980795349216,
      0.02025606304493879,
      0.6483330056041674,
      0.0007292680860056409
    ],
    [
      0.7714362631325635,
      0.16027501590972806,
      0.006778615733240682,
      0.016448015920828746,
      0.044434072242085114,
      0.0006280170615538456
    ],
    [
      0.8038760021241746,
      0.138612762559414,
      0.006063088617911487,
      0.014350756835494189,
      0.03657268052147211,
      0.0005247093415336225
    ],
    [
      0.8054477445976199,
      0.12324278476875197,
      0.02211371317754749,
      0.014312309269110396,
      0.034409151969382455,
      0.0004742962175877829
    ],
    [
      0.9875814437592895,
      0.005110481543273981,
      0.0006533119191917032,
      0.0007361683398152098,
      0.005253570437348499,
      0.0006650240010811435
    ]
  ],
  [
    [
      0.9838111889045238,
      0.0064583399510506605,
      0.0008387785662229677,
      0.0009540160830351593,
      0.007050127877842137,
      0.0008875486173252399
    ],
    [
      0.7723131094587055,
      0.1497307346846235,
      0.01638733838990921,
      0.016391633356384154,
      0.044456777105049555,
      0.0007204070053281266
    ],
    [
      0.1523495969901958,
      0.27100197081753413,
      0.0020876669839054738,
      0.023930216319804586,
      0.549524176976575,
      0.0011063719119851964
    ],
    [
      0.6145086734757582,
      0.2847438460858177,
      0.0062058784616991665,
      0.024785012301522198,
      0.0689777705497737,
      0.0007788191254289956
    ],
    [
      0.16016722911999953,
      0.27292839152400145,
      0.003692099608114627,
      0.02234208680485106,
      0.5392496023504298,
      0.0016205905926035037
    ],
    [
      0.7605066349070586,
      0.16776562614758117,
      0.006584970939365465,
      0.018108807498600242,
      0.04643873542619811,
      0.0005952250811964307
    ],
    [
      0.7664955404796753,
      0.16350621917573238,
      0.007332801342862527,
      0.016193469855787512,
      0.045829737630907655,
      0.0006422315150346012
    ],
    [
      0.12277911318445785,
      0.19393840606133497,
      0.013380434899030336,
      0.021189982397445187,
      0.647894134489205,
      0.0008179289685267585
    ],
    [
      0.13031692472251255,
      0.20242496344075123,
      0.01413040014919666,
      0.02148941933762042,
      0.6307744600625849,
      0.0008638322873342617
    ],
    [
      0.6164831025826334,
      0.28535614973522105,
      0.006327664004512323,
      0.023646280568306366,
      0.06734016617297638,
      0.0008466369363505455
    ],
    [
      0.624382976486393,
      0.2806102711412487,
      0.0059608429535185125,
      0.02289190342419685,
      0.06537995919027992,
      0.0007740468043630949
    ],
    [
      0.7623297355314517,
      0.1652882375911376,
      0.006412607240666774,
      0.017857480477958203,
      0.04748773323079417,
      0.0006242059279916186
    ],
    [
      0.7738001797334633,
      0.1559889700657675,
      0.006455447709036058,
      0.016921198426786237,
      0.04624650172873224,
      0.0005877023362146834
    ],
    [
      0.7802505631157488,
      0.1490575622225729,
      0.004051503214602558,
      0.01667169949677067,
      0.04919444856406333,
      0.0007742233862417561
    ],
    [
      0.7699801426592374,
      0.157226601004591,
      0.003960789763325654,
      0.0173806401207478,
      0.050698453822468986,
      0.0007533726296291774
    ],
    [
      0.7633783879984606,
      0.16639144108287496,
      0.00664145561070846,
      0.016479096695697353,
      0.046528124194672,
      0.0005814944175867491
    ],
    [
      0.194162301743466,
      0.1823783088676399,
      0.004984740296112766,
      0.024415716994333862,
      0.5922829694659544,
      0.0017759626324931577
    ],
    [
      0.6908539928285121,
      0.17116771804543798,
      0.050710877452534116,
      0.01990927124983543,
      0.06647768519811387,
      0.0008804552255664621
    ],
    [
      0.7659173147693946,
      0.16337585882337735,
      0.007569238105973031,
      0.01647331485434904,
      0.045996200094444606,
      0.0006680733524613686
    ],
    [
      0.1505114692896225,
      0.19874189377482906,
      0.006507134163978242,
      0.028762106954208676,
      0.6126133390986461,
      0.002864056718715477
    ],
    [
      0.07227854374243636,
      0.1106009550258838,
      0.01438626944177398,
      0.012269186906847404,
      0.789485893137594,
      0.0009791517454644809
    ],
    [
      0.7898357504465952,
      0.14398854049799387,
      0.006600152008255384,
      0.015896574378034697,
      0.043078022394203386,
      0.0006009602749174877
    ],
    [
      0.12400861924376125,
      0.11610346255362337,
      0.008098841675852538,
      0.013928418943029496,
      0.7350005423937008,
      0.002860115190032587
    ],
    [
      0.798561549693502,
      0.13999074644981568,
      0.0064580748473823234,
      0.014783089476805612,
      0.03963133619375498,
      0.000575203338739379
    ],
    [
      0.7920214931183245,
      0.14639444519527273,
      0.006280711269090509,
      0.015568619349254275,
      0.039182756856684986,
      0.0005519742113730466
    ],
    [
      0.7872150124910564,
      0.1488273999633883,
      0.003556767720053079,
      0.01635832148413893,
      0.04342281997078081,
      0.0006196783705825402
    ],
    [
      0.7716614212711408,
      0.1431049948183752,
      0.01906536075891331,
      0.016582586378730373,
      0.04876414091955008,
      0.0008214958532903099
    ],
    [
      0.9805768947467224,
      0.008066661542547583,
      0.0009205241996561131,
      0.0011758464517392213,
      0.008260690540627842,
      0.0009993825187068557
    ],
    [
      0.9859354658397018,
      0.005772101177132252,
      0.0007382558184680007,
      0.0008351772360916304,
      0.005997943249430376,
      0.0007210566791759675
    ],
    [
      0.6577068377649473,
      0.12901526560425744,
      0.1376959968226697,
      0.017853627469370734,
      0.05646774566942225,
      0.0012605266693326315
    ],
    [
      0.14254876331278288,
      0.25232064671386245,
      0.00615757758335457,
      0.029703867524691757,
      0.5680802179427266,
      0.0011889269225817314
    ],
    [
      0.1586464736051443,
      0.27024882897826064,
      0.0022657753971809533,
      0.022680870264552528,
      0.5449730921475914,
      0.0011849596072701515
    ],
    [
      0.1487255395483322,
      0.27106557395890507,
      0.0022234020338460295,
      0.024037897699529943,
      0.5527603996291846,
      0.0011871871302022144
    ],
    [
      0.14044830109283774,
      0.2591381488561382,
      0.006355451129283541,
      0.024196500288452303,
      0.5685889524997834,
      0.001272646133504972
    ],
    [
      0.6645421152399598,
      0.22797602634386024,
      0.01563376264219855,
      0.021487990944673067,
      0.06955513964848185,
      0.0008049651808265223
    ],
    [
      0.1277292693225889,
      0.1923482805244859,
      0.014703654766479396,
      0.021801690137668184,
      0.6425710900342622,
      0.0008460152145154906
    ],
    [
      0.12197928394112023,
      0.1947074218751162,
      0.01345275939676982,
      0.020195846856090417,
      0.6489354880681536,
      0.0007291998627497352
    ],
    [
      0.7760047401970886,
      0.15803736863453488,
      0.006423474827924868,
      0.016121475665028338,
      0.04285415899406484,
      0.0005587816813584466
    ],
    [
      0.8039732380223767,
      0.12441067109820467,
      0.021692708410954102,
      0.014488669589270852,
      0.03495564127515327,
      0.0004790716040403838
    ],
    [
      0.9882967431656008,
      0.0048113354881450755,
      0.0006432090190706234,
      0.0006919372257070505,
      0.004926289403850247,
      0.0006304856976262466
    ]
  ],
  [
    [
      0.9870070626587814,
      0.0053486208583189655,
      0.0006937312340888278,
      0.00076973290510743,
      0.005485546722987585,
      0.0006953056207158258
    ],
    [
      0.06965763415871287,
      0.1079075712542851,
      0.024097503634571957,
      0.011914061826520383,
      0.7854903645271027,
      0.0009328645988069138
    ],
    [
      0.6978908268731105,
      0.20023807739369656,
      0.009492728992650093,
      0.015400572600329059,
      0.07433270360046097,
      0.0026450905397527387
    ],
    [
      0.12577683570020606,
      0.19719465732346492,
      0.014246426583498673,
      0.020899087026616112,
      0.6411179277486406,
      0.0007650656175736299
    ],
    [
      0.6997353207687247,
      0.1921681335933203,
      0.009447890475217135,
      0.016794536357292934,
      0.07923373183341326,
      0.0026203869720317426
    ],
    [
      0.12109311037827346,
      0.12312416253257467,
      0.0078313051000471,
      0.013701133530638471,
      0.7318576700304767,
      0.0023926184279895496
    ],
    [
      0.7651768021610786,
      0.16224557097768777,
      0.005698248871873814,
      0.0181925839715759,
      0.04819749119052857,
      0.0004893028272553188
    ],
    [
      0.7583352982019036,
      0.1680296849417194,
      0.00621748946744913,
      0.017864103308565756,
      0.04902229282130773,
      0.0005311312590544703
    ],
    [
      0.6329233038094366,
      0.26956731884386553,
      0.0052940006625689295,
      0.024022712010803304,
      0.06755313155632525,
      0.0006395331170003596
    ],
    [
      0.34575786282092064,
      0.454862692992247,
      0.005517076717279525,
      0.042415345236542716,
      0.14831803143478198,
      0.003128990798228128
    ],
    [
      0.6274937504969573,
      0.27202562182940243,
      0.005616866857982511,
      0.023723001297125942,
      0.07045704498785277,
      0.000683714530679026
    ],
    [
      0.6924085084596628,
      0.20512952168436813,
      0.008579422959116218,
      0.018831223689917756,
      0.0725633618764882,
      0.002487961330446958
    ],
    [
      0.7656744403753748,
      0.16174793276339158,
      0.005698248871873814,
      0.0181925839715759,
      0.04819749119052857,
      0.000489302827255319
    ],
    [
      0.07553552585868485,
      0.0944794723493609,
      0.0022432748568622153,
      0.01166679359858171,
      0.8148115546830453,
      0.0012633786534650177
    ],
    [
      0.07549324375893532,
      0.09547343092332328,
      0.002240923597347523,
      0.011658572130555642,
      0.8138704601047907,
      0.0012633694850475547
    ],
    [
      0.7627675149846712,
      0.1644649306568159,
      0.0056938484517265655,
      0.018238811532535953,
      0.048347461001918404,
      0.0004874333723319912
    ],
    [
      0.7632565727839661,
      0.16389792341704326,
      0.005695719488151424,
      0.018195976996736467,
      0.0484655835197246,
      0.00048822379437822296
    ],
    [
      0.7583352982019036,
      0.1680296849417194,
      0.00621748946744913,
      0.017864103308565756,
      0.04902229282130773,
      0.0005311312590544703
    ],
    [
      0.7631124690816744,
      0.16451989699393188,
      0.005693881883502181,
      0.018247964158034063,
      0.0479383274408438,
      0.0004874604420136785
    ],
    [
      0.775998517048984,
      0.15522754999854949,
      0.005690881028861937,
      0.017570830480849883,
      0.04505917312940279,
      0.00045304831335197485
    ],
    [
      0.7892186110620634,
      0.14460567988252568,
      0.006600152008255384,
      0.015896574378034697,
      0.043078022394203386,
      0.0006009602749174877
    ],
    [
      0.7889063546691256,
      0.1466113779143398,
      0.006786002052570867,
      0.015265162981490624,
      0.041811183825585546,
      0.0006199185568875598
    ],
    [
      0.10971991385646497,
      0.142346581070456,
      0.00752912193994573,
      0.01400364985327637,
      0.7243104592679189,
      0.002090274011938043
    ],
    [
      0.06603608418122922,
      0.0998912039882352,
      0.02680846374028899,
      0.011357226158140887,
      0.7949854835334579,
      0.000921538398647812
    ],
    [
      0.8022850449864631,
      0.12515683225944546,
      0.02140675016422918,
      0.014440595767094368,
      0.036210455898442045,
      0.0005003209243257747
    ],
    [
      0.089496172666469,
      0.1176889505111283,
      0.017988590395147296,
