[
  [
    [
      0.9865530991148433,
      0.005535953655706701,
      0.0007057284196085811,
      0.0007974466139156613,
      0.00569075981356384,
      0.0007170123823618779
    ],
    [
      0.9862438640235915,
      0.005640832829952619,
      0.0007217576348890755,
      0.0008166299653154307,
      0.005869280260702896,
      0.0007076352855484326
    ],
    [
      0.9802889753240669,
      0.007942489289221314,
      0.0010265082088556155,
      0.0011655510691289265,
      0.008536662608239348,
      0.0010398135004878737
    ],
    [
      0.9802889753240669,
      0.007942489289221314,
      0.0010265082088556155,
      0.0011655510691289265,
      0.008536662608239348,
      0.0010398135004878737
    ],
    [
      0.9833612895825029,
      0.006633126958595727,
      0.0008619089716796244,
      0.0009804942582128293,
      0.007252362264124337,
      0.0009108179648845685
    ],
    [
      0.9868456012526947,
      0.0054161412958258276,
      0.000696009886382876,
      0.0007797168631431617,
      0.005559426656880239,
      0.0007031040450732531
    ],
    [
      0.9879894751696807,
      0.00493996112007669,
      0.0006476070484548602,
      0.0007109407627291503,
      0.0050667559551826795,
      0.0006452599438758398
    ],
    [
      0.9844415281463577,
      0.006213862824560365,
      0.0008063915305670467,
      0.0009169282539299959,
      0.00676635025432306,
      0.0008549389902618755
    ],
    [
      0.983533006334724,
      0.006578086808421985,
      0.0008537424304559293,
      0.0009708032311072612,
      0.0071652041771459824,
      0.0008991570181449055
    ],
    [
      0.9836898366184064,
      0.006505735409910708,
      0.0008450318868693778,
      0.0009611672016603359,
      0.007104467464643653,
      0.000893761418509481
    ],
    [
      0.9823612555069238,
      0.007023634540026976,
      0.0009134317147262992,
      0.0010394139875779223,
      0.007700070850800645,
      0.0009621933999444118
    ],
    [
      0.9820664916176061,
      0.007154116094093261,
      0.0009294972682512226,
      0.0010573385598483971,
      0.007819088119530075,
      0.0009734683406709963
    ],
    [
      0.9810876140584758,
      0.007587307280862017,
      0.0009828568532155618,
      0.0011168821672479328,
      0.00821482693489591,
      0.0010105127053028026
    ],
    [
      0.9776976300420235,
      0.009084620768788689,
      0.0010664055501763087,
      0.0013396019146163852,
      0.009615625034765625,
      0.0011961166896294361
    ],
    [
      0.9761332984761479,
      0.009770961268117898,
      0.0011391803543618422,
      0.0014367780895355804,
      0.010260148328642782,
      0.0012596334831940054
    ],
    [
      0.9832654421334731,
      0.006921809117936849,
      0.0008818584710886687,
      0.0009962494509895262,
      0.0071010081733747414,
      0.000833632653137156
    ],
    [
      0.9837991949880294,
      0.006696852194734188,
      0.0008534082585179698,
      0.0009641934033233359,
      0.006875810064370874,
      0.0008105410910242508
    ],
    [
      0.9833612895825029,
      0.006633126958595727,
      0.0008619089716796244,
      0.0009804942582128293,
      0.007252362264124337,
      0.0009108179648845685
    ],
    [
      0.9836898366184064,
      0.006505735409910708,
      0.0008450318868693778,
      0.0009611672016603359,
      0.007104467464643653,
      0.000893761418509481
    ],
    [
      0.983533006334724,
      0.006578086808421985,
      0.0008537424304559293,
      0.0009708032311072612,
      0.0071652041771459824,
      0.0008991570181449055
    ],
    [
      0.9827497643558625,
      0.006874572232700835,
      0.0008935669181549721,
      0.0010166202702385349,
      0.007523913587235383,
      0.0009415626358078315
    ],
    [
      0.9822333991478883,
      0.007085461484234223,
      0.0009206989545788408,
      0.0010473782046436396,
      0.0077472861943382884,
      0.0009657760143166534
    ],
    [
      0.9810092852058137,
      0.00761024908222537,
      0.0009864541258945742,
      0.0011212178469470675,
      0.008256296135791465,
      0.0010164976033279712
    ],
    [
      0.9856535714831267,
      0.005886514212774693,
      0.0007530327790614124,
      0.0008519517647045647,
      0.00612064739669887,
      0.0007342823636337667
    ],
    [
      0.9860197897702279,
      0.005730322613225688,
      0.0007334232005062294,
      0.0008299152525598077,
      0.005968115057425422,
      0.000718434106054964
    ],
    [
      0.9822228624947029,
      0.007303563112297094,
      0.0008454516636202802,
      0.001070823797818568,
      0.007605508184993098,
      0.000951790746567962
    ],
    [
      0.984197885006074,
      0.006574114352722794,
      0.0007659271965981427,
      0.0009544701961920765,
      0.006654720163918658,
      0.0008528830844944646
    ],
    [
      0.9840189423151328,
      0.0066509179577770245,
      0.0007659353461996375,
      0.0009658408584247956,
      0.006736934740842578,
      0.0008614287816232189
    ],
    [
      0.9884033585056048,
      0.004766661158696325,
      0.0006416621428474286,
      0.0006853422005271424,
      0.004877594331509989,
      0.0006253816608143332
    ],
    [
      0.9885148431274053,
      0.004719921943652414,
      0.0006400329913615735,
      0.0006784452964417905,
      0.004826699689833158,
      0.0006200569513056538
    ],
    [
      0.9885148431274053,
      0.004719921943652414,
      0.0006400329913615735,
      0.0006784452964417905,
      0.004826699689833158,
      0.0006200569513056538
    ],
    [
      0.9884033585056048,
      0.004766661158696325,
      0.0006416621428474286,
      0.0006853422005271424,
      0.004877594331509989,
      0.0006253816608143332
    ],
    [
      0.9875814437592895,
      0.005110481543273981,
      0.0006533119191917032,
      0.0007361683398152098,
      0.005253570437348499,
      0.0006650240010811435
    ],
    [
      0.9825246784002679,
      0.0069622560664339824,
      0.0009051514722723856,
      0.0010298741116926023,
      0.0076248596301058845,
      0.0009531803192273414
    ],
    [
      0.9825165595517151,
      0.006975059630531829,
      0.0009061195190512742,
      0.0010307004818404754,
      0.007620360533131932,
      0.0009512002837293071
    ],
    [
      0.9811461201441883,
      0.00756437986646178,
      0.000979837165434445,
      0.0011134310157750456,
      0.008188682254916658,
      0.0010075495532237753
    ],
    [
      0.9825165595517151,
      0.006975059630531829,
      0.0009061195190512742,
      0.0010307004818404754,
      0.007620360533131932,
      0.0009512002837293071
    ],
    [
      0.9823612555069238,
      0.007023634540026976,
      0.0009134317147262992,
      0.0010394139875779223,
      0.007700070850800645,
      0.0009621933999444118
    ],
    [
      0.9856743695431255,
      0.005756792837946868,
      0.0007446676800127431,
      0.0008457906833886568,
      0.006204596683313895,
      0.0007737825722123275
    ],
    [
      0.9867560007493205,
      0.0054535905007701314,
      0.0006972648125639433,
      0.000785256750451539,
      0.0056004452839644005,
      0.0007074419029295596
    ]
  ],
  [
    [
      0.9856306228348403,
      0.005773892229529245,
      0.0007469228182754277,
      0.0008483692282808575,
      0.006224176326494604,
      0.0007760165625796914
    ],
    [
      0.06351930160921156,
      0.09564991092695146,
      0.026907980192140593,
      0.010936649200156943,
      0.8021610286228011,
      0.0008251294487383852
    ],
    [
      0.11059333299305506,
      0.09501422595944127,
      0.02332644181084705,
      0.01236299760545213,
      0.7560993701902631,
      0.0026036314409415037
    ],
    [
      0.10933984262643387,
      0.09519639859716866,
      0.024581468436993208,
      0.012432070975911712,
      0.7558878666231603,
      0.0025623527403322885
    ],
    [
      0.10960561128635883,
      0.09512626637317757,
      0.02414428022403702,
      0.01238808754586884,
      0.7561683794697537,
      0.0025673751008041187
    ],
    [
      0.7966819342243708,
      0.12955853106341206,
      0.020445098004799277,
      0.014924727215354153,
      0.037831813759332,
      0.0005578957327316532
    ],
    [
      0.7776776066765683,
      0.14143608159940618,
      0.022175122267768514,
      0.015933942832299146,
      0.04213989894570852,
      0.000637347678249449
    ],
    [
      0.771699783384721,
      0.15124547220179424,
      0.01803807202099147,
      0.016327113067845914,
      0.04202437563207319,
      0.0006651836925742388
    ],
    [
      0.7003851950662892,
      0.14828831401725395,
      0.07685799272225417,
      0.019887042741638876,
      0.05392241451101912,
      0.0006590409415446793
    ],
    [
      0.7710174336363006,
      0.15192782195021465,
      0.01803807202099147,
      0.016327113067845917,
      0.04202437563207319,
      0.0006651836925742388
    ],
    [
      0.11127780760062232,
      0.1599175859598319,
      0.027866657627041505,
      0.016108404100715772,
      0.6834543637658501,
      0.0013751809459384447
    ],
    [
      0.6630274946020263,
      0.18970969456349743,
      0.06427773381240305,
      0.022044514246968013,
      0.05958706209978693,
      0.0013535006753184079
    ],
    [
      0.6446397477404009,
      0.1964093447674712,
      0.07438789770336247,
      0.022257723995809105,
      0.06096425518120121,
      0.0013410306117552118
    ],
    [
      0.6503898168621867,
      0.13688410627415576,
      0.11312257885782363,
      0.024434554422299463,
      0.07236148433060532,
      0.002807459252929228
    ],
    [
      0.12835486861831194,
      0.130932926242628,
      0.030352138108752633,
      0.016153019302116385,
      0.6920428753470244,
      0.002164172381166781
    ],
    [
      0.13709123926528605,
      0.1691597651699795,
      0.03452237412458177,
      0.01905542933966453,
      0.6388325328083654,
      0.0013386592921228217
    ],
    [
      0.0904413371872064,
      0.12748630508595193,
      0.026243341910555273,
      0.014176676520509336,
      0.7406412328191658,
      0.001011106476611221
    ],
    [
      0.09378548595823913,
      0.12511121274453385,
      0.019519856208288056,
      0.014162394300328696,
      0.7462824909028514,
      0.001138559885758856
    ],
    [
      0.7659500730045613,
      0.14964407352178943,
      0.021601190551879635,
      0.016272123372173063,
      0.04585297144016153,
      0.0006795681094351145
    ],
    [
      0.7191078154177533,
      0.1256609056378,
      0.08610336309695549,
      0.017712679852354023,
      0.05047708756137993,
      0.0009381484337572523
    ],
    [
      0.74371452816122,
      0.13798193336956238,
      0.048554654601212624,
      0.017400965594825114,
      0.0513056363145714,
      0.0010422819586085202
    ],
    [
      0.7228062804779697,
      0.1324945405340142,
      0.0722129753611978,
      0.018655960424356147,
      0.052831506692596626,
      0.0009987365098656374
    ],
    [
      0.7162117457651879,
      0.13456139499204264,
      0.08045721737472727,
      0.017339406530241123,
      0.05045006640587969,
      0.0009801689319213745
    ],
    [
      0.14107573315701394,
      0.16707090809045716,
      0.03321800145257714,
      0.01935484627070891,
      0.6376662931255469,
      0.0016142179036959272
    ],
    [
      0.9792707883503555,
      0.008618255255697224,
      0.0009822138275649742,
      0.0012556008547396343,
      0.008812351917904887,
      0.0010607897937377952
    ],
    [
      0.778301326398351,
      0.14212018133637325,
      0.017115760662784703,
      0.016756539139620424,
      0.044997809128747346,
      0.0007083833341232969
    ],
    [
      0.8000445000301133,
      0.13170331098806723,
      0.0109918353821927,
      0.015302349201496406,
      0.0413171379997883,
      0.0006408663983421183
    ],
    [
      0.8280890350981149,
      0.09508254326543455,
      0.018540871945192317,
      0.01208409793776643,
      0.0440478560680679,
      0.0021555956854238598
    ],
    [
      0.8269500046725667,
      0.09389457867136376,
      0.022399775395932287,
      0.011915965803306415,
      0.042686371015745676,
      0.0021533044410851736
    ],
    [
      0.8293341082883594,
      0.09351051233575755,
      0.021115578007084128,
      0.01189707496534933,
      0.04198716807847956,
      0.0021555583249700185
    ],
    [
      0.8289609546605976,
      0.09332900882233583,
      0.021197400223748955,
      0.01189293280315923,
      0.04248556937773185,
      0.002134134112426518
    ],
    [
      0.8298932434812789,
      0.0924574284613163,
      0.022012139381392584,
      0.011792044397344803,
      0.04175233704873804,
      0.0020928072299293355
    ],
    [
      0.7901858938984012,
      0.13760620948127844,
      0.01742989791437974,
      0.015427021180015045,
      0.0387445535887956,
      0.0006064239371299428
    ],
    [
      0.7725545986339618,
      0.15128178071603246,
      0.018220341402496662,
      0.01633026956501481,
      0.04095118424600052,
      0.0006618254364938249
    ],
    [
      0.5435670435033612,
      0.1449977127970873,
      0.20118588470362994,
      0.03588057652230484,
      0.07229720373418824,
      0.002071578739428583
    ],
    [
      0.649859319952114,
      0.21872494528594544,
      0.046297431155301,
      0.02320507206465402,
      0.06103758649825255,
      0.0008756450437329854
    ],
    [
      0.5951914895280708,
      0.1366789014495426,
      0.14374861823091933,
      0.043401577130015676,
      0.07797075522847038,
      0.003008658432981255
    ],
    [
      0.7720123172327953,
      0.1520816567113398,
      0.018125901648655202,
      0.016352743049792492,
      0.040762168367146676,
      0.0006652129902705772
    ],
    [
      0.07302293053014124,
      0.10236904421174675,
      0.02236206097544634,
      0.011825521521865025,
      0.7894249222062903,
      0.000995520554510334
    ],
    [
      0.9860247314392618,
      0.005619747221024352,
      0.0007266003577603865,
      0.0008251350029816781,
      0.006047854037676954,
      0.0007559319412947711
    ]
  ],
  [
    [
      0.9865530991148433,
      0.005535953655706701,
      0.0007057284196085811,
      0.0007974466139156613,
      0.00569075981356384,
      0.0007170123823618779
    ],
    [
      0.7980847257442939,
      0.12908028645505937,
      0.019159828431950625,
      0.014955785416690317,
      0.038161833662084685,
      0.0005575402899211035
    ],
    [
      0.7984220542992024,
      0.1399840118496398,
      0.00645806262073733,
      0.014779742849268253,
      0.039780934887516356,
      0.0005751934936359076
    ],
    [
      0.7977140083036427,
      0.14054798107517755,
      0.006458050574128662,
      0.014776445500541826,
      0.039928330753008584,
      0.000575183793500733
    ],
    [
      0.7972371696981014,
      0.14072752812527725,
      0.006449970990247026,
      0.014799907626559422,
      0.04021362190773383,
      0.0005718016520811057
    ],
    [
      0.07064840314711662,
      0.11045599737171816,
      0.014359981063178172,
      0.011920693641813302,
      0.7916447519023684,
      0.0009701728738054627
    ],
    [
      0.1214131145458877,
      0.19586406215918778,
      0.013789183557714104,
      0.020482974916755797,
      0.6476753522802446,
      0.0007753125402100595
    ],
    [
      0.6591699369120739,
      0.24865803933332783,
      0.002639520835371685,
      0.02305422023026506,
      0.06554957465720512,
      0.0009287080317564547
    ],
    [
      0.677006436643921,
      0.19719923411778806,
      0.009761181951123653,
      0.026482973669284232,
      0.08836908652519768,
      0.0011810870926854018
    ],
    [
      0.6584209899595476,
      0.24966800320950866,
      0.002639542677722741,
      0.023060193925551448,
      0.06528254898209476,
      0.0009287212455748971
    ],
    [
      0.7490772875221581,
      0.17610055337490846,
      0.003975971444535621,
      0.01868240982025292,
      0.051433375135674544,
      0.0007304027024704632
    ],
    [
      0.15691522898261617,
      0.2704034340774039,
      0.0027159681961007307,
      0.025872992755943767,
      0.5425364452623405,
      0.00155593072559494
    ],
    [
      0.3542346678034007,
      0.45243194659788166,
      0.006187994029475884,
      0.039642017759270294,
      0.14376339585763434,
      0.003739977952337108
    ],
    [
      0.6685557580930768,
      0.22603271793982865,
      0.0022191260973870868,
      0.025046796981158206,
      0.077115583019619,
      0.001030017868930337
    ],
    [
      0.7290178286230538,
      0.1713678052356217,
      0.005450538767872207,
      0.022973048720303754,
      0.06996584155260992,
      0.001224937100538718
    ],
    [
      0.709498632841921,
      0.20146741182900668,
      0.0036144011097921603,
      0.020785831127740517,
      0.06374956693325713,
      0.0008841561582824649
    ],
    [
      0.7512615969912608,
      0.17335381856391552,
      0.00415213090668877,
      0.01784275139943952,
      0.05264092079960414,
      0.0007487813390911803
    ],
    [
      0.7553556547945187,
      0.17304237004216977,
      0.0038077035644298145,
      0.01707608069447531,
      0.05001405108589892,
      0.0007041398185075395
    ],
    [
      0.6300050973229188,
      0.27286382974310186,
      0.004317118368059083,
      0.025025066415170803,
      0.06684585176096736,
      0.0009430363897821167
    ],
    [
      0.14116260725089572,
      0.240808301883438,
      0.005041283760529593,
      0.02196663805556603,
      0.5899945611596693,
      0.0010266078899014578
    ],
    [
      0.19744836084870548,
      0.1759623191634334,
      0.04616462774297294,
      0.053790335977854174,
      0.5240759242553382,
      0.0025584320116957588
    ],
    [
      0.17903093040181586,
      0.21451314742862296,
      0.006434109893338012,
      0.01653532678291509,
      0.5805046095098886,
      0.002981875983419529
    ],
    [
      0.4249312070985556,
      0.3531374877644585,
      0.009800888079120103,
      0.03567919159522851,
      0.17494184901954435,
      0.001509376443092923
    ],
    [
      0.7374353549282795,
      0.15119266923631391,
      0.037365203388045165,
      0.01719449480327313,
      0.055728612570501976,
      0.001083665073586402
    ],
    [
      0.729033778793196,
      0.12625553714579935,
      0.07649608622239837,
      0.017660619946033983,
      0.049714627568991754,
      0.0008393503235806392
    ],
    [
      0.979634782131023,
      0.008290593186878662,
      0.0009730516657862641,
      0.001222440346665495,
      0.008773647260325024,
      0.0011054854093216948
    ],
    [
      0.7780289032016421,
      0.13978444300580925,
      0.01706591016484572,
      0.016989651165962846,
      0.047414510329441696,
      0.0007165821322984966
    ],
    [
      0.0738577736445229,
      0.09455370469245031,
      0.0023791631756585312,
      0.011400461545073425,
      0.8165102956955689,
      0.0012986012467260236
    ],
    [
      0.8055404159265946,
      0.1382542363669878,
      0.006056963050157683,
      0.014399174343388069,
      0.03522702648744321,
      0.0005221838254285975
    ],
    [
      0.7994363011497595,
      0.14268057596105915,
      0.006103818832327396,
      0.01500501314720817,
      0.036253183579302156,
      0.0005211073303435803
    ],
    [
      0.7997487060517608,
      0.14056060960320346,
      0.006588227374195911,
      0.014905457037790209,
      0.0376151647644751,
      0.0005818351685745011
    ],
    [
      0.7755811594172372,
      0.15873957657923118,
      0.006396852372436703,
      0.016331491820346575,
      0.042388133818972024,
      0.0005627859917763624
    ],
    [
      0.12816551764448664,
      0.20282128427824908,
      0.0077717647471733774,
      0.021451019231638946,
      0.6386235948132905,
      0.0011668192851614853
    ],
    [
      0.7268462487160454,
      0.16229155135501488,
      0.017278422863802646,
      0.036209120287046315,
      0.055860876609994004,
      0.001513780168096742
    ],
    [
      0.6559377781853221,
      0.21278375077688103,
      0.018335988500276332,
      0.039957411344438865,
      0.0718363865100657,
      0.0011486846830159772
    ],
    [
      0.34997466377694875,
      0.45350478994735344,
      0.006382510451549028,
      0.04239105516312633,
      0.14408455608645665,
      0.0036624245745658637
    ],
    [
      0.6160922802066863,
      0.28884052600747634,
      0.0066714164428685885,
      0.023567376752965316,
      0.06395388629498742,
      0.0008745142950160507
    ],
    [
      0.6935549764700382,
      0.21938578441068968,
      0.015297085477165871,
      0.01987917747950658,
      0.05076891917861259,
      0.0011140569839871493
    ],
    [
      0.7203068551527753,
      0.1551252780860976,
      0.06428677479729447,
      0.016647097307077224,
      0.04237614062294898,
      0.0012578540338065588
    ],
    [
      0.9823612555069238,
      0.007023634540026976,
      0.0009134317147262992,
      0.0010394139875779223,
      0.007700070850800645,
      0.0009621933999444118
    ]
  ],
  [
    [
      0.9867812899397349,
      0.005443022147849841,
      0.0006969113064824566,
      0.0007836931913306468,
      0.00558886658241992,
      0.000706216832182151
    ],
    [
      0.7979402449888295,
      0.12907331119750962,
      0.01915981573787444,
      0.014952319185021608,
      0.038316778809467246,
      0.0005575300812975672
    ],
    [
      0.11933085542404309,
      0.11447696500586685,
      0.008040342415473387,
      0.013209854677596661,
      0.7421442557163332,
      0.0027977267606867197
    ],
    [
      0.12434708526783132,
      0.11800149928609574,
      0.008581351228292542,
      0.013834569113886273,
      0.7324694865155428,
      0.002766008588351366
    ],
    [
      0.7577578675236607,
      0.16956845888996627,
      0.0066724959006792175,
      0.018648377853228596,
      0.046754147982668706,
      0.0005986518497965907
    ],
    [
      0.7582903994207605,
      0.17078515588358825,
      0.006772952857871216,
      0.017283497400090858,
      0.04626584141353043,
      0.000602153024158761
    ],
    [
      0.7638509519032998,
      0.16210084025008623,
      0.00785546946920197,
      0.01670696527770186,
      0.048753584393353984,
      0.0007321887063562227
    ],
    [
      0.646182477581136,
      0.2606996909146053,
      0.001676053671744957,
      0.022558120021660143,
      0.06820494817955716,
      0.0006787096312963882
    ],
    [
      0.3582064882412975,
      0.39307216133613626,
      0.004320959443670841,
      0.03572512354460647,
      0.20733744182510075,
      0.0013378256091882373
    ],
    [
      0.6470821089320657,
      0.2621894217315726,
      0.001649087266133213,
      0.022820996863868067,
      0.06558988558136962,
      0.0006684996249907821
    ],
    [
      0.7479186727480143,
      0.1726074139706501,
      0.004096557522497414,
      0.01841695648686825,
      0.05617160838451455,
      0.0007887908874554484
    ],
    [
      0.710782098380139,
      0.20002715943371713,
      0.0036394126158266994,
      0.02011672383527482,
      0.06455231474933512,
      0.0008822909857073104
    ],
    [
      0.19742518441339077,
      0.23921170582110127,
      0.0027778234009104056,
      0.023046055453954477,
      0.5358398644210811,
      0.0016993664895620553
    ],
    [
      0.191698559059215,
      0.2185786717219056,
      0.0025357595349592816,
      0.02341847472311732,
      0.5621496944029841,
      0.001618840557818667
    ],
    [
      0.7086965057485665,
      0.19769576321663504,
      0.00193183556008948,
      0.021573831412852247,
      0.06908558388383569,
      0.0010164801780210998
    ],
    [
      0.3537722832128781,
      0.3401845242596688,
      0.004207330279096063,
      0.05180152480973656,
      0.24761851632663626,
      0.002415821111984265
    ],
    [
      0.6771517440416965,
      0.22505199735106776,
      0.006858197374790042,
      0.021358995728299877,
      0.0686543122043198,
      0.0009247532998260282
    ],
    [
      0.7525871566089357,
      0.17181380719899875,
      0.0041518358886811855,
      0.018681484423551824,
      0.051995969751915755,
      0.0007697461279167932
    ],
    [
      0.6142366254020343,
      0.28890385887637837,
      0.001592650141872722,
      0.02459556700181941,
      0.06979132327394659,
      0.0008799753039485772
    ],
    [
      0.33231795668329495,
      0.4389994957310831,
      0.004248647008614311,
      0.03882000822369859,
      0.18387027352610474,
      0.001743618827204351
    ],
    [
      0.6079016999454622,
      0.29254845455755596,
      0.0019168105505267805,
      0.02576393458096008,
      0.07083301620757454,
      0.0010360841579204422
    ],
    [
      0.7118491778920197,
      0.20035561007140745,
      0.003639529228682492,
      0.02014866209520984,
      0.06312463387675281,
      0.0008823868359276793
    ],
    [
      0.6953951177152022,
      0.20902731457075488,
      0.007466469776414096,
      0.021828986447748007,
      0.06547155295179213,
      0.0008105585380886715
    ],
    [
      0.7543322140947375,
      0.16894252230619086,
      0.006581882573167802,
      0.01718078238086331,
      0.05211038574501286,
      0.0008522129000277226
    ],
    [
      0.7666128642004838,
      0.1487616279482043,
      0.017076821260392776,
      0.016930712779560778,
      0.04986276888448334,
      0.0007552049268749563
    ],
    [
      0.9766877215615326,
      0.009435996045851321,
      0.0011187203326335092,
      0.001397140228227527,
      0.010103926545536344,
      0.0012564952862187213
    ],
    [
      0.7990458983621688,
      0.13165510028767802,
      0.01099174778347679,
      0.015278391790035768,
      0.042388065261270855,
      0.0006407965153697999
    ],
    [
      0.781770766911537,
      0.14902022082025243,
      0.004165917201272198,
      0.016743566989889658,
      0.047513389148041096,
      0.0007861389290075633
    ],
    [
      0.12367010528020017,
      0.11173228010706052,
      0.008019289799102564,
      0.013685140848060441,
      0.7400605026418209,
      0.002832681323755454
    ],
    [
      0.7969474028210697,
      0.14257375714760015,
      0.006308491456634429,
      0.015491829412572617,
      0.03812445543811656,
      0.0005540637240065297
    ],
    [
      0.7991728491410762,
      0.1395214846596454,
      0.006794625924767803,
      0.014771645085466016,
      0.039127609225655356,
      0.0006117859633892047
    ],
    [
      0.7972178989372134,
      0.1423433505252757,
      0.006275954877427374,
      0.015424171448186048,
      0.038198108950999135,
      0.0005405152608983479
    ],
    [
      0.7786391898034857,
      0.15471846741853898,
      0.00632576825618343,
      0.016302219207139076,
      0.043470062037753464,
      0.000544293276899344
    ],
    [
      0.7040649170911077,
      0.20225298219060073,
      0.00868888243066968,
      0.015831857972680385,
      0.06677048400600452,
      0.002390876308937008
    ],
    [
      0.6283923873638633,
      0.2783627716134739,
      0.005603142690352635,
      0.022959593956188108,
      0.0640140250535155,
      0.0006680793226066862
    ],
    [
      0.6594481153074936,
      0.2470994016175182,
      0.002777325362001491,
      0.022405273784168664,
      0.06730596446330332,
      0.0009639194655147142
    ],
    [
      0.6222641453615511,
      0.28177326707831285,
      0.006751644844180716,
      0.02249837356155379,
      0.06584530619301422,
      0.0008672629613874265
    ],
    [
      0.6819340647730533,
      0.23261503576047773,
      0.003559724412031626,
      0.021105436006498505,
      0.060078606642244646,
      0.0007071324056942989
    ],
    [
      0.6543955625673297,
      0.13811602235460338,
      0.10835793215524926,
      0.02089645133636645,
      0.07572048185653649,
      0.0025135497299147904
    ],
    [
      0.9828477956181196,
      0.0068458118371689915,
      0.000889058365837936,
      0.0010111866059826498,
      0.007471955394691651,
      0.0009341921781991213
    ]
  ],
  [
    [
      0.9865530991148433,
      0.005535953655706701,
      0.0007057284196085811,
      0.0007974466139156613,
      0.00569075981356384,
      0.0007170123823618779
    ],
    [
      0.109326095907411,
      0.09648922804834997,
      0.02604898997914286,
      0.012174719965248429,
      0.7533688782977092,
      0.002592087802138614
    ],
    [
      0.07144149171494076,
      0.1100054899310072,
      0.014407274566111319,
      0.011985978441460229,
      0.7911695435437708,
      0.0009902218027097714
    ],
    [
      0.7652397272080834,
      0.16461325675137609,
      0.006757638840693023,
      0.016568775540874808,
      0.04622482297942767,
      0.0005957786795450474
    ],
    [
      0.7659324312494586,
      0.1630714681857887,
      0.006659933106608976,
      0.01651241292479608,
      0.04723459685992847,
      0.0005891576734192274
    ],
    [
      0.13806121370540642,
      0.28943363736014605,
      0.0023696240548880124,
      0.02473674858972398,
      0.544264462551217,
      0.0011343137386185971
    ],
    [
      0.6503857285039456,
      0.25633944423636107,
      0.00183527556453781,
      0.02310068383665376,
      0.06760175981615593,
      0.0007371080423458913
    ],
    [
      0.14226853771768636,
      0.25656242728915113,
      0.006775595567763964,
      0.02400296823781476,
      0.5690502495030286,
      0.0013402216845552909
    ],
    [
      0.6503215978394374,
      0.25585441732549913,
      0.001944693436943502,
      0.023076921925949165,
      0.0680188327269979,
      0.0007835367451729414
    ],
    [
      0.1295842528769049,
      0.19695008957522064,
      0.015682418040184564,
      0.021442024367209704,
      0.6353982914304505,
      0.0009429237100297893
    ],
    [
      0.6971067010410351,
      0.2091478156361668,
      0.00717490379542188,
      0.020339779171517615,
      0.0653874159146545,
      0.0008433844412040594
    ],
    [
      0.7533868298900288,
      0.17120776865148057,
      0.00418241703144502,
      0.01740524681312732,
      0.053057226114018204,
      0.000760511499900172
    ],
    [
      0.1389966702472167,
      0.20649322604824782,
      0.006844946196324276,
      0.021296213542757098,
      0.6253132891332729,
      0.001055654832181206
    ],
    [
      0.13619181453319085,
      0.1704310158968606,
      0.0031295305630285744,
      0.02094156576071401,
      0.6679346662576615,
      0.0013714069885444507
    ],
    [
      0.15154641835724733,
      0.22292226103844104,
      0.002130462745815893,
      0.020023671108785425,
      0.6020252485937589,
      0.0013519381559513233
    ],
    [
      0.7097878602532233,
      0.2006611758786142,
      0.003578310948354033,
      0.01989383339268676,
      0.06520137946135632,
      0.000877440065765386
    ],
    [
      0.7516999942163967,
      0.17391771408152004,
      0.0038667525998188263,
      0.01790112134141651,
      0.051922207516268304,
      0.0006922102445797396
    ],
    [
      0.7544909140827524,
      0.17000919265173883,
      0.003827783452123401,
      0.018305928509407664,
      0.05264020505013516,
      0.0007259762538426085
    ],
    [
      0.7472219248635106,
      0.17806953856027558,
      0.0038556298867388,
      0.01795734564825932,
      0.052208420156553116,
      0.0006871408846626445
    ],
    [
      0.7062364264233183,
      0.20533684237279956,
      0.0035639716482434806,
      0.019999500500571983,
      0.06399270661848659,
      0.0008705524365801828
    ],
    [
      0.7547383032713697,
      0.16948628770835844,
      0.004281918405821996,
      0.01736335290279291,
      0.05332418972067881,
      0.0008059479909781546
    ],
    [
      0.12420173567872392,
      0.17931468388937877,
      0.007852477345089016,
      0.01813766642519273,
      0.6693560064592918,
      0.0011374302023238031
    ],
    [
      0.6833200983464078,
      0.22265298265128988,
      0.005092210509791136,
      0.021886379086823744,
      0.06608412890034512,
      0.0009642005053423358
    ],
    [
      0.13104442515538703,
      0.17241154560666366,
      0.010962746808991092,
      0.018803779923265856,
      0.6653633537223007,
      0.0014141487833917489
    ],
    [
      0.9751032177577678,
      0.010331045099111539,
      0.0011808736556666389,
      0.0015069257147745777,
      0.010600046270148763,
      0.0012778915025307036
    ],
    [
      0.9824221309489176,
      0.007285080215661625,
      0.0008327914952775599,
      0.0010626720548954215,
      0.007475632444714786,
      0.0009216928405328829
    ],
    [
      0.9818205289609033,
      0.0074766991532294325,
      0.0008643324340949606,
      0.0010956077580373642,
      0.007773591014118393,
      0.0009692406796165393
    ],
    [
      0.7736404366851484,
      0.14229698675286195,
      0.01692109211437212,
      0.016625873596729086,
      0.04969460774469517,
      0.0008210031061933113
    ],
    [
      0.8050255342724281,
      0.13808590008505572,
      0.006063140675962829,
      0.014365007281859006,
      0.03593566637230027,
      0.0005247513123941132
    ],
    [
      0.7967797038139137,
      0.14248425507718462,
      0.006321259247248762,
      0.015486502896118174,
      0.03836887800642567,
      0.0005594009591090066
    ],
    [
      0.7936305439020551,
      0.14193435000541776,
      0.007028117820908419,
      0.01571033985906,
      0.04103693110737952,
      0.0006597173051792422
    ],
    [
      0.7972661478040721,
      0.14050465240590213,
      0.006534468029915145,
      0.01536586239363333,
      0.03973585698307885,
      0.0005930123833984131
    ],
    [
      0.789366711527179,
      0.14461776242581853,
      0.006600165401834539,
      0.015900240338355316,
      0.04291414922995853,
      0.0006009710768541098
    ],
    [
      0.0744162736871531,
      0.11205937942337511,
      0.01448977579068754,
      0.01239613905792062,
      0.7856342657932569,
      0.0010041662476065855
    ],
    [
      0.7695434109397535,
      0.1595270136013896,
      0.007064603589742379,
      0.016536195817877457,
      0.04668613583773362,
      0.0006426402135034074
    ],
    [
      0.7681469116148234,
      0.15806522724808603,
      0.0078023932138489745,
      0.01660321614356107,
      0.04866179431258721,
      0.0007204574670933477
    ],
    [
      0.14396609007106398,
      0.29264977525825653,
      0.002425010359614179,
      0.024134771679198072,
      0.5356766768251299,
      0.0011476758067373925
    ],
    [
      0.427899476905716,
      0.37731785385876526,
      0.005927125576909727,
      0.040294811965768285,
      0.14516555592183117,
      0.0033951757710095013
    ],
    [
      0.6425660152695831,
      0.1751743556652018,
      0.0948362973022754,
      0.018595993863227932,
      0.06659455637676834,
      0.0022327815229433935
    ],
    [
      0.9815234993509041,
      0.007408895081690176,
      0.0009599237178265125,
      0.0010908924729979362,
      0.008026400361401733,
      0.0009903890151795956
    ]
  ],
  [
    [
      0.9834034490682709,
      0.006616679728115044,
      0.0008597376499538296,
      0.0009780106960982156,
      0.007233471059393256,
      0.0009086517981687046
    ],
    [
      0.7770739958320041,
      0.14672354912816543,
      0.015338087982121591,
      0.01612269316633428,
      0.04402817526437725,
      0.0007134986269974428
    ],
    [
      0.7575066270014186,
      0.1730824955596984,
      0.006476814253981276,
      0.01713054673239435,
      0.04522213898742018,
      0.0005813774650872772
    ],
    [
      0.7655366844795193,
      0.1633057861670233,
      0.006792852033560382,
      0.01736826367336645,
      0.04641057714661677,
      0.0005858364999138339
    ],
    [
      0.7655872906699386,
      0.1609916922764505,
      0.007815207776076442,
      0.016719216773090708,
      0.048163552836413735,
      0.0007230396680300951
    ],
    [
      0.18676207563939942,
      0.19468995535657835,
      0.004735866008911153,
      0.02328954310229172,
      0.5888832400602227,
      0.0016393198325966173
    ],
    [
      0.4056497289784744,
      0.3662638147439872,
      0.005966923638342265,
      0.04285114507252054,
      0.1757749739756315,
      0.003493413591044112
    ],
    [
      0.646326442154293,
      0.2607440040373372,
      0.0016760693996674808,
      0.02256242898073722,
      0.06801233307903011,
      0.0006787223489349375
    ],
    [
      0.13013390926052334,
      0.19707521293674146,
      0.013831830375974357,
      0.021570077515122184,
      0.6365583947159191,
      0.0008305751957195753
    ],
    [
      0.6346556641400456,
      0.25306977867378827,
      0.004551652237983798,
      0.028129143648497567,
      0.07718472788941182,
      0.002409033410272916
    ],
    [
      0.32495491424651823,
      0.4343211207226734,
      0.004362911472212507,
      0.038890661396383724,
      0.19555242654654598,
      0.0019179656156660951
    ],
    [
      0.605800574502056,
      0.29328960408643384,
      0.001916696949734383,
      0.025732809817693453,
      0.07222431994448743,
      0.0010359946995948486
    ],
    [
      0.13828091779687307,
      0.20473152067059977,
      0.0069352103309762375,
      0.02198796134601876,
      0.6270255187269311,
      0.0010388711286011233
    ],
    [
      0.7527545814194809,
      0.16487229221130628,
      0.0020343335219447415,
      0.018318315133365796,
      0.06101878095284673,
      0.001001696761055587
    ],
    [
      0.667486482180109,
      0.21723757814858335,
      0.002226437451468033,
      0.021781169829400978,
      0.09022446746690757,
      0.0010438649235310535
    ],
    [
      0.626820678729898,
      0.2575260901217768,
      0.0047114319803218535,
      0.033747070322618214,
      0.07616373546946426,
      0.0010309933759209424
    ],
    [
      0.6822335931394933,
      0.2251159350298851,
      0.002920337071907236,
      0.023229742707888912,
      0.06573989807574929,
      0.0007604939750762164
    ],
    [
      0.09705573841870507,
      0.14161010260821721,
      0.008081081588234389,
      0.01574794552558167,
      0.73658356895838,
      0.0009215629008816988
    ],
    [
      0.7618007633033061,
      0.16501727885844827,
      0.0029989342379047276,
      0.018384859486136627,
      0.05131108221655986,
      0.0004870818976443311
    ],
    [
      0.7512934199415836,
      0.17245587969524204,
      0.003196108336991353,
      0.018745971302668144,
      0.05379060280257166,
      0.0005180179209431536
    ],
    [
      0.11176767315214436,
      0.16243282083702754,
      0.007941050559499653,
      0.018638324210931274,
      0.6980495955018245,
      0.001170535738572634
    ],
    [
      0.15948443557421446,
      0.3331685982684237,
      0.0037008658132219084,
      0.022658967921311703,
      0.47867236775983035,
      0.0023147646629978957
    ],
    [
      0.6159324806380446,
      0.28374525137096274,
      0.0017233213971746281,
      0.026124975099034525,
      0.07153019114398582,
      0.000943780350797758
    ],
    [
      0.6169818121231335,
      0.28223607509799603,
      0.005073531650159996,
      0.023169611348376605,
      0.07137740840734162,
      0.0011615613729922853
    ],
    [
      0.12228259984856525,
      0.1796384724062371,
      0.030975118110201157,
      0.018034431151410985,
      0.6476630998417169,
      0.0014062786418686756
    ],
    [
      0.9760987500341444,
      0.009932235987655894,
      0.0011328017067190005,
