[
  [
    [
      0.990447004340924,
      0.003190738665370672,
      0.0005251081191229877,
      0.0005457453689798688,
      0.004745631104058861,
      0.0005457724015435465
    ],
    [
      0.9892516754236166,
      0.003577230469814444,
      0.0005462427566710196,
      0.0006034872338201696,
      0.0054153519188716755,
      0.0006060121972061628
    ],
    [
      0.9894667347612598,
      0.0035089736752606194,
      0.0005426322747992219,
      0.0005910203158991708,
      0.005295546509596493,
      0.0005950924631847001
    ],
    [
      0.9892537711057581,
      0.00358330570758236,
      0.0005503895949167569,
      0.0006033643932981483,
      0.00540468215876967,
      0.0006044870396750198
    ],
    [
      0.9892537711057581,
      0.00358330570758236,
      0.0005503895949167569,
      0.0006033643932981483,
      0.00540468215876967,
      0.0006044870396750198
    ],
    [
      0.990675678096482,
      0.0031173133639869977,
      0.0005243030741916849,
      0.0005446843261850925,
      0.004604773151638044,
      0.000533247987516156
    ],
    [
      0.9912156572168561,
      0.002930718341991253,
      0.0005099340722110536,
      0.0005292484754717293,
      0.004307002148158072,
      0.0005074397453117334
    ],
    [
      0.9912156572168561,
      0.002930718341991253,
      0.0005099340722110536,
      0.0005292484754717293,
      0.004307002148158072,
      0.0005074397453117334
    ],
    [
      0.9907052827676931,
      0.003103739962814787,
      0.0005201164383693606,
      0.0005403185472854871,
      0.004597793747246053,
      0.0005327485365912193
    ],
    [
      0.9842996893818532,
      0.005271465064077125,
      0.0008047610458940484,
      0.0008831371655128701,
      0.007873327377716743,
      0.000867619964946039
    ],
    [
      0.9862308273193706,
      0.004390294344490944,
      0.0006951013743217283,
      0.0007682222567823101,
      0.00712340364270753,
      0.0007921510623269009
    ],
    [
      0.9853703480170326,
      0.004743939943370204,
      0.0007321062754707846,
      0.0008194576054638752,
      0.0075129268226890086,
      0.0008212213359735606
    ],
    [
      0.9860760547791536,
      0.004437807058959822,
      0.0006972705267603877,
      0.0007771523531838566,
      0.007211161144144292,
      0.0008005541377980759
    ],
    [
      0.9793970234327934,
      0.006952628760674447,
      0.0009327599744530032,
      0.0011846175040068744,
      0.010379884207759335,
      0.0011530861203128868
    ],
    [
      0.9808563359263583,
      0.006461583062989925,
      0.0009326767168003723,
      0.0011004662648797965,
      0.009565824021657081,
      0.0010831140073145364
    ],
    [
      0.9853357010549632,
      0.004942295682008284,
      0.0007872655726076537,
      0.0008230711592419965,
      0.007296531405118928,
      0.0008151351260599351
    ],
    [
      0.9853706135094744,
      0.004924894248781194,
      0.0007849894042599068,
      0.0008208825771549632,
      0.007283119870535889,
      0.0008155003897937031
    ],
    [
      0.9907302067925025,
      0.003098842050111128,
      0.0005232193164651235,
      0.0005435060878812964,
      0.00457368733188156,
      0.0005305384211583927
    ],
    [
      0.9907302067925025,
      0.003098842050111128,
      0.0005232193164651235,
      0.0005435060878812964,
      0.00457368733188156,
      0.0005305384211583927
    ],
    [
      0.9910840932997098,
      0.0029785611771503367,
      0.0005160696604669969,
      0.0005357331071332819,
      0.004372433377333529,
      0.000513109378206053
    ],
    [
      0.9907474219688064,
      0.003089510377157988,
      0.0005192918416550393,
      0.0005394220653844519,
      0.004573716449625282,
      0.0005306372973707985
    ],
    [
      0.9911411080853347,
      0.002959116701203737,
      0.0005148987889006637,
      0.0005344601517180928,
      0.004340089425911351,
      0.0005103268469314401
    ],
    [
      0.9910565834498454,
      0.0029879366236259643,
      0.0005166327148819793,
      0.0005363452516978821,
      0.00438804745738771,
      0.0005144545025610972
    ],
    [
      0.9908780737534316,
      0.0030486696150581515,
      0.00052025649837772,
      0.0005402849696050224,
      0.004489492207041168,
      0.0005232229564863335
    ],
    [
      0.9909392605356553,
      0.0030246035434928907,
      0.0005155014074397182,
      0.0005353011870349758,
      0.004464258534228397,
      0.0005210747921487886
    ],
    [
      0.9874404557409118,
      0.004192411716308899,
      0.0006924937608793406,
      0.0007693309448328089,
      0.006173639616323641,
      0.0007316682207435225
    ],
    [
      0.9874008060927773,
      0.004206387347480802,
      0.0006924964764601415,
      0.000770318090445627,
      0.006196406304050415,
      0.0007335856887857458
    ],
    [
      0.987522606735726,
      0.004163436431222411,
      0.0006924881360713554,
      0.0007672799895356762,
      0.0061264869594796255,
      0.0007277017479649232
    ],
    [
      0.9906331773467769,
      0.003128065444281042,
      0.0005215207748808135,
      0.0005418453069157489,
      0.00463902107621985,
      0.0005363700509256753
    ],
    [
      0.9908380322779731,
      0.0030588791602504176,
      0.0005175089916251159,
      0.0005374837910149414,
      0.0045219851192422784,
      0.0005261106598941731
    ],
    [
      0.9912156572168561,
      0.002930718341991253,
      0.0005099340722110536,
      0.0005292484754717293,
      0.004307002148158072,
      0.0005074397453117334
    ],
    [
      0.9911775347976864,
      0.002943693699085328,
      0.0005107094669743436,
      0.0005300914731033234,
      0.004328660259476537,
      0.0005093103036740624
    ],
    [
      0.990484615724498,
      0.0031780926940386724,
      0.0005243878544271622,
      0.0005449623180656365,
      0.004724074494241176,
      0.000543866914729413
    ],
    [
      0.9905896373101455,
      0.003142740026624713,
      0.0005223647147958907,
      0.000542762816384721,
      0.0046639328351617175,
      0.0005385622968875254
    ],
    [
      0.9893028746807295,
      0.0035610023430451515,
      0.0005453890353250409,
      0.0006005197979885765,
      0.0053868089834048175,
      0.0006034051595068675
    ],
    [
      0.9891262419650493,
      0.003616930803643153,
      0.0005483190326589461,
      0.0006107556903439213,
      0.005485333999792093,
      0.0006124185085126277
    ],
    [
      0.9885630503222486,
      0.0038017131873563,
      0.0005622485103954515,
      0.0006433615350748649,
      0.005789862459407025,
      0.0006397639855178529
    ],
    [
      0.9892113258667417,
      0.003596805065838876,
      0.0005511096278674204,
      0.0006058256548402897,
      0.005428300986195117,
      0.0006066327985166258
    ],
    [
      0.9892113258667417,
      0.003596805065838876,
      0.0005511096278674204,
      0.0006058256548402897,
      0.005428300986195117,
      0.0006066327985166258
    ],
    [
      0.9907722965831289,
      0.0030811060157454346,
      0.0005188037356482889,
      0.0005388914078458475,
      0.004559509406724486,
      0.0005293928509070115
    ]
  ],
  [
    [
      0.989010136014974,
      0.0036606669360715795,
      0.0005544891767064328,
      0.00061748874563703,
      0.005540373207908166,
      0.0006168459187027943
    ],
    [
      0.8356611031082296,
      0.0845667597992643,
      0.016289861193540357,
      0.011296945812348197,
      0.04997454205821048,
      0.0022107880284071096
    ],
    [
      0.8334973283682153,
      0.08446229940988044,
      0.016289671593408755,
      0.011245039599513177,
      0.05229505210947241,
      0.0022106089195099597
    ],
    [
      0.9885630503222486,
      0.0038017131873563,
      0.0005622485103954515,
      0.0006433615350748649,
      0.005789862459407025,
      0.0006397639855178529
    ],
    [
      0.1517132851273995,
      0.08265237094261511,
      0.013579268150927434,
      0.012415386055551102,
      0.7361332728363613,
      0.003506416887145553
    ],
    [
      0.8340787537756267,
      0.08289510846987952,
      0.01970257786449623,
      0.010751760705515985,
      0.05065131908367934,
      0.001920480100802215
    ],
    [
      0.8834569476993106,
      0.06446372862132804,
      0.013935968983985808,
      0.007904101552831765,
      0.02927066116176896,
      0.0009685919807748878
    ],
    [
      0.8301207859771509,
      0.08565973970534835,
      0.025218953105281848,
      0.010738029718651213,
      0.04637667992517197,
      0.0018858115683957227
    ],
    [
      0.7873644797222911,
      0.12605011086520904,
      0.03219836686998246,
      0.01504550780610621,
      0.038857101765809435,
      0.0004844329706018119
    ],
    [
      0.7839079163223283,
      0.13292057804542928,
      0.026096410235525034,
      0.015214291463992299,
      0.04132225507344981,
      0.0005385488592753779
    ],
    [
      0.7403107400894589,
      0.1369752110702328,
      0.058116723085892344,
      0.017884997678902753,
      0.04607558096580116,
      0.0006367471097120417
    ],
    [
      0.778005081856047,
      0.1409486097252845,
      0.019843980546985454,
      0.015930503550593552,
      0.044601108579446345,
      0.0006707157416431518
    ],
    [
      0.7781450022089368,
      0.1410659395130647,
      0.020011878845701766,
      0.015464580431664663,
      0.04464889593743102,
      0.0006637030632011238
    ],
    [
      0.7799501491580205,
      0.13549272058055073,
      0.023877992044687827,
      0.015573009600893802,
      0.0444240364602773,
      0.0006820921555698763
    ],
    [
      0.7833573332000652,
      0.13176438161508375,
      0.025249251700825752,
      0.014844262352890625,
      0.04419586215540884,
      0.0005889089757258894
    ],
    [
      0.7835838396712238,
      0.1380908091767892,
      0.017910357485733983,
      0.015241453523086701,
      0.04452288188210965,
      0.0006506582610566649
    ],
    [
      0.7901061863110918,
      0.13175591070680254,
      0.021197796966883328,
      0.015048049703597646,
      0.04131867570566833,
      0.0005733806059564351
    ],
    [
      0.784122970699474,
      0.12794425305063112,
      0.031414834745477856,
      0.0147637674491967,
      0.04123185632964668,
      0.0005223177255736643
    ],
    [
      0.19157697071519886,
      0.09525898393749976,
      0.017822203052252357,
      0.015349886530600891,
      0.6774585949992973,
      0.002533360765150905
    ],
    [
      0.7895037309764664,
      0.12574456311252755,
      0.02895427756004122,
      0.014604666087795141,
      0.04068435017900498,
      0.0005084120841647359
    ],
    [
      0.811797587230587,
      0.11755793378055054,
      0.021758714535336857,
      0.013415683555688968,
      0.03501545405056761,
      0.00045462684726904027
    ],
    [
      0.7600950469043104,
      0.07936889934175001,
      0.018709410690907657,
      0.010878570232645553,
      0.128079466201159,
      0.0028686066292273457
    ],
    [
      0.13471414422903086,
      0.07719656717694498,
      0.01946963210033778,
      0.010812399673696727,
      0.7548055787743646,
      0.003001678045625112
    ],
    [
      0.8338477744485007,
      0.08358035350333612,
      0.01989439388546878,
      0.010775391808238525,
      0.04999402296339258,
      0.0019080633910634002
    ],
    [
      0.7820817281979644,
      0.11657656228617846,
      0.020244793778136053,
      0.011213961816042933,
      0.06710331688336388,
      0.0027796370383142495
    ],
    [
      0.8308288338827613,
      0.08441664306619108,
      0.01668842473587796,
      0.010657247851837288,
      0.05545628406041742,
      0.0019525664029149542
    ],
    [
      0.07433044812768219,
      0.08111132910450755,
      0.009477606103891657,
      0.01016671299280786,
      0.8238283958869995,
      0.0010855077841111873
    ],
    [
      0.8237216061387237,
      0.08868214647685622,
      0.015235589345608811,
      0.011173966014257337,
      0.059103916570066146,
      0.0020827754544877892
    ],
    [
      0.8337593092327407,
      0.08292015184204901,
      0.019711114484203443,
      0.010651505120478308,
      0.051076098715132204,
      0.0018818206053964523
    ],
    [
      0.8337593092327407,
      0.08292015184204901,
      0.019711114484203443,
      0.010651505120478308,
      0.051076098715132204,
      0.0018818206053964523
    ],
    [
      0.833277043277141,
      0.08256982705010368,
      0.019842264332254833,
      0.010629393122155856,
      0.051816774476693604,
      0.00186469774165101
    ],
    [
      0.8350289203468365,
      0.08242058749579105,
      0.0201989268388624,
      0.010653467963643021,
      0.049853237880734445,
      0.0018448594741325645
    ],
    [
      0.8371886990113669,
      0.08377130090861039,
      0.020034982959050613,
      0.010876240183101725,
      0.04622992608461812,
      0.0018988508532522068
    ],
    [
      0.8359668262963321,
      0.08473055399515055,
      0.016443854915696936,
      0.011309299256853752,
      0.049331226815171714,
      0.0022182387207949888
    ],
    [
      0.8359668262963321,
      0.08473055399515055,
      0.016443854915696936,
      0.011309299256853752,
      0.049331226815171714,
      0.0022182387207949888
    ],
    [
      0.9890730868792353,
      0.0036337303419817636,
      0.0005491923959084382,
      0.0006138352189960309,
      0.005515013618371735,
      0.0006151415455067232
    ],
    [
      0.9885630503222486,
      0.0038017131873563,
      0.0005622485103954515,
      0.0006433615350748649,
      0.005789862459407025,
      0.0006397639855178529
    ],
    [
      0.15212122360706043,
      0.08281141874576176,
      0.013601955655004605,
      0.012494706464618437,
      0.735464194989364,
      0.003506500538190756
    ],
    [
      0.8349273905074275,
      0.08453133841155776,
      0.01628979690218733,
      0.011279344977236904,
      0.050761401907072366,
      0.0022107272945182227
    ],
    [
      0.989984061170596,
      0.0033437811874034006,
      0.0005336797469224239,
      0.0005610050046321004,
      0.005008309488741919,
      0.0005691634017041755
    ]
  ],
  [
    [
      0.9903247245421696,
      0.003235805243802107,
      0.0005311655162784543,
      0.0005521450006503588,
      0.004805321356362154,
      0.0005508383407373722
    ],
    [
      0.15132079684882044,
      0.08249934689222244,
      0.013557439909992934,
      0.012339069815815843,
      0.7367770101288637,
      0.0035063364042846904
    ],
    [
      0.9847694324584464,
      0.004926164446719174,
      0.0007434949660541219,
      0.0008547187560335324,
      0.007867013832544588,
      0.0008391755402022633
    ],
    [
      0.8106940697910967,
      0.11903933565864872,
      0.018980405150260206,
      0.013725793116826406,
      0.037007825614897766,
      0.0005525706682701742
    ],
    [
      0.8236787337793828,
      0.09822787640160117,
      0.0058948010479434945,
      0.011811939791359286,
      0.05800407956562668,
      0.0023825694140865734
    ],
    [
      0.8224713354783846,
      0.10517334656937335,
      0.005164029010955143,
      0.0115846557046004,
      0.053595160115764734,
      0.0020114731209218196
    ],
    [
      0.14625753438545344,
      0.10383061194109051,
      0.0060447824444443965,
      0.012329504065482907,
      0.7283095580471668,
      0.00322800911636195
    ],
    [
      0.787720837622435,
      0.1491408553474834,
      0.007127686730825186,
      0.014766488891522243,
      0.04072607271471592,
      0.0005180586930182666
    ],
    [
      0.7753579448822525,
      0.15989386896337393,
      0.0070125696061861306,
      0.015707063312873446,
      0.041500364029430206,
      0.0005281892058838085
    ],
    [
      0.128878607421446,
      0.193449246672403,
      0.014564685566610221,
      0.018590306071982296,
      0.6437100957248381,
      0.0008070585427203628
    ],
    [
      0.7771705172320609,
      0.1542662954262151,
      0.008681035715746946,
      0.015551772880861387,
      0.04363744723721617,
      0.0006929315078993866
    ],
    [
      0.4739642529733648,
      0.3148706654601132,
      0.004017536869136255,
      0.03259730719156019,
      0.17250285704433704,
      0.002047380461488545
    ],
    [
      0.777823582177782,
      0.15450142944117412,
      0.00868111005389813,
      0.015572098319863378,
      0.04272879374143016,
      0.000692986265852235
    ],
    [
      0.7775280505772457,
      0.15549527235181426,
      0.004600020608688577,
      0.016061783380275196,
      0.04561905397753305,
      0.0006958191044432718
    ],
    [
      0.7702934869473235,
      0.16120399823779435,
      0.004715684703012643,
      0.01623736996182959,
      0.046872892300141855,
      0.0006765678498980381
    ],
    [
      0.12257163964403066,
      0.187018805605186,
      0.016117258979489294,
      0.019049929866409045,
      0.6544035266658842,
      0.0008388392390008795
    ],
    [
      0.11905178896767413,
      0.19241336553978483,
      0.014608411056549087,
      0.018888640980701785,
      0.6542880363043304,
      0.0007497571509598321
    ],
    [
      0.7757756621422297,
      0.15932666143232666,
      0.007012557099666366,
      0.015703642395785575,
      0.041653296847734805,
      0.0005281800822568704
    ],
    [
      0.7865405337396314,
      0.14850127321541468,
      0.00712546362533412,
      0.015031762669200161,
      0.04226869484414141,
      0.0005322719062782395
    ],
    [
      0.779782774405312,
      0.15606355493326005,
      0.0069809215454886345,
      0.01551749998462886,
      0.04114215391583919,
      0.0005130952154712772
    ],
    [
      0.12546304839540112,
      0.10219919414351133,
      0.007143208783474525,
      0.011536013374081344,
      0.751212377888343,
      0.0024461574151886695
    ],
    [
      0.1476896234928966,
      0.10747898592277548,
      0.005734320044090551,
      0.011898365135006372,
      0.7240661346777507,
      0.0031325707274803315
    ],
    [
      0.8021142794109107,
      0.13765336623677732,
      0.006971918568756206,
      0.014325791296540179,
      0.03842781980795061,
      0.0005068246790649484
    ],
    [
      0.8248723298458911,
      0.10113761538561795,
      0.005058979005887774,
      0.010918135155971493,
      0.05601859906826722,
      0.0019943415383644847
    ],
    [
      0.8093152027622303,
      0.131307322890886,
      0.0073164507822064805,
      0.01369249128979363,
      0.03781281799954537,
      0.0005557142753381722
    ],
    [
      0.7965311929157922,
      0.13926551893915165,
      0.004471925694514614,
      0.014788983650930879,
      0.04431889924753166,
      0.000623479552079039
    ],
    [
      0.18987235628587062,
      0.11708191855474216,
      0.004902137680310159,
      0.013702197427567701,
      0.6715121248431574,
      0.002929265208352044
    ],
    [
      0.07812238623755433,
      0.0878176171790464,
      0.00373437646577438,
      0.010253655491289954,
      0.8189578311562846,
      0.0011141334700503326
    ],
    [
      0.813234725332298,
      0.1299545154781546,
      0.006776026265045466,
      0.01329752869318724,
      0.03624349203675001,
      0.000493712194564555
    ],
    [
      0.8248723298458911,
      0.10113761538561795,
      0.005058979005887774,
      0.010918135155971493,
      0.05601859906826722,
      0.0019943415383644847
    ],
    [
      0.14070473632644018,
      0.10863346483329417,
      0.0055381112171373845,
      0.011522154750731022,
      0.7305510969655966,
      0.003050435906800681
    ],
    [
      0.1412887736598012,
      0.10698728615881409,
      0.0055693412690291065,
      0.011440756734555026,
      0.7316563240488723,
      0.0030575181289283684
    ],
    [
      0.7912106140417607,
      0.14573129042797828,
      0.007148441252337929,
      0.014822202790840913,
      0.04055969619181053,
      0.0005277552952715543
    ],
    [
      0.8081205341196173,
      0.11853956779222954,
      0.020062332327254104,
      0.013715842005511056,
      0.039007656019961874,
      0.0005540677354262258
    ],
    [
      0.9892516754236166,
      0.003577230469814444,
      0.0005462427566710196,
      0.0006034872338201696,
      0.0054153519188716755,
      0.0006060121972061628
    ],
    [
      0.9885630503222486,
      0.0038017131873563,
      0.0005622485103954515,
      0.0006433615350748649,
      0.005789862459407025,
      0.0006397639855178529
    ],
    [
      0.833431078996082,
      0.08344015139097796,
      0.01986316052173861,
      0.010833129317224799,
      0.05049119002324219,
      0.001941289750734353
    ],
    [
      0.8258130896777496,
      0.0983309169685539,
      0.00589498796044947,
      0.011863140290770832,
      0.055715121216146475,
      0.002382743886329717
    ],
    [
      0.8372278178927408,
      0.0837435316886923,
      0.01989469009235129,
      0.01085647475664299,
      0.04636914355183844,
      0.0019083420177342123
    ],
    [
      0.9906331773467769,
      0.003128065444281042,
      0.0005215207748808135,
      0.0005418453069157489,
      0.00463902107621985,
      0.0005363700509256753
    ]
  ],
  [
    [
      0.9904521822860018,
      0.0031928499082325007,
      0.0005286956967425971,
      0.0005494598802873029,
      0.004732392387939984,
      0.0005444198407957392
    ],
    [
      0.8355103755096475,
      0.08364230783651498,
      0.016110441719237815,
      0.01111649286246798,
      0.05145208742916925,
      0.0021682946429625776
    ],
    [
      0.8116714643060594,
      0.11784608687119684,
      0.01984347376734368,
      0.013500119946051787,
      0.03653236270758634,
      0.0006064924017619267
    ],
    [
      0.804130400443847,
      0.1329038896407422,
      0.00778701044905915,
      0.014176164998533714,
      0.04038247016287369,
      0.0006200643049442212
    ],
    [
      0.1427378601821118,
      0.09271972186761243,
      0.005784679237559865,
      0.01337485255481185,
      0.7422254987168684,
      0.003157387441035658
    ],
    [
      0.8002564728227147,
      0.13870884553869392,
      0.007142408384000623,
      0.014793319045924012,
      0.038562786289526585,
      0.0005361679191402171
    ],
    [
      0.7858788364471478,
      0.14705763642441574,
      0.00708948188171974,
      0.015321434097639733,
      0.04411965569517442,
      0.000532955453902584
    ],
    [
      0.7737676137887567,
      0.15916218965240211,
      0.007153944482148184,
      0.01569768376201922,
      0.043686258294123766,
      0.0005323100205501023
    ],
    [
      0.1194653055992953,
      0.16027137572465253,
      0.02934792110967638,
      0.017248469423340598,
      0.672716168087861,
      0.0009507600551741431
    ],
    [
      0.7705229781287288,
      0.15373776289220886,
      0.00876345977474028,
      0.016044264495145573,
      0.05020787873835522,
      0.0007236559708213154
    ],
    [
      0.7752455702290809,
      0.1528688803309585,
      0.008872894285232517,
      0.015491338110102715,
      0.04676276923703237,
      0.0007585478075930783
    ],
    [
      0.7754021467666662,
      0.15294714673234489,
      0.008872913942458368,
      0.015496712227681597,
      0.04652251809858528,
      0.0007585622322637484
    ],
    [
      0.1184140232890759,
      0.15981687490423024,
      0.02982912025423496,
      0.01663597711244244,
      0.6742822390706901,
      0.0010217653693264407
    ],
    [
      0.7736877085095618,
      0.15448950832874844,
      0.004851047347992538,
      0.01662304690801661,
      0.04959723046533575,
      0.0007514584403448656
    ],
    [
      0.7666846536281966,
      0.1624356008505514,
      0.00469968362119545,
      0.015637311354493477,
      0.04985729762436668,
      0.0006854529211964962
    ],
    [
      0.4804986656292806,
      0.28049206629371687,
      0.023394317222737725,
      0.03451256811593087,
      0.17863075080775653,
      0.0024716319305774326
    ],
    [
      0.776345100383881,
      0.15070620992979666,
      0.008631528373191517,
      0.015533170413034432,
      0.04812072161443486,
      0.000663269285661328
    ],
    [
      0.7676079187868313,
      0.1627276293522321,
      0.0074200459665788995,
      0.016805622392927207,
      0.044854916216500625,
      0.0005838672849298763
    ],
    [
      0.775208756467701,
      0.15624926633207964,
      0.007043119443486318,
      0.01629464327186749,
      0.044677225329699824,
      0.0005269891551656787
    ],
    [
      0.7680380404084813,
      0.1617916591129401,
      0.007329105002132011,
      0.0166745954897595,
      0.04562586107103135,
      0.0005407389156557648
    ],
    [
      0.7758634276510885,
      0.15459743392536165,
      0.00729833654488659,
      0.015681052333496773,
      0.0460031975784354,
      0.0005565519667311075
    ],
    [
      0.7294219723654646,
      0.1226449617512687,
      0.007093684014872055,
      0.015390042614766486,
      0.12301754166130771,
      0.0024317975923205436
    ],
    [
      0.1435174233804123,
      0.09632231365825045,
      0.005880252419328681,
      0.01372543033456632,
      0.737367296032668,
      0.003187284174774285
    ],
    [
      0.7996691700003169,
      0.13692815627514623,
      0.0074785615237893815,
      0.014515368987690767,
      0.04084457790606909,
      0.0005641653069875108
    ],
    [
      0.7740824487674862,
      0.15567870800011904,
      0.007333538954632177,
      0.016636292184378152,
      0.045709571659701125,
      0.0005594404336831685
    ],
    [
      0.7643081303397623,
      0.16276505678012704,
      0.004406844688511171,
      0.016154408607956153,
      0.0517282853146312,
      0.0006372742690122123
    ],
    [
      0.7540867411260216,
      0.13897666030317016,
      0.022853099256765607,
      0.016797396494910678,
      0.0664786570789882,
      0.0008074457401437774
    ],
    [
      0.7736929288876655,
      0.15486230547818886,
      0.0044381814596483925,
      0.016000857325258234,
      0.050368431390023755,
      0.0006372954592152551
    ],
    [
      0.0804766519447906,
      0.10594612619428426,
      0.01228862866907363,
      0.011936791061546215,
      0.7884342370578695,
      0.0009175650724357162
    ],
    [
      0.799071862366413,
      0.1376373974218299,
      0.0074724006660211294,
      0.014550395900795106,
      0.04070665230632226,
      0.0005612913386185656
    ],
    [
      0.7999108457229869,
      0.1369478730521955,
      0.007478583396305048,
      0.014521350652554277,
      0.04057716604877263,
      0.0005641811271857173
    ],
    [
      0.13564172829287932,
      0.09792231996812714,
      0.007767651124283226,
      0.012351370685273184,
      0.7437709360685909,
      0.0025459938608462553
    ],
    [
      0.7900311362479048,
      0.14343832731996725,
      0.009438788681623959,
      0.014477619037711935,
      0.041967102949584875,
      0.0006470257632071732
    ],
    [
      0.7872690590616753,
      0.12553565559399918,
      0.03215173673120137,
      0.015031900879423937,
      0.03952722878082796,
      0.0004844189528720801
    ],
    [
      0.9856100609510692,
      0.004564608506061756,
      0.0006992813776175105,
      0.0008037439579395276,
      0.007493124743877453,
      0.0008291804634345382
    ],
    [
      0.8300999054765603,
      0.08538066468284058,
      0.024585250445746505,
      0.010694696958201886,
      0.047330026535700315,
      0.001909455900950435
    ],
    [
      0.1305473859118978,
      0.09301812476505586,
      0.007611390582823489,
      0.017720752614719504,
      0.7483589125928582,
      0.0027434335326450856
    ],
    [
      0.8306026064320485,
      0.1001867651733447,
      0.005099423938798667,
      0.011143518108645561,
      0.05094352165894911,
      0.0020241646882135033
    ],
    [
      0.8839936940689881,
      0.06428215165549839,
      0.014004555405661555,
      0.007868429212018985,
      0.028888012976811955,
      0.0009631566810209861
    ],
    [
      0.990667850889914,
      0.003116371614999014,
      0.0005208465137780544,
      0.0005411122673087147,
      0.004619191554540635,
      0.0005346271594595623
    ]
  ],
  [
    [
      0.9903448676521701,
      0.003229022569723486,
      0.0005307768847884294,
      0.0005517224915109548,
      0.004793788695565384,
      0.0005498217062417298
    ],
    [
      0.8361406575145971,
      0.08365152609630315,
      0.020062811258665054,
      0.010800696299109278,
      0.04744437825732847,
      0.0018999305739969595
    ],
    [
      0.8257081036614984,
      0.10125584266108398,
      0.005137026548831215,
      0.011518399724111467,
      0.05434587159721938,
      0.002034755807255587
    ],
    [
      0.8235763376248615,
      0.10020691220297823,
      0.005262077501572485,
      0.011706708072859204,
      0.05716901215604197,
      0.0020789524416866025
    ],
    [
      0.7864951596505214,
      0.1462703526714934,
      0.007008084129243945,
      0.015970961636804133,
      0.04372503880123417,
      0.0005304031107029286
    ],
    [
      0.12408695369484173,
      0.10021459308312275,
      0.007727831734074481,
      0.012048412506163252,
      0.7533235638514102,
      0.0025986451303876917
    ],
    [
      0.772303385951316,
      0.15790386716880467,
      0.006927616575616599,
      0.016899816071146455,
      0.0454499001716325,
      0.0005154140614838819
    ],
    [
      0.772206956808298,
      0.15664528947436568,
      0.008447625235552519,
      0.015128502521928931,
      0.04693076922641648,
      0.0006408567334383656
    ],
    [
      0.12493196690307194,
      0.1945934807232365,
      0.014374180967933494,
      0.019349667774512573,
      0.6459962016542288,
      0.0007545019770167275
    ],
    [
      0.7756018209498031,
      0.15124826940497235,
      0.00892481248594601,
      0.015495783393394346,
      0.04795849941627439,
      0.000770814349609781
    ],
    [
      0.3973921074048874,
      0.2772714433350815,
      0.007090849723127554,
      0.03381152584793835,
      0.28031642288425784,
      0.004117650804707328
    ],
    [
      0.7769471024530845,
      0.15174363338803568,
      0.008730674687152896,
      0.015566214264418302,
      0.0462994814558056,
      0.0007128937515029264
    ],
    [
      0.7770671091804584,
      0.1535872438941393,
      0.008547617424999881,
      0.015553297978915881,
      0.044554457826992355,
      0.0006902736944941502
    ],
    [
      0.7638756471014017,
      0.16310054894840806,
      0.0047218972599425355,
      0.016291516122476424,
      0.05129181181791999,
      0.000718578749851349
    ],
    [
      0.7760720964788265,
      0.15328342762110006,
      0.005202852802117242,
      0.015668995348785183,
      0.04896955113454657,
      0.0008030766146245126
    ],
    [
      0.7764770115417335,
      0.15141472194648015,
      0.00865520786590494,
      0.01559228651463559,
      0.047182506947713906,
      0.0006782651835319306
    ],
    [
      0.1087590726755271,
      0.1340230140887885,
      0.006442645030750517,
      0.013428657816929772,
      0.7359282357747047,
      0.0014183746132995086
    ],
    [
      0.7732181382093144,
      0.15730059854342102,
      0.006977553278116231,
      0.01694740516843968,
      0.04501669013556395,
      0.0005396146651446736
    ],
    [
      0.7740178753070147,
      0.15575183725686262,
      0.008448782181648792,
      0.015586757639484236,
      0.04555240957731827,
      0.0006423380376714251
    ],
    [
      0.13091816209220428,
      0.16411171332250435,
      0.007670803222070616,
      0.016062703679437223,
      0.6797747677558534,
      0.0014618499279300666
    ],
    [
      0.7760905327456433,
      0.15257898662471603,
      0.008456412619833029,
      0.015218339654780144,
      0.04701075796663418,
      0.0006449703883933057
    ],
    [
      0.13313159521471185,
      0.10221689343236419,
      0.007746132278923298,
      0.012465964150138203,
      0.7418808035188589,
      0.0025586114050035304
    ],
    [
      0.128016117774949,
      0.09656772495437782,
      0.007796998074703871,
      0.01220395713567874,
      0.7528131368764662,
      0.0026020651838243474
    ],
    [
      0.1277636632088406,
      0.09652232837381036,
      0.007792914311462632,
      0.012224550887312183,
      0.7531078122389732,
      0.0025887309796011207
    ],
    [
      0.13100085716089488,
      0.10494207512103433,
      0.007839932179423224,
      0.012692181761995661,
      0.7408695060723172,
      0.0026554477043347147
    ],
    [
      0.12312768266583304,
      0.14829931088660592,
      0.004195248862855577,
      0.015638075621346406,
      0.7074303396022587,
      0.0013093423611003968
    ],
    [
      0.13075990814298302,
      0.1590417521880262,
      0.007305619181582188,
      0.01685549466678475,
      0.684649661647293,
      0.0013875641733308202
    ],
    [
      0.1898971795649038,
      0.14109632595370558,
      0.005044264084924147,
      0.018144778676601754,
      0.6435128405343541,
      0.0023046111855105932
    ],
    [
      0.13124687622644046,
      0.10511311548010535,
      0.00785361441592685,
      0.012740018420798895,
      0.7403908664032794,
      0.0026555090534490164
    ],
    [
      0.1253251638567177,
      0.10123278897141061,
      0.007644532137249511,
      0.012327795940186504,
      0.75084061058567,
      0.0026291085087655837
    ],
    [
      0.7743194293972597,
      0.15570742106103563,
      0.007333561185393977,
      0.016642372292391912,
      0.045437759463872934,
      0.0005594566000459002
    ],
    [
      0.7853672809414883,
      0.14725934378720415,
      0.00943094203576417,
      0.014515077431944308,
      0.04277219037143911,
      0.000655165432159913
    ],
    [
      0.12043422308897223,
      0.1231098914879102,
      0.03876359484480107,
      0.014241244517616648,
      0.7018864140496673,
      0.0015646320110324751
    ],
    [
      0.9837429731262868,
      0.005134523982572558,
      0.0007873108578138892,
      0.0009083028149081252,
      0.008501504224397482,
      0.0009253849940212471
    ],
    [
      0.7829513929561114,
      0.13279631228527503,
      0.02595281854389829,
      0.015192053809206948,
      0.04256496764812253,
      0.0005424547573856931
    ],
    [
      0.7884241341219914,
      0.14436550225305167,
      0.009366132591724098,
      0.014842792624102626,
      0.04236690330503815,
      0.000634535104092043
    ],
    [
      0.8005238077573136,
      0.13873065568893925,
      0.007142432575576825,
      0.014799935799831038,
      0.038266982669897746,
      0.0005361855084415762
    ],
    [
      0.12498600180058089,
      0.10645978533877842,
      0.007011934636138801,
      0.011180380514783667,
      0.7479627807342919,
      0.0023991169754262673
    ],
    [
      0.8340787537756267,
      0.08289510846987952,
      0.01970257786449623,
      0.010751760705515985,
      0.05065131908367934,
      0.001920480100802215
    ],
    [
      0.990675678096482,
      0.0031173133639869977,
      0.0005243030741916849,
      0.0005446843261850925,
      0.004604773151638044,
      0.000533247987516156
    ]
  ],
  [
    [
      0.9910918400528029,
      0.0029759202854397876,
      0.0005159108823072268,
      0.0005355604857785997,
      0.004368037403092974,
      0.0005127308905785032
    ],
    [
      0.13094383349632216,
      0.07742129307179912,
      0.021961411524565842,
      0.010516235007832855,
      0.756224207581192,
      0.0029330193182880507
    ],
    [
      0.8273476295594694,
      0.10133955553687413,
      0.005059202641931083,
      0.010979401001051829,
      0.05327966001477297,
      0.0019945512459005883
    ],
    [
      0.7928390109573555,
      0.14216837018730127,
      0.007237100835675048,
      0.014949720447804113,
      0.042262127218277316,
      0.0005436703535867093
    ],
    [
      0.775883670119885,
      0.15576526729603582,
      0.006930218272499188,
      0.01686901073571022,
      0.04403517141261931,
      0.0005166621632503651
    ],
    [
      0.781375742489897,
      0.1498246389708576,
      0.006429210379533811,
      0.016790714714004954,
      0.045141071397262186,
      0.0004386220484444364
    ],
    [
      0.07824977849739291,
      0.11006619228060947,
      0.011942172415847043,
      0.012610174256368208,
      0.7863607207796754,
      0.000770961770106894
    ],
    [
      0.7801322604414966,
      0.14864917834867689,
      0.008382978921401722,
      0.01618671292309929,
      0.046084816565881606,
      0.0005640527994439147
    ],
    [
      0.4313184300444991,
      0.2660249326723445,
      0.005487143472281714,
      0.031634652299703685,
      0.26244853662055223,
      0.003086304890618789
    ],
    [
      0.11918069903930174,
      0.1579970232271796,
      0.030609099861193388,
      0.017378595870950888,
      0.6738472335605256,
      0.0009873484408489102
    ],
    [
      0.7795767662781751,
      0.1491133598387156,
      0.008455106411924273,
      0.0157363646765401,
      0.04652085291326802,
      0.0005975498813768981
    ],
    [
      0.7621933252024476,
      0.16506491923419744,
      0.006816518591253246,
      0.017416449677716477,
      0.048032082335927435,
      0.0004767049584578035
    ],
    [
      0.7674792094157817,
      0.15942076689845303,
      0.00755912394702982,
      0.016474811618839638,
      0.04853404218121947,
      0.0005320459386763708
    ],
    [
      0.5100803831847966,
      0.25636209734740517,
      0.004250285733603159,
      0.030076382173606874,
      0.1961556108992553,
      0.003075240661332975
    ],
    [
      0.7581896730781195,
      0.17101839496875426,
      0.003996259457123645,
      0.01647123360993239,
      0.049786605876015314,
      0.0005378330100548752
    ],
    [
      0.77017160593647,
      0.1565906756383153,
      0.007020991194537985,
      0.017127729575654012,
      0.048586306415507555,
      0.0005026912395151458
    ],
    [
      0.0757140120297471,
      0.11288831415531515,
      0.010035161902260227,
      0.013376144852074561,
      0.787338786227484,
      0.000647580833119048
    ],
    [
      0.7674463274190627,
      0.15900267726563777,
      0.006738072212662644,
      0.017348722485650416,
      0.048983727262522855,
      0.00048047335446356167
    ],
    [
      0.776036130651651,
      0.15226757297287274,
      0.00839591357358357,
      0.016267314811457368,
      0.046463097561216124,
      0.0005699704292190435
    ],
    [
      0.4778772524754783,
      0.24441060687031912,
      0.036631103766698286,
      0.031066606565760727,
      0.20745637622170715,
      0.0025580541000364953
    ],
    [
      0.7793009518159452,
      0.14862231435630044,
      0.008549603452761805,
      0.01565849154902464,
      0.04724384732917296,
      0.0006247914967950135
    ],
    [
      0.07813622727612084,
      0.10944093786302478,
      0.01193585726859505,
      0.012588095038708887,
      0.7871279431153074,
      0.0007709394382430766
    ],
    [
      0.7788701134408332,
      0.15101612036864615,
      0.006601833146644045,
      0.01693908575007149,
      0.046111919872479916,
      0.0004609274213251634
    ],
    [
      0.7411042815707312,
      0.1459977821456327,
      0.004424405231504617,
      0.01683845585023596,
      0.0890030705273489,
      0.0026320046745466883
    ],
    [
      0.1996461296339762,
      0.1301963517869507,
      0.00461054222930445,
      0.020224098295938277,
      0.642964511166423,
      0.0023583668874074593
    ],
    [
      0.09006154317634671,
      0.12109992683397039,
