[
  [
    [
      0.9906331773467769,
      0.003128065444281042,
      0.0005215207748808135,
      0.0005418453069157489,
      0.00463902107621985,
      0.0005363700509256753
    ],
    [
      0.9890633231678572,
      0.0036438041895561595,
      0.0005536010885223458,
      0.0006144059763922981,
      0.005510726385290495,
      0.0006141391923815325
    ],
    [
      0.9852184364685717,
      0.004976330572264719,
      0.000788384144316734,
      0.0008297859316587384,
      0.007364896800629955,
      0.0008221660825582387
    ],
    [
      0.9858607946526787,
      0.0047616022744766786,
      0.0007757429210088785,
      0.0008070795901844612,
      0.007004023074243309,
      0.0007907574874079649
    ],
    [
      0.9853180625757159,
      0.004940285495623045,
      0.0007855278026476148,
      0.0008238953532001098,
      0.007313624499365635,
      0.0008186042734477786
    ],
    [
      0.9910840932997098,
      0.0029785611771503367,
      0.0005160696604669969,
      0.0005357331071332819,
      0.004372433377333529,
      0.000513109378206053
    ],
    [
      0.9908780737534316,
      0.0030486696150581515,
      0.00052025649837772,
      0.0005402849696050224,
      0.004489492207041168,
      0.0005232229564863335
    ],
    [
      0.9908780737534316,
      0.0030486696150581515,
      0.00052025649837772,
      0.0005402849696050224,
      0.004489492207041168,
      0.0005232229564863335
    ],
    [
      0.990484615724498,
      0.0031780926940386724,
      0.0005243878544271622,
      0.0005449623180656365,
      0.004724074494241176,
      0.000543866914729413
    ],
    [
      0.9853180625757159,
      0.004940285495623045,
      0.0007855278026476148,
      0.0008238953532001098,
      0.007313624499365635,
      0.0008186042734477786
    ],
    [
      0.9905141353250099,
      0.003171938687914139,
      0.0005274859785866014,
      0.000548144705530944,
      0.004696982918680816,
      0.0005413123842776889
    ],
    [
      0.9910565834498454,
      0.0029879366236259643,
      0.0005166327148819793,
      0.0005363452516978821,
      0.00438804745738771,
      0.0005144545025610972
    ],
    [
      0.9908380322779731,
      0.0030588791602504176,
      0.0005175089916251159,
      0.0005374837910149414,
      0.0045219851192422784,
      0.0005261106598941731
    ],
    [
      0.9868649652625863,
      0.00439213636641571,
      0.0006903362717784614,
      0.00078104597133853,
      0.006511104966420904,
      0.0007604111614600748
    ],
    [
      0.9873649274940576,
      0.004219028666084561,
      0.0006924989342141801,
      0.0007712098171560626,
      0.006217012577536348,
      0.0007353225109513702
    ],
    [
      0.9853637316894592,
      0.004929041511136486,
      0.0007856297981592155,
      0.0008213326736559181,
      0.007285078514115419,
      0.000815185813473681
    ],
    [
      0.9851394455086038,
      0.005002008204849365,
      0.0007898731570014754,
      0.0008343807960121677,
      0.00740832072795802,
      0.0008259716055751573
    ],
    [
      0.9842573589174741,
      0.005283137686140127,
      0.0008050008503466981,
      0.0008855450946390574,
      0.007898591959260204,
      0.0008703654921398163
    ],
    [
      0.9860760547791536,
      0.004437807058959822,
      0.0006972705267603877,
      0.0007771523531838566,
      0.007211161144144292,
      0.0008005541377980759
    ],
    [
      0.9852516678742391,
      0.004768662522441151,
      0.0007304972802096314,
      0.000826103488224528,
      0.007593195492803436,
      0.0008298733420821501
    ],
    [
      0.9863536906071446,
      0.004358029517552507,
      0.0006949029832306263,
      0.0007612272092632987,
      0.007047697681841851,
      0.0007844520009671898
    ],
    [
      0.9849426521614495,
      0.004855709084396273,
      0.0007337504876471223,
      0.0008437475638733404,
      0.007776190172612619,
      0.0008479505300211772
    ],
    [
      0.9907302067925025,
      0.003098842050111128,
      0.0005232193164651235,
      0.0005435060878812964,
      0.00457368733188156,
      0.0005305384211583927
    ],
    [
      0.9910918400528029,
      0.0029759202854397876,
      0.0005159108823072268,
      0.0005355604857785997,
      0.004368037403092974,
      0.0005127308905785032
    ],
    [
      0.99077603888879,
      0.003079841304909737,
      0.0005187302148428432,
      0.0005388114777096446,
      0.004557372369344875,
      0.0005292057444029282
    ],
    [
      0.9866911179355207,
      0.004452882230590378,
      0.0006903481874650566,
      0.000785214495276411,
      0.0066114391175346055,
      0.0007689980336128323
    ],
    [
      0.9808950272538022,
      0.006448027557458226,
      0.0009326731403177069,
      0.001099526912068877,
      0.009543530028966634,
      0.001081215107386401
    ],
    [
      0.9805807620555467,
      0.006569556147861925,
      0.0009326974370218709,
      0.001114030709237736,
      0.009710706776061116,
      0.0010922468742707039
    ],
    [
      0.9852840833500786,
      0.004951330146927426,
      0.0007861680597338801,
      0.0008258718817517808,
      0.007332304945443322,
      0.0008202416160650553
    ],
    [
      0.9890381444059397,
      0.0036517887839296803,
      0.0005540219852587068,
      0.0006158654036849294,
      0.005524759469119258,
      0.0006154199520676856
    ],
    [
      0.9885630503222486,
      0.0038017131873563,
      0.0005622485103954515,
      0.0006433615350748649,
      0.005789862459407025,
      0.0006397639855178529
    ],
    [
      0.9890730868792353,
      0.0036337303419817636,
      0.0005491923959084382,
      0.0006138352189960309,
      0.005515013618371735,
      0.0006151415455067232
    ],
    [
      0.9890730868792353,
      0.0036337303419817636,
      0.0005491923959084382,
      0.0006138352189960309,
      0.005515013618371735,
      0.0006151415455067232
    ],
    [
      0.9891262419650493,
      0.003616930803643153,
      0.0005483190326589461,
      0.0006107556903439213,
      0.005485333999792093,
      0.0006124185085126277
    ],
    [
      0.9855165659548217,
      0.004592608549634735,
      0.0007018151301579191,
      0.0008090545172589059,
      0.007545670885247392,
      0.000834284962879316
    ],
    [
      0.9890730868792353,
      0.0036337303419817636,
      0.0005491923959084382,
      0.0006138352189960309,
      0.005515013618371735,
      0.0006151415455067232
    ],
    [
      0.9893028746807295,
      0.0035610023430451515,
      0.0005453890353250409,
      0.0006005197979885765,
      0.0053868089834048175,
      0.0006034051595068675
    ],
    [
      0.990447004340924,
      0.003190738665370672,
      0.0005251081191229877,
      0.0005457453689798688,
      0.004745631104058861,
      0.0005457724015435465
    ],
    [
      0.9896331492071936,
      0.003455989853877004,
      0.0005397940108478004,
      0.0005813689938734976,
      0.00520299900661664,
      0.000586698927591493
    ],
    [
      0.9905851017122885,
      0.0031442680803614106,
      0.0005224524535622487,
      0.0005428582036420169,
      0.0046665286505413895,
      0.0005387908996044196
    ]
  ],
  [
    [
      0.989984061170596,
      0.0033437811874034006,
      0.0005336797469224239,
      0.0005610050046321004,
      0.005008309488741919,
      0.0005691634017041755
    ],
    [
      0.8261893976843905,
      0.08647627908462568,
      0.02190881983318904,
      0.01108064300573928,
      0.052132947759832376,
      0.0022119126322231526
    ],
    [
      0.1363109669501134,
      0.08024580847995358,
      0.022911690036266,
      0.011062680751447354,
      0.7464598543255172,
      0.003008999456702424
    ],
    [
      0.11931613493702793,
      0.08603640510017523,
      0.026140428467840402,
      0.011223329472689435,
      0.7549407860353288,
      0.00234291598693829
    ],
    [
      0.7941592940897697,
      0.12992529532146127,
      0.019748912024551066,
      0.01486826411917583,
      0.04073259110249339,
      0.000565643342548819
    ],
    [
      0.7880041430727833,
      0.126257750738051,
      0.030343836076286643,
      0.014575437933243712,
      0.04031818613483173,
      0.0005006460448036328
    ],
    [
      0.144061301602813,
      0.08103663414831709,
      0.020880330335836098,
      0.010886149370228228,
      0.7400848079430289,
      0.0030507765997766795
    ],
    [
      0.8281432637746304,
      0.08733730638477048,
      0.0245852504457465,
      0.010694696958201884,
      0.04733002653570031,
      0.0019094559009504345
    ],
    [
      0.787057523147756,
      0.12570852588881334,
      0.03253733624310339,
      0.015057075060754198,
      0.03916340766716715,
      0.0004761319924059953
    ],
    [
      0.7883064065560312,
      0.13716045895717005,
      0.015135611386853898,
      0.015023560504833057,
      0.04372448429446826,
      0.0006494783006435289
    ],
    [
      0.12091411693376775,
      0.0868734578370291,
      0.026397044509352194,
      0.011311106034593791,
      0.7521219738970801,
      0.0023823007881771233
    ],
    [
      0.8285233771767951,
      0.0845144207561296,
      0.02439328634744587,
      0.01060778307711547,
      0.050052007854041035,
      0.00190912478847285
    ],
    [
      0.8262489917110891,
      0.0885891871946279,
      0.024425670744028995,
      0.01085489668341143,
      0.04790361909703357,
      0.001977634569808886
    ],
    [
      0.8314020059735875,
      0.08819109116892354,
      0.01583915470041565,
      0.011320828426338898,
      0.051263553859989826,
      0.0019833658707446617
    ],
    [
      0.8041848900375126,
      0.1225459888931006,
      0.012631107354995242,
      0.013518340151628712,
      0.046564455284539,
      0.0005552182782238369
    ],
    [
      0.2021931262057422,
      0.10172106195669858,
      0.013339585488755582,
      0.01571847619825581,
      0.6642604376628788,
      0.002767312487668982
    ],
    [
      0.16196189797585514,
      0.15005660559635053,
      0.0200157426721626,
      0.014783894162263398,
      0.6504292393410268,
      0.002752620252341507
    ],
    [
      0.78830111752244,
      0.13212824347941135,
      0.020684248404499287,
      0.015015627760307198,
      0.043278471935200284,
      0.000592290898141868
    ],
    [
      0.7434630588876314,
      0.1352566697745222,
      0.05358602840387512,
      0.01664219004978082,
      0.050389842769492134,
      0.0006622101146983739
    ],
    [
      0.7136691908868023,
      0.1072684580224609,
      0.11020670651937178,
      0.01683666106717508,
      0.05073365014730388,
      0.0012853333568860971
    ],
    [
      0.11847460580679345,
      0.17375379323679538,
      0.04818606406294593,
      0.019495232974448093,
      0.6393564024012706,
      0.000733901517746657
    ],
    [
      0.7337809305988976,
      0.14009545184435238,
      0.0434692318888661,
      0.013244250562095725,
      0.06696723326658903,
      0.0024429018391991185
    ],
    [
      0.19180298627474926,
      0.10386382979416792,
      0.02268672451699878,
      0.01594443748763382,
      0.6630951444862366,
      0.002606877440213577
    ],
    [
      0.8308383568622123,
      0.08509236657772834,
      0.024509243429998065,
      0.010662047220536324,
      0.047004726055077065,
      0.0018932598544479395
    ],
    [
      0.8297583816405542,
      0.08753402074562919,
      0.024799048810128246,
      0.010820025769862478,
      0.04519692863578522,
      0.0018915943980406641
    ],
    [
      0.7836855462383604,
      0.13365578869320482,
      0.022600391800091987,
      0.015364943976730546,
      0.04406643250479289,
      0.0006268967868193154
    ],
    [
      0.7597698323146992,
      0.1276666986947464,
      0.03978725021073861,
      0.016055227762242694,
      0.056003115978622814,
      0.0007178750389502911
    ],
    [
      0.7797883013810326,
      0.1369898899996488,
      0.01972122933823889,
      0.015540399500160552,
      0.047285686685677175,
      0.0006744930952420475
    ],
    [
      0.7843079007760468,
      0.13239215781888664,
      0.02602563390587037,
      0.015213301742139603,
      0.04151852899095785,
      0.0005424767660987701
    ],
    [
      0.07534124502692799,
      0.09227396144258129,
      0.025333958230974143,
      0.01138267575840866,
      0.7948205632372983,
      0.0008475963038096165
    ],
    [
      0.9844081892693718,
      0.004921454364187157,
      0.0007547652616649298,
      0.0008707878615931756,
      0.00815178232114327,
      0.0008930209220397349
    ],
    [
      0.9885630503222486,
      0.0038017131873563,
      0.0005622485103954515,
      0.0006433615350748649,
      0.005789862459407025,
      0.0006397639855178529
    ],
    [
      0.9885630503222486,
      0.0038017131873563,
      0.0005622485103954515,
      0.0006433615350748649,
      0.005789862459407025,
      0.0006397639855178529
    ],
    [
      0.9855165659548217,
      0.004592608549634735,
      0.0007018151301579191,
      0.0008090545172589059,
      0.007545670885247392,
      0.000834284962879316
    ],
    [
      0.9853228720733123,
      0.00466661561733564,
      0.0007118733804017906,
      0.0008203286700803416,
      0.00763674389105817,
      0.0008415663678118939
    ],
    [
      0.9855165659548217,
      0.004592608549634735,
      0.0007018151301579191,
      0.0008090545172589059,
      0.007545670885247392,
      0.000834284962879316
    ],
    [
      0.8309149829463001,
      0.0869697832853509,
      0.022370622691007903,
      0.011199375250339035,
      0.046325676698185804,
      0.002219559128816346
    ],
    [
      0.8309055537907165,
      0.0888182192858318,
      0.02455407919703075,
      0.010975880850661507,
      0.04275643936093689,
      0.001989827514822546
    ],
    [
      0.8829531657681955,
      0.06608790074137713,
      0.012234152517522712,
      0.008296147209392712,
      0.02928392273275571,
      0.0011447110307562505
    ],
    [
      0.989984061170596,
      0.0033437811874034006,
      0.0005336797469224239,
      0.0005610050046321004,
      0.005008309488741919,
      0.0005691634017041755
    ]
  ],
  [
    [
      0.9907939114798867,
      0.0030738001799040663,
      0.0005183787789595462,
      0.000538429404591002,
      0.004547167579394268,
      0.0005283125772644242
    ],
    [
      0.8303764110470954,
      0.08563084267563921,
      0.025279983205908293,
      0.010743554973468563,
      0.046071531252366536,
      0.0018976768455220762
    ],
    [
      0.7824259485597469,
      0.15236721717913249,
      0.007204358864085405,
      0.015411833826554184,
      0.042037241313468705,
      0.0005534002570123374
    ],
    [
      0.7780626310280215,
      0.1565479206032748,
      0.007372006488301318,
      0.015596318697695212,
      0.04184344395148086,
      0.0005776792312262326
    ],
    [
      0.12281525090769287,
      0.19642902538596996,
      0.014262333199571882,
      0.018805729717388104,
      0.6469466124012441,
      0.0007410483881331165
    ],
    [
      0.7760009125581333,
      0.15806725286955106,
      0.007125254982558608,
      0.01559267809350614,
      0.04267885221009204,
      0.0005350492861588982
    ],
    [
      0.7832391414383906,
      0.15117934655080584,
      0.0071450223084196345,
      0.015610330532689214,
      0.04228457001270732,
      0.0005415891569874049
    ],
    [
      0.7832391414383906,
      0.15117934655080584,
      0.0071450223084196345,
      0.015610330532689214,
      0.04228457001270732,
      0.0005415891569874049
    ],
    [
      0.7786234457125,
      0.15768154980830304,
      0.007090777732584271,
      0.015791312883936117,
      0.04027829962892537,
      0.0005346142337513223
    ],
    [
      0.07827266182578657,
      0.10974710687323651,
      0.012194834560192257,
      0.011847540253370183,
      0.787061722516089,
      0.0008761339713255464
    ],
    [
      0.12933441187950073,
      0.11231840383835023,
      0.007733757141213948,
      0.012652022474004432,
      0.7354310502045891,
      0.002530354462341598
    ],
    [
      0.785943641630401,
      0.14917240666661474,
      0.007172806674368983,
      0.014994784335610556,
      0.04217711200253939,
      0.0005392486904653702
    ],
    [
      0.8259420690359378,
      0.10118429465134207,
      0.005467935209611333,
      0.0113963766678247,
      0.053862416886143946,
      0.002146907549140204
    ],
    [
      0.8227337180865979,
      0.10211179396003817,
      0.004054389161987939,
      0.011750021658770728,
      0.05728244970928924,
      0.002067627423315978
    ],
    [
      0.7913988150390965,
      0.14373581220743736,
      0.004568964835862192,
      0.014597420779064648,
      0.04504858192152986,
      0.000650405217009458
    ],
    [
      0.1279068808374463,
      0.10167743138844032,
      0.007844803203402969,
      0.01172608549829694,
      0.7482373221634789,
      0.002607476908934563
    ],
    [
      0.12958248216410265,
      0.10845696928453155,
      0.007880697538179913,
      0.012399388811135196,
      0.7390726961027904,
      0.0026077660992604315
    ],
    [
      0.7736083802500304,
      0.15728057611062984,
      0.008210635586199899,
      0.014998821828388603,
      0.045259615218528934,
      0.0006419710062222439
    ],
    [
      0.7752704891753105,
      0.1522571171285578,
      0.008696766476981033,
      0.015440743899920154,
      0.04763659034887526,
      0.0006982929703552974
    ],
    [
      0.47920644031559806,
      0.3123779658641274,
      0.003918447346740453,
      0.03227180934159653,
      0.1702614020454875,
      0.001963935086450006
    ],
    [
      0.7000796521389829,
      0.1538980711277564,
      0.007242992080890127,
      0.01569273474675321,
      0.12052688144064186,
      0.0025596684649755916
    ],
    [
      0.21122459456294185,
      0.16380265057388468,
      0.004293439021031901,
      0.022485889951907298,
      0.5965384083160903,
      0.0016550175741440242
    ],
    [
      0.7755586435880425,
      0.1587813762147283,
      0.007142547933200102,
      0.015631162044314823,
      0.042342943210938004,
      0.0005433270087763164
    ],
    [
      0.7903934423772147,
      0.146253206303073,
      0.0071484165489018245,
      0.014815446200292938,
      0.0408617511631682,
      0.0005277374073493951
    ],
    [
      0.7542212144324238,
      0.10600381345408727,
      0.00515520106985087,
      0.01179059228007864,
      0.11997444994404605,
      0.0028547288195134354
    ],
    [
      0.7839467756583778,
      0.15292045258878956,
      0.004364110495754636,
      0.015524265866030933,
      0.04263124259401082,
      0.0006131527970362501
    ],
    [
      0.7717696260259483,
      0.1597713766623122,
      0.004710379802023083,
      0.016225228462903616,
      0.04684976622296761,
      0.0006736228238452361
    ],
    [
      0.779910910696705,
      0.15185868652822157,
      0.0050422999860620914,
      0.015724180493743918,
      0.0467368862367184,
      0.0007270360585489826
    ],
    [
      0.7781929344809391,
      0.1536377002776853,
      0.008441923379626855,
      0.015972650240441463,
      0.043115959496591104,
      0.0006388321247162537
    ],
    [
      0.7894710729599118,
      0.14558136870564867,
      0.00906786654868213,
      0.014610641801480029,
      0.040652601800888234,
      0.0006164481833891927
    ],
    [
      0.7863331663698384,
      0.1269402255972547,
      0.02926687235464192,
      0.014782960553788848,
      0.042084829301277084,
      0.0005919458231989959
    ],
    [
      0.14503324138745238,
      0.07935665897000813,
      0.0211232460603026,
      0.011075135267334486,
      0.7403607471125593,
      0.003050971202343134
    ],
    [
      0.7838514842560848,
      0.12709455883476506,
      0.03372657310279107,
      0.015169112819290223,
      0.039656681044865284,
      0.0005015899422036342
    ],
    [
      0.7892113337620218,
      0.129719021429395,
      0.025846819000569548,
      0.0144458081009324,
      0.04021235862278829,
      0.00056465908429305
    ],
    [
      0.786843035194239,
      0.1394679595347999,
      0.015225162248669152,
      0.015387551015158048,
      0.042324339502336494,
      0.0007519525047973335
    ],
    [
      0.9866363196520045,
      0.004435388474934982,
      0.0006575541991474476,
      0.0007528379158474543,
      0.006793696713631605,
      0.0007242030444340444
    ],
    [
      0.7837299631144268,
      0.12708026410982243,
      0.03371618883668728,
      0.015166082634634207,
      0.0398059145037679,
      0.0005015868006614633
    ],
    [
      0.8282765867891131,
      0.10353100848623442,
      0.0051755737082867575,
      0.011599274532700196,
      0.04935437375619539,
      0.002063182727470186
    ],
    [
      0.8832636552854848,
      0.06521558346963573,
      0.01400031992291052,
      0.00805242477783625,
      0.028461967838854327,
      0.0010060487052783497
    ],
    [
      0.9905529923678001,
      0.003155082517544465,
      0.0005230726487945504,
      0.0005435324632076567,
      0.004684909466170717,
      0.0005404105364825061
    ]
  ],
  [
    [
      0.9910825541363125,
      0.0029759849181708554,
      0.0005126308531396145,
      0.0005321803731358427,
      0.004382664925406836,
      0.0005139847938343171
    ],
    [
      0.793151568415374,
      0.12472146176745867,
      0.028479388563636042,
      0.014584860243156006,
      0.03856086926774115,
      0.0005018517426340583
    ],
    [
      0.7785114831462876,
      0.15785247652556023,
      0.0070857455323955895,
      0.01579173832773934,
      0.04022634637264498,
      0.0005322100953722844
    ],
    [
      0.12218449459570718,
      0.1385016165082261,
      0.022383631454547262,
      0.014379454506726301,
      0.7010211134277617,
      0.001529689507031472
    ],
    [
      0.1267807809545442,
      0.19248844974119722,
      0.014071499435577372,
      0.01977782275697127,
      0.6461608434599868,
      0.0007206036517231893
    ],
    [
      0.7780273217870793,
      0.14816629424447786,
      0.00861825264060696,
      0.01604356872530508,
      0.04849107399515568,
      0.00065348860737511
    ],
    [
      0.7751555275452556,
      0.15651785653008884,
      0.007037203866544818,
      0.01635794062958842,
      0.044407293956904036,
      0.0005241774716182986
    ],
    [
      0.7794360674707196,
      0.15381815225941137,
      0.006904877307161198,
      0.01595195504909421,
      0.04337530939829842,
      0.0005136385153151956
    ],
    [
      0.77401827727768,
      0.15564563345575236,
      0.008020230631147013,
      0.016777988479386788,
      0.044948923425354566,
      0.0005889467306791296
    ],
    [
      0.7767261993706951,
      0.14849812107722715,
      0.008697041602981265,
      0.01687559758299329,
      0.048520404514233395,
      0.0006826358518698487
    ],
    [
      0.7780725192968735,
      0.14846869610471441,
      0.008611010791857637,
      0.016050119683561816,
      0.048147553711473966,
      0.0006501004115187584
    ],
    [
      0.7740802411602101,
      0.15889296300742725,
      0.0071671857828886215,
      0.01569993998724545,
      0.04362108582186823,
      0.0005385842403603115
    ],
    [
      0.7931901123185024,
      0.14191235672088975,
      0.007224053621635576,
      0.014914750321633082,
      0.04222120958510705,
      0.0005375174322321924
    ],
    [
      0.8027534081568735,
      0.13433096369954503,
      0.0042928911433424664,
      0.015094012304167593,
      0.042928162067101636,
      0.0006005626289699079
    ],
    [
      0.07941313897926819,
      0.09270505976294925,
      0.003739400290166512,
      0.010667641249533837,
      0.8123480774029833,
      0.001126682315098888
    ],
    [
      0.21292445017102613,
      0.12661310297438372,
      0.005259331243297739,
      0.01706932003752406,
      0.635408936743689,
      0.0027248588300793253
    ],
    [
      0.7795346703473538,
      0.14596071077983627,
      0.008453816526726648,
      0.015949419228578142,
      0.0494692643047854,
      0.0006321188127197834
    ],
    [
      0.10995727191330017,
      0.13458264904674386,
      0.0066886470699825005,
      0.013335035606628918,
      0.7338914033712465,
      0.0015449929920981747
    ],
    [
      0.246785063971938,
      0.15432552931196622,
      0.004432203123487081,
      0.017004848928364034,
      0.5743852028402181,
      0.0030671518240265225
    ],
    [
      0.6579147322374463,
      0.2395516882508969,
      0.014186495613447214,
      0.020848941545084713,
      0.0665493666010333,
      0.0009487757520916043
    ],
    [
      0.6639639048451544,
      0.177199072580696,
      0.005206078450058332,
      0.01671560002683411,
      0.1342958926168677,
      0.0026194514803894796
    ],
    [
      0.7033972165326069,
      0.17189035373459038,
      0.021940289815708114,
      0.03713295640277067,
      0.06427707233925206,
      0.00136211117507192
    ],
    [
      0.20994843225607776,
      0.1402744515560524,
      0.0052670523501033885,
      0.01721194117603863,
      0.6245771166369631,
      0.0027210060247647586
    ],
    [
      0.7892301436073879,
      0.14516207976794954,
      0.007080118368865433,
      0.01520426803825699,
      0.04279488498574435,
      0.0005285052317959213
    ],
    [
      0.7832772107935654,
      0.15150395591705473,
      0.006896135565440546,
      0.01584456158292156,
      0.04196866370646944,
      0.0005094724345483322
    ],
    [
      0.078802258714323,
      0.09270474891453198,
      0.003773158043431639,
      0.010848958096034825,
      0.8127351933721578,
      0.0011356828595207066
    ],
    [
      0.7696048542969961,
      0.15909325456449175,
      0.004731991837244132,
      0.01567145681015086,
      0.05021507553400397,
      0.0006833669571132409
    ],
    [
      0.4753864784884233,
      0.3040678925344213,
      0.01689703663382242,
      0.03813287599265144,
      0.16233631097334328,
      0.0031794053773382255
    ],
    [
      0.1286691665574896,
      0.18609917363656575,
      0.01608164182095176,
      0.018995460457372017,
      0.6493376219106304,
      0.0008169356169904771
    ],
    [
      0.7754932254474722,
      0.15533244013335745,
      0.007376130869130101,
      0.016546420423001473,
      0.04470404169128375,
      0.0005477414357549961
    ],
    [
      0.7821524589995026,
      0.15505382133976073,
      0.007071731059787161,
      0.015228428403675765,
      0.03996800693563194,
      0.0005255532616419062
    ],
    [
      0.7908062622704239,
      0.1462868857393972,
      0.0071484539065694895,
      0.01482566382601743,
      0.04040496979930733,
      0.0005277644582846084
    ],
    [
      0.7770069248913571,
      0.15886787123413987,
      0.007012621725565813,
      0.01572131956320595,
      0.04086303535825708,
      0.0005282272274741329
    ],
    [
      0.7796689379887777,
      0.15121749043153332,
      0.008441551545693943,
      0.016341973453868036,
      0.04362250122774203,
      0.0007075453523850479
    ],
    [
      0.7822593323646364,
      0.13999012895117294,
      0.017120506452593894,
      0.01602804524270205,
      0.04383192445469329,
      0.0007700625342013785
    ],
    [
      0.9823994398842815,
      0.005872636455877899,
      0.0008684512741977944,
      0.000993719354269738,
      0.008942011921287551,
      0.000923741110085607
    ],
    [
      0.7887621379538263,
      0.13335509210978358,
      0.019975165262201226,
      0.015294611015687649,
      0.04190842555351489,
      0.0007045681049863626
    ],
    [
      0.11310886804726088,
      0.12185201083606319,
      0.00871640116567364,
      0.01582800870643177,
      0.7388825033906209,
      0.0016122078539497135
    ],
    [
      0.8287496290011354,
      0.08686174781450612,
      0.018696042477817365,
      0.011300300451257248,
      0.05230290095326257,
      0.0020893793020213096
    ],
    [
      0.9903448676521701,
      0.003229022569723486,
      0.0005307768847884294,
      0.0005517224915109548,
      0.004793788695565384,
      0.0005498217062417298
    ]
  ],
  [
    [
      0.985306327134079,
      0.004945812572911078,
      0.0007862067682535552,
      0.00082462262321026,
      0.007318440414987803,
      0.0008185904865583165
    ],
    [
      0.7933591852859658,
      0.12843501251052208,
      0.024480468438838505,
      0.014253889321491771,
      0.03892699391117538,
      0.0005444505320063899
    ],
    [
      0.7724553082085964,
      0.1601877463311715,
      0.007383216425950182,
      0.016391145600025664,
      0.043029316569311214,
      0.0005532668649450138
    ],
    [
      0.777239760672643,
      0.14928909355034917,
      0.00863148464298376,
      0.015521214592093525,
      0.04865520908819413,
      0.0006632374537365113
    ],
    [
      0.5087350049126027,
      0.26859051706277176,
      0.0062293842026358995,
      0.03521524955169532,
      0.1777008599272998,
      0.0035289843429946468
    ],
    [
      0.7786501042135653,
      0.15011954814579498,
      0.00864725925237524,
      0.015470049004253214,
      0.04644580189743341,
      0.00066723748657786
    ],
    [
      0.1329894615632727,
      0.18311124926077516,
      0.01523663119725136,
      0.01897741275575237,
      0.6488866366389943,
      0.0007986085839542203
    ],
    [
      0.7719184537299582,
      0.15732753057474333,
      0.0076858913500774655,
      0.01584013495246827,
      0.04665203080916007,
      0.0005759585835927907
    ],
    [
      0.13033684924748679,
      0.16592486969947706,
      0.00733389979210915,
      0.016757993416010183,
      0.678246207071146,
      0.0014001807737708915
    ],
    [
      0.5087350049126027,
      0.26859051706277176,
      0.0062293842026358995,
      0.03521524955169532,
      0.1777008599272998,
      0.0035289843429946468
    ],
    [
      0.13105216451091012,
      0.1642309151095774,
      0.007678255725263724,
      0.016088759480770334,
      0.6794880240392512,
      0.0014618811342272744
    ],
    [
      0.7685038171399008,
      0.15883388159278583,
      0.0073818348366204815,
      0.016361197317376504,
      0.048368662432073675,
      0.0005506066812427722
    ],
    [
      0.12897460356920853,
      0.09894267698055484,
      0.007650974525194511,
      0.012220394612888945,
      0.7496854244845454,
      0.0025259258276076743
    ],
    [
      0.7861259593372463,
      0.1456295293352573,
      0.00452811646516899,
      0.015503496222164972,
      0.0475587290294995,
      0.0006541696106629805
    ],
    [
      0.7568529814834877,
      0.1390981015519706,
      0.022548695629906353,
      0.01653268648807987,
      0.06421153322538695,
      0.0007560016211683878
    ],
    [
      0.7672372769199928,
      0.1615093619497239,
      0.00787344859237508,
      0.01599002485615642,
      0.04679598568695081,
      0.0005939019948010984
    ],
    [
      0.7781123488676891,
      0.1486242105342651,
      0.008727686532093016,
      0.015450765567890747,
      0.04838779165228074,
      0.00069719684578125
    ],
    [
      0.12601670858857095,
      0.1822218602130724,
      0.015060061087233678,
      0.01977426659407591,
      0.6560847970732905,
      0.0008423064437565283
    ],
    [
      0.25296378168589684,
      0.146226871521396,
      0.004435731139622498,
      0.016742008076659896,
      0.5765780056551102,
      0.003053601921314632
    ],
    [
      0.6804922728998695,
      0.21824134567349815,
      0.01919953823703217,
      0.019292540364143993,
      0.06168935815269179,
      0.0010849446727644457
    ],
    [
      0.4007910718039041,
      0.3646816837257773,
      0.0061689111593683605,
      0.035430290700056544,
      0.18888040484712482,
      0.004047637763768919
    ],
    [
      0.7730012737117591,
      0.15511159748460832,
      0.00875195201716761,
      0.015634820043456503,
      0.046773994944162074,
      0.0007263617988464025
    ],
    [
      0.13586899683941356,
      0.1859679753798015,
      0.014048681749502596,
      0.01899335697311593,
      0.6443633244316552,
      0.0007576646265111241
    ],
    [
      0.7329929530613211,
      0.16094504030236287,
      0.013258958837297921,
      0.015372984149124438,
      0.07511031581454133,
      0.0023197478353523893
    ],
    [
      0.7859559301266875,
      0.14736976475177335,
      0.007008130994347712,
      0.015983780790365002,
      0.04315195599434784,
      0.000530437342478642
    ],
    [
      0.07976401354117423,
      0.0898356208909911,
      0.003740046519813177,
      0.010809087825419984,
      0.8147314643556655,
      0.0011197668669361072
    ],
    [
      0.7775347452281138,
      0.15353996912935686,
      0.004722284714091278,
      0.015326522755633901,
      0.04819646458053253,
      0.0006800135922715778
    ],
    [
      0.12110306513436186,
      0.1495156030829138,
      0.004202178209144363,
      0.015954613831967827,
      0.7079369577001997,
      0.0012875820414125004
    ],
    [
      0.7687627274479978,
      0.16191366874875326,
      0.007867637415154375,
      0.01605365678033328,
      0.04481112395755307,
      0.0005911856502083181
    ],
    [
      0.7752035728964137,
      0.15571117033032594,
      0.0069355272332083835,
      0.017056404138644468,
      0.044575044441503814,
      0.0005182809599036359
    ],
    [
      0.7938230583267767,
      0.13888937243070157,
      0.0076549414270010024,
      0.015305022111906982,
      0.04373053000378803,
      0.000597075699825733
    ],
    [
      0.7791121901868165,
      0.15461571244079803,
      0.007034793363752929,
      0.016218093829934638,
      0.042496156358047224,
      0.000523053820650728
    ],
    [
      0.07767728360968759,
      0.10938844820108008,
      0.01224615796469021,
      0.012028745778935989,
      0.7877775101624047,
      0.0008818542832014348
    ],
    [
      0.7828410858492234,
      0.1471869135101581,
      0.008896595288957823,
      0.015572320922545574,
      0.04475253121507601,
      0.0007505532140390748
    ],
    [
      0.47961226730494994,
      0.11669870226004501,
      0.20037024522604788,
      0.024310175966309744,
      0.175810814505352,
      0.003197794737295503
    ],
    [
      0.9808368476327098,
      0.006366170286276713,
      0.0009441984087778868,
      0.0010811250950146015,
      0.009760897035972436,
      0.0010107615412485494
    ],
    [
      0.9832587958727524,
      0.0056231858493171975,
      0.0008278626909577903,
      0.0009462951606675507,
      0.00847192992119893,
      0.0008719305051061134
    ],
    [
      0.07335536746046092,
      0.10054429922353567,
      0.019068464616186484,
      0.011522638447407647,
      0.7946612766003398,
      0.0008479536520694322
    ],
    [
      0.13917889461628555,
      0.0846439245241206,
      0.017901277642005362,
      0.012172272016372797,
      0.7430287613115705,
      0.0030748698896452325
    ],
    [
      0.9892897983975706,
      0.003571840273263925,
      0.0005497764959092543,
      0.0006012750986865698,
      0.005384641550542967,
      0.000602668184026803
    ]
  ],
  [
    [
      0.9909298366632858,
      0.0030277968983695672,
      0.0005156890111083647,
      0.0005355051460253204,
      0.004469629621957292,
      0.0005215426592536584
    ],
    [
      0.7874447904709674,
      0.1255898961922037,
      0.03244399459514735,
      0.015042423674627542,
      0.039000646978379835,
      0.00047824808867413576
    ],
    [
      0.7784889257943528,
      0.15766525109336904,
      0.007090765114547793,
      0.01578786156918153,
      0.04043259138782436,
      0.0005346050407245601
    ],
    [
      0.7727190689246461,
      0.15651513700358602,
      0.008027826727432023,
      0.01685618537353612,
      0.045289262565635445,
      0.0005925194051642559
    ],
    [
      0.12524997576356253,
      0.19106351448306427,
      0.015121074261934373,
      0.019023144638050084,
      0.6487350638938746,
      0.0008072269595141948
    ],
    [
      0.762814554373285,
      0.16464723507659879,
      0.006756735276950284,
      0.017811195605252135,
      0.047521083994615826,
      0.00044919567329799136
    ],
    [
      0.778659980684268,
      0.15234067075870264,
      0.006272856399752015,
      0.01685598692013275,
      0.0454448365118898,
      0.0004256687252548371
    ],
    [
      0.7764169380289405,
      0.1533234563616077,
      0.006607084263547563,
      0.017097120160773444,
      0.04609201545649308,
      0.0004633857286376756
    ],
    [
      0.12273415172756597,
      0.13699592215075893,
      0.021955945375263377,
      0.014733839571539063,
      0.7022379273864611,
      0.0013422137884116583
    ],
    [
      0.7781654823425023,
      0.15087623165937664,
      0.00865317145425111,
      0.015469884505300556,
      0.04616517366106802,
      0.0006700563775014231
    ],
    [
      0.7627569796012719,
      0.16541165210256437,
      0.006670919018594007,
      0.01748029158241827,
      0.04723283518569103,
      0.0004473225094605601
    ],
    [
      0.7796275771289243,
      0.15066027647239055,
      0.006425633160727357,
      0.017179512505346342,
      0.04567003052622686,
      0.00043697020638458435
    ],
    [
      0.7916255263215828,
      0.14142540620094013,
      0.0065376018705875765,
      0.015813376518370347,
      0.04415788634026544,
      0.0004402027482536664
    ],
    [
      0.07526528408547199,
      0.08834513705348399,
      0.003438916452372238,
      0.010866283329796427,
      0.8211070533916894,
      0.0009773256871859286
    ],
    [
      0.769577504275899,
      0.15852794957540992,
      0.0038701056453075092,
      0.016821612117139874,
      0.050705031039806316,
      0.0004977973464373442
    ],
    [
      0.7796456787441461,
      0.14823029570745605,
      0.008419822374349739,
      0.01628692909673366,
      0.046836265749762615,
      0.0005810083275517725
    ],
    [
      0.411766001196254,
      0.2997506885534,
      0.028250500553695233,
      0.034232890906011566,
      0.22323312553913296,
      0.0027667932515063423
    ],
    [
      0.08973037269970181,
      0.11512150696570642,
      0.027944743644199934,
      0.013258321112654323,
      0.7529921483992499,
      0.0009529071784876019
    ],
    [
      0.716645639900352,
      0.13889563323978577,
      0.006660816901808583,
      0.01885318056819553,
      0.1167450930758844,
      0.0021996363139737012
    ],
    [
      0.7606101898382557,
      0.16766136997694125,
      0.006709923472254861,
      0.017289565406783416,
      0.04726376203630075,
      0.00046518926946407716
    ],
    [
      0.7791031616073035,
      0.14995633663071942,
      0.008658979110264378,
      0.015733705978171864,
      0.0458906351722551,
      0.0006571815012856898
    ],
    [
      0.7775707527925637,
      0.15242983175819927,
      0.008609833063110563,
      0.015832819655414748,
      0.044911223454308216,
      0.0006455392764035502
    ],
    [
      0.726172834315717,
      0.14256063697404314,
      0.006436751402431986,
      0.01666177010994227,
      0.10609305121836696,
      0.0020749559794987116
    ],
    [
      0.7789295060271295,
      0.1523757091557824,
      0.006278499098196151,
      0.016858689885410207,
      0.04512929039273422,
      0.00042830544074750455
    ],
    [
      0.7615657491415688,
      0.14126858861898667,
      0.004341731886186667,
      0.012960362222790001,
      0.07725211731328038,
      0.002611450817187401
    ],
    [
      0.7852698135993625,
      0.1482983605576109,
      0.003793357062544704,
