[
  [
    [
      0.9863341275143901,
      0.004343744886298493,
      0.0006895113516578315,
      0.0007620034587228213,
      0.007081222182224548,
      0.0007893906067062445
    ],
    [
      0.9837429731262868,
      0.005134523982572558,
      0.0007873108578138892,
      0.0009083028149081252,
      0.008501504224397482,
      0.0009253849940212471
    ],
    [
      0.9852516678742391,
      0.004768662522441151,
      0.0007304972802096314,
      0.000826103488224528,
      0.007593195492803436,
      0.0008298733420821501
    ],
    [
      0.9863536906071446,
      0.004358029517552507,
      0.0006949029832306263,
      0.0007612272092632987,
      0.007047697681841851,
      0.0007844520009671898
    ],
    [
      0.9863341275143901,
      0.004343744886298493,
      0.0006895113516578315,
      0.0007620034587228213,
      0.007081222182224548,
      0.0007893906067062445
    ],
    [
      0.9903448676521701,
      0.003229022569723486,
      0.0005307768847884294,
      0.0005517224915109548,
      0.004793788695565384,
      0.0005498217062417298
    ],
    [
      0.9906776448160663,
      0.0031166474344398575,
      0.0005242640681059461,
      0.0005446419196192061,
      0.004603651612433107,
      0.0005331501493354827
    ],
    [
      0.9906776448160663,
      0.0031166474344398575,
      0.0005242640681059461,
      0.0005446419196192061,
      0.004603651612433107,
      0.0005331501493354827
    ],
    [
      0.9905141353250099,
      0.003171938687914139,
      0.0005274859785866014,
      0.000548144705530944,
      0.004696982918680816,
      0.0005413123842776889
    ],
    [
      0.9906670117068938,
      0.003120247540862304,
      0.0005244748818750303,
      0.0005448711117349786,
      0.004609715546717846,
      0.0005336792119160749
    ],
    [
      0.9908981755881874,
      0.003041839469931037,
      0.00051985100226414,
      0.000539844121477932,
      0.0044780577244432265,
      0.0005222320936962751
    ],
    [
      0.9911411080853347,
      0.002959116701203737,
      0.0005148987889006637,
      0.0005344601517180928,
      0.004340089425911351,
      0.0005103268469314401
    ],
    [
      0.9852840833500786,
      0.004951330146927426,
      0.0007861680597338801,
      0.0008258718817517808,
      0.007332304945443322,
      0.0008202416160650553
    ],
    [
      0.9865278987671474,
      0.004512581061182225,
      0.0006925563926056933,
      0.0007916039088600029,
      0.006699057777765468,
      0.0007763020924391805
    ],
    [
      0.9865979197721787,
      0.004488123526758208,
      0.0006925515771969276,
      0.0007899277078743239,
      0.006658637010594216,
      0.0007728404053976737
    ],
    [
      0.989010136014974,
      0.0036606669360715795,
      0.0005544891767064328,
      0.00061748874563703,
      0.005540373207908166,
      0.0006168459187027943
    ],
    [
      0.9839570116237788,
      0.005040700812287569,
      0.0007755985868466842,
      0.0008954745141946753,
      0.008411396987402755,
      0.000919817475489502
    ],
    [
      0.9866794097484605,
      0.004422355031581812,
      0.0006554813711530656,
      0.0007504275343890788,
      0.006770303378062501,
      0.0007220229363531272
    ],
    [
      0.9851118599928967,
      0.004824621686316416,
      0.0007360845810291529,
      0.0008344065599163799,
      0.00765822157948569,
      0.0008348056003556601
    ],
    [
      0.9860760547791536,
      0.004437807058959822,
      0.0006972705267603877,
      0.0007771523531838566,
      0.007211161144144292,
      0.0008005541377980759
    ],
    [
      0.9843324532804049,
      0.005258993721356792,
      0.0008036566696120592,
      0.0008811838520732403,
      0.007857055094595312,
      0.0008666573819577489
    ],
    [
      0.9906886566833308,
      0.003112918429878059,
      0.0005240455550622452,
      0.0005444043569761284,
      0.00459737247875803,
      0.0005326024959947246
    ],
    [
      0.9908981755881874,
      0.003041839469931037,
      0.00051985100226414,
      0.000539844121477932,
      0.0044780577244432265,
      0.0005222320936962751
    ],
    [
      0.9905156256373914,
      0.00316766042333297,
      0.0005237923129968183,
      0.0005443148622650253,
      0.004706308614153398,
      0.0005422981498604518
    ],
    [
      0.9842671283502683,
      0.005281939948050052,
      0.0008053454950835249,
      0.0008850283640068838,
      0.007891332072833898,
      0.0008692257697573801
    ],
    [
      0.9793252356596085,
      0.006992121169330398,
      0.0009327658840549679,
      0.0011896757511386839,
      0.010408282639330385,
      0.0011519188965371137
    ],
    [
      0.9803707780303433,
      0.00643349578938125,
      0.0008620122194305252,
      0.0011234196134082294,
      0.010103418013824446,
      0.0011068763336122204
    ],
    [
      0.9790172008023826,
      0.007095209109843062,
      0.0009327826008407967,
      0.001208206751318794,
      0.010579866834334277,
      0.0011667339012804289
    ],
    [
      0.9844061603053377,
      0.005237187966324999,
      0.0008028431717760691,
      0.0008769524963985417,
      0.007814478304971891,
      0.0008623777551908841
    ],
    [
      0.9903247245421696,
      0.003235805243802107,
      0.0005311655162784543,
      0.0005521450006503588,
      0.004805321356362154,
      0.0005508383407373722
    ],
    [
      0.9892113258667417,
      0.003596805065838876,
      0.0005511096278674204,
      0.0006058256548402897,
      0.005428300986195117,
      0.0006066327985166258
    ],
    [
      0.9892113258667417,
      0.003596805065838876,
      0.0005511096278674204,
      0.0006058256548402897,
      0.005428300986195117,
      0.0006066327985166258
    ],
    [
      0.9856100609510692,
      0.004564608506061756,
      0.0006992813776175105,
      0.0008037439579395276,
      0.007493124743877453,
      0.0008291804634345382
    ],
    [
      0.9863341275143901,
      0.004343744886298493,
      0.0006895113516578315,
      0.0007620034587228213,
      0.007081222182224548,
      0.0007893906067062445
    ],
    [
      0.9843608564470125,
      0.005261102468017623,
      0.0008061533674565053,
      0.0008798272509918392,
      0.007830607808117306,
      0.0008614526584041502
    ],
    [
      0.9853284499476653,
      0.004744770052275553,
      0.0007293351968158035,
      0.0008216649201101252,
      0.007549966506291558,
      0.0008258133768415881
    ],
    [
      0.9843608564470125,
      0.005261102468017623,
      0.0008061533674565053,
      0.0008798272509918392,
      0.007830607808117306,
      0.0008614526584041502
    ],
    [
      0.9842573589174741,
      0.005283137686140127,
      0.0008050008503466981,
      0.0008855450946390574,
      0.007898591959260204,
      0.0008703654921398163
    ],
    [
      0.9890861812014102,
      0.003636552756772002,
      0.0005532182427817456,
      0.0006130809921942362,
      0.0054979893863169454,
      0.0006129774205248769
    ],
    [
      0.9903945421280217,
      0.003212286541478756,
      0.0005298157765514167,
      0.0005506776012278947,
      0.004765359707610892,
      0.0005473182451094507
    ]
  ],
  [
    [
      0.9866363196520045,
      0.004435388474934982,
      0.0006575541991474476,
      0.0007528379158474543,
      0.006793696713631605,
      0.0007242030444340444
    ],
    [
      0.78057548157368,
      0.1418164254927215,
      0.01706037051360168,
      0.015661131278117434,
      0.044095664529681416,
      0.0007909266121979681
    ],
    [
      0.1224921910597956,
      0.17400562791251073,
      0.042265885100235934,
      0.0185441047975535,
      0.6419149596321165,
      0.0007772314977877433
    ],
    [
      0.7041757794092864,
      0.11388934607708615,
      0.037756435130675364,
      0.014966601851160985,
      0.12651426264040794,
      0.0026975748913832163
    ],
    [
      0.788958293822235,
      0.13160496856279374,
      0.02069448627675088,
      0.015018615230577657,
      0.0431313421126274,
      0.0005922939950152361
    ],
    [
      0.7859878456146987,
      0.13589713672183767,
      0.019927808683018404,
      0.01479505328037995,
      0.04277346164095467,
      0.0006186940591106354
    ],
    [
      0.13210270022004977,
      0.07931558186898911,
      0.019864791029873038,
      0.010967760343267716,
      0.7548197351086601,
      0.0029294314291603133
    ],
    [
      0.8077684780993447,
      0.12163401736607225,
      0.01850776499436713,
      0.01386356629165474,
      0.03770633747551168,
      0.0005198357730495463
    ],
    [
      0.8290429853453669,
      0.0831822266191103,
      0.019868521029846264,
      0.010731045954298187,
      0.055233228169349106,
      0.0019419928820292923
    ],
    [
      0.13282349034750596,
      0.07836615899337937,
      0.022215187185865744,
      0.01061881813850983,
      0.7530036208649902,
      0.0029727244697489523
    ],
    [
      0.82409096665229,
      0.08561249606392464,
      0.025488988305370372,
      0.010708968846236212,
      0.052181012673113925,
      0.0019175674590649686
    ],
    [
      0.7885809531758526,
      0.12619049931290596,
      0.030114824994196532,
      0.01458481429085998,
      0.040020225128739595,
      0.0005086830974453302
    ],
    [
      0.12661780632164538,
      0.08668959342665697,
      0.02355111989308142,
      0.011384655899572164,
      0.7493204450933795,
      0.002436379365664596
    ],
    [
      0.797855336225765,
      0.12645570154632746,
      0.019162393709293363,
      0.014632785224442899,
      0.04131500335980853,
      0.0005787799343627024
    ],
    [
      0.8280006762656854,
      0.08689777012996756,
      0.017524894645638747,
      0.011011715792215148,
      0.054359532917708765,
      0.0022054102487844146
    ],
    [
      0.1308983955400873,
      0.08466478927440901,
      0.0209688699331759,
      0.011761335767402355,
      0.748833536410558,
      0.0028730730743673966
    ],
    [
      0.9851538603217255,
      0.004942953528936839,
      0.0007316400966242877,
      0.0008373521023745088,
      0.007542799267379422,
      0.0007913946829595497
    ],
    [
      0.7800148421683757,
      0.14172493953202048,
      0.017010510101918962,
      0.015646581719653368,
      0.04481221546083988,
      0.0007909110171917304
    ],
    [
      0.6883429027391699,
      0.13177557377022905,
      0.10610021648386404,
      0.01995539747334381,
      0.053164941937496116,
      0.0006609675958970565
    ],
    [
      0.6818881447276147,
      0.13178433969760997,
      0.11350062954813354,
      0.02041817265640431,
      0.051785546770604984,
      0.0006231665996324822
    ],
    [
      0.7830891863448515,
      0.13981803919278493,
      0.017266822031142243,
      0.01510328506836335,
      0.044055713771322266,
      0.0006669535915357353
    ],
    [
      0.12142231032242207,
      0.0871421275541952,
      0.026524057166289465,
      0.01140992063137823,
      0.7511191555368062,
      0.002382428788908822
    ],
    [
      0.8306838437172821,
      0.0833830477968675,
      0.02043468800501371,
      0.010786731598486242,
      0.05280952176612545,
      0.0019021671162250502
    ],
    [
      0.7929157399223569,
      0.12466293913917888,
      0.02850965758436358,
      0.014574789443479737,
      0.03883495963126332,
      0.0005019142793576552
    ],
    [
      0.7314877045418786,
      0.1104316849346528,
      0.03777038006434301,
      0.014795309887280294,
      0.10319801132319811,
      0.0023169092486471435
    ],
    [
      0.7245128975595905,
      0.11652391190530872,
      0.07630223629531344,
      0.017160352053309826,
      0.06455298444689028,
      0.0009476177395872714
    ],
    [
      0.7767160683762658,
      0.1420038590604736,
      0.01663566686455961,
      0.016182855388138507,
      0.04771996359803753,
      0.0007415867125250065
    ],
    [
      0.7760066774133032,
      0.1416490665427344,
      0.017270189069317623,
      0.015701597561212702,
      0.048649208803652325,
      0.0007232606097797637
    ],
    [
      0.7887316581057475,
      0.12965952104830622,
      0.025939540453818927,
      0.014446469209056782,
      0.040662919119057554,
      0.0005598920640130347
    ],
    [
      0.788446728495302,
      0.1267146533053376,
      0.03014463835693994,
      0.014593513992080401,
      0.03959177381576375,
      0.0005086920345763229
    ],
    [
      0.15088925547242188,
      0.08530142204517517,
      0.019198564071517155,
      0.012229678507666522,
      0.7288677590536153,
      0.0035133208496039305
    ],
    [
      0.9820885225935967,
      0.005978713962062499,
      0.0008839062997459618,
      0.0010113421901353395,
      0.009097876142531287,
      0.0009396388119283011
    ],
    [
      0.7868849464721467,
      0.131695634655843,
      0.023498459363208758,
      0.015206407153729697,
      0.042121690938052916,
      0.0005928614170190042
    ],
    [
      0.7836529530855882,
      0.13290479136037703,
      0.02601475280146488,
      0.015210126574559859,
      0.04167490270076535,
      0.000542473477244643
    ],
    [
      0.7403107400894589,
      0.1369752110702328,
      0.058116723085892344,
      0.017884997678902753,
      0.04607558096580116,
      0.0006367471097120417
    ],
    [
      0.12529579178753836,
      0.17676362673475574,
      0.046518430041482546,
      0.01966604073968,
      0.6309874014855533,
      0.0007687092109901402
    ],
    [
      0.7400825810606938,
      0.1366188134552054,
      0.05846737892924412,
      0.01793347794233899,
      0.04625691553734338,
      0.000640833075174319
    ],
    [
      0.7845685722807421,
      0.1324228210366148,
      0.026047908876803468,
      0.015219801704175704,
      0.041198412602872686,
      0.0005424834987912589
    ],
    [
      0.13099107657087777,
      0.08245513438564787,
      0.020992033677223465,
      0.011779356936348037,
      0.7509093017202971,
      0.00287309670960578
    ],
    [
      0.9891263826013355,
      0.003623792922622774,
      0.0005525431964358318,
      0.0006107505183248431,
      0.005475594423518371,
      0.0006109363377627217
    ]
  ],
  [
    [
      0.9852516678742391,
      0.004768662522441151,
      0.0007304972802096314,
      0.000826103488224528,
      0.007593195492803436,
      0.0008298733420821501
    ],
    [
      0.7791297650857583,
      0.14116303450843948,
      0.019025666571801082,
      0.01599544116254147,
      0.04396869163291606,
      0.0007174010385436844
    ],
    [
      0.4157708214441798,
      0.2786243898241636,
      0.00691203166173176,
      0.036268089256223046,
      0.2587537303093237,
      0.003670937504378067
    ],
    [
      0.12201541301671626,
      0.18899036503769234,
      0.01612229337482956,
      0.01907670744504784,
      0.6529607059866087,
      0.0008345151391053024
    ],
    [
      0.07809957138851045,
      0.10962676827426514,
      0.012185208140103064,
      0.01181388406909007,
      0.7873984686076111,
      0.0008760995204201773
    ],
    [
      0.7800210374184158,
      0.15451612130339568,
      0.007325311853622665,
      0.01544135633852989,
      0.04214087745623546,
      0.0005552956298005412
    ],
    [
      0.12799099730281605,
      0.09966262971834229,
      0.007849481302461955,
      0.01174244134659054,
      0.7501469525070988,
      0.0026074978226903384
    ],
    [
      0.14661112402378065,
      0.10463531852478407,
      0.0056844959846723995,
      0.011750638450342734,
      0.7281963436672271,
      0.00312207934919314
    ],
    [
      0.808422136145106,
      0.13204833482817246,
      0.00717656593641223,
      0.013704399217928298,
      0.03811495969457821,
      0.0005336041778026925
    ],
    [
      0.8024342333402824,
      0.1376039632224859,
      0.006988769415620014,
      0.014357330866434455,
      0.03810093303181598,
      0.0005147701233612934
    ],
    [
      0.12621627382868067,
      0.10824971512114544,
      0.007095099090967024,
      0.011673984917533171,
      0.7442664119837595,
      0.002498515057914135
    ],
    [
      0.7764832624436933,
      0.15795921515947775,
      0.007148228311516263,
      0.01563683364443947,
      0.0422263996306613,
      0.0005460608102119241
    ],
    [
      0.7677157585194789,
      0.1622639027402214,
      0.007220144624703644,
      0.016820428642967043,
      0.04543695233533166,
      0.0005428131372974284
    ],
    [
      0.7857431594634804,
      0.145228475395235,
      0.006567740073729741,
      0.015359452426683094,
      0.04637279436237697,
      0.0007283782784948021
    ],
    [
      0.7923247246464523,
      0.12819900463809236,
      0.020945297815186108,
      0.01476303632413135,
      0.04316913595538226,
      0.0005988006207556107
    ],
    [
      0.9833715362869927,
      0.005325813824670661,
      0.0008090381242003576,
      0.0009314243970567894,
      0.008632715537035046,
      0.0009294718300445055
    ],
    [
      0.7823473719586781,
      0.13923105724211304,
      0.018426864911837374,
      0.015238562329804662,
      0.044077836331137626,
      0.0006783072264292621
    ],
    [
      0.12462644277374547,
      0.18426481982492882,
      0.01739020942414067,
      0.01893905377308248,
      0.6538246767795795,
      0.0009547974245230524
    ],
    [
      0.42548251235337425,
      0.2738533884721872,
      0.0068419119380130865,
      0.035819774798807935,
      0.2543834044681139,
      0.00361900796950358
    ],
    [
      0.780512506396158,
      0.14884371908909264,
      0.008671172598967516,
      0.01552525970234016,
      0.04576633725646613,
      0.0006810049569755593
    ],
    [
      0.12368235966546262,
      0.19661282880801012,
      0.014810539110055601,
      0.01844311569824642,
      0.6456646504058847,
      0.0007865063123404383
    ],
    [
      0.1315927558957592,
      0.10564676578347554,
      0.007717009071802451,
      0.012122914725986384,
      0.7404204168046598,
      0.0025001377183167
    ],
    [
      0.7860730628755324,
      0.1492437578796703,
      0.0071617226818280234,
      0.015309150938045548,
      0.041679247458636326,
      0.0005330581662874721
    ],
    [
      0.781602505841291,
      0.1550089539195319,
      0.007071681294381352,
      0.015214816609887914,
      0.0405765252193066,
      0.0005255171156013317
    ],
    [
      0.7677157585194789,
      0.1622639027402214,
      0.007220144624703644,
      0.016820428642967043,
      0.04543695233533166,
      0.0005428131372974284
    ],
    [
      0.7775013785546867,
      0.15476002464471633,
      0.005008423680213073,
      0.01574710841122131,
      0.04627333156041617,
      0.0007097331487463549
    ],
    [
      0.5142511761260304,
      0.26444143283683824,
      0.005346126363687551,
      0.03449424961282868,
      0.1779176138736256,
      0.0035494011869895738
    ],
    [
      0.7797022505659169,
      0.1525133974796083,
      0.005035290916970668,
      0.01577108687081912,
      0.04625480283619303,
      0.0007231713304920267
    ],
    [
      0.7674065508236781,
      0.16338760776425035,
      0.007676256780658124,
      0.016881042888888732,
      0.044040392284926566,
      0.0006081494575981243
    ],
    [
      0.780288084255989,
      0.15668338944801802,
      0.006981015678043242,
      0.015543247645068176,
      0.03999109944305594,
      0.000513163529825709
    ],
    [
      0.07316638496595676,
      0.09855474983030071,
      0.026418487719397518,
      0.011868657434446997,
      0.7892248315042801,
      0.0007668885456178363
    ],
    [
      0.9827485858913735,
      0.005669775762661199,
      0.0008466204585699797,
      0.0009709055503525464,
      0.00883239987352823,
      0.0009317124635145924
    ],
    [
      0.08926795874614202,
      0.10579270737163132,
      0.039772184357398876,
      0.012986466603387422,
      0.7511458728478364,
      0.001034810073604064
    ],
    [
      0.765668883997818,
      0.16367231119299594,
      0.00733008306138473,
      0.01691342216573432,
      0.04581899554242706,
      0.0005963040396400223
    ],
    [
      0.7774367177176227,
      0.15234585788903315,
      0.008682805936326372,
      0.015508425818572471,
      0.045334748610557946,
      0.000691444027887403
    ],
    [
      0.509185160377359,
      0.2837451608618144,
      0.006157101453717045,
      0.03652139641412609,
      0.16082762976393739,
      0.003563551129046091
    ],
    [
      0.7812909124917552,
      0.15049830730203942,
      0.008611942668707904,
      0.015542216185526456,
      0.04339746418083027,
      0.0006591571711407636
    ],
    [
      0.773510687782224,
      0.16021128574756158,
      0.007388436210627646,
      0.016429229691873604,
      0.04190462404245368,
      0.0005557365252596002
    ],
    [
      0.7890511485948137,
      0.1307798636321739,
      0.024397335511956185,
      0.015088552250508756,
      0.04015906134679083,
      0.0005240386637566673
    ],
    [
      0.9852840833500786,
      0.004951330146927426,
      0.0007861680597338801,
      0.0008258718817517808,
      0.007332304945443322,
      0.0008202416160650553
    ]
  ],
  [
    [
      0.9861244147906272,
      0.004428595788218158,
      0.0006981650243319257,
      0.0007744607598355437,
      0.0071775251903404575,
      0.000796838446646801
    ],
    [
      0.12125591518881687,
      0.17462286807062838,
      0.04773971441710772,
      0.01973961706229472,
      0.6359010000255279,
      0.0007408852356244077
    ],
    [
      0.7783128389078571,
      0.1524288059437198,
      0.008618905755420264,
      0.0154300314811326,
      0.044549071926178185,
      0.0006603459856921286
    ],
    [
      0.7773920517713586,
      0.1488015642601985,
      0.008618252640606958,
      0.016043568725305078,
      0.04849107399515567,
      0.0006534886073751099
    ],
    [
      0.7749981519249414,
      0.15507326966090526,
      0.007298303960647382,
      0.015672140435845583,
      0.046401605760246795,
      0.0005565282574136344
    ],
    [
      0.13583694066083707,
      0.10011899076599151,
      0.007778507770030114,
      0.01238932834097492,
      0.7413301900063471,
      0.002546042455819216
    ],
    [
      0.7870541205871526,
      0.14506613705996305,
      0.0074907039987619425,
      0.015919584679329694,
      0.04389911470303737,
      0.0005703389717551714
    ],
    [
      0.15587353015339683,
      0.0953997501878188,
      0.005845107071558589,
      0.013665534329605548,
      0.7260263478739437,
      0.0031897303836765562
    ],
    [
      0.8000343525746882,
      0.13695794918657986,
      0.0074785945741160376,
      0.014524407544603931,
      0.04044050690801386,
      0.0005641892119980435
    ],
    [
      0.1255372241517027,
      0.09957645542194107,
      0.007744758201328579,
      0.012059188039840994,
      0.7525411183128765,
      0.0025412558723102137
    ],
    [
      0.7796680805335411,
      0.1538551219221256,
      0.006904899809926889,
      0.015958110418578277,
      0.0431001323979422,
      0.0005136549178859906
    ],
    [
      0.7793569481948973,
      0.15069101938154475,
      0.008355596592983627,
      0.0160256633094771,
      0.04487873816765926,
      0.0006920343534379807
    ],
    [
      0.11359575715862524,
      0.1289275596056186,
      0.009000618873354934,
      0.01336150896840876,
      0.7333292423416855,
      0.0017853130523069324
    ],
    [
      0.7799395888447064,
      0.14083554857505864,
      0.01444968905761367,
      0.015740299338882848,
      0.048243102443884696,
      0.0007917717398538413
    ],
    [
      0.9783408234953731,
      0.006934422851559604,
      0.000927221254774541,
      0.0012348767867753855,
      0.011328862317104475,
      0.0012337932944129456
    ],
    [
      0.9834203235605967,
      0.005307413458878007,
      0.0008065140871855682,
      0.0009285885293244725,
      0.008609504725523161,
      0.0009276556384920428
    ],
    [
      0.11106040277281518,
      0.1231946560842291,
      0.012590510799146894,
      0.015674216109017848,
      0.7358406317168302,
      0.0016395825179607935
    ],
    [
      0.7777628774525022,
      0.1529973797337956,
      0.008449232195313858,
      0.01590440904557205,
      0.04424383305125812,
      0.0006422685215582398
    ],
    [
      0.7755464306418749,
      0.15146504538785452,
      0.008577523558613137,
      0.01659014482546369,
      0.04717770800632155,
      0.0006431475798722709
    ],
    [
      0.11829258999025671,
      0.19434065178980325,
      0.014273862784072278,
      0.01876720624169866,
      0.6536071242883746,
      0.0007185649057944429
    ],
    [
      0.11114606170233561,
      0.131562722425799,
      0.006560429185609314,
      0.013289642530406452,
      0.7359861026660415,
      0.0014550414898082135
    ],
    [
      0.7790098326651274,
      0.1531648429996441,
      0.007268077932558695,
      0.01608169612959545,
      0.043933308149455896,
      0.0005422421236185382
    ],
    [
      0.7777916706852419,
      0.15343693887989987,
      0.0073140741851823975,
      0.016617861838244943,
      0.0442892202180897,
      0.0005502341933411576
    ],
    [
      0.07867475562017846,
      0.10578204503498628,
      0.012354150572839935,
      0.016258114988558007,
      0.7859874525807565,
      0.0009434812026808585
    ],
    [
      0.7789976549263785,
      0.15453691271704492,
      0.0068991038007820225,
      0.01601779842678187,
      0.04303764431992725,
      0.0005108858090854473
    ],
    [
      0.12616499908940637,
      0.1799572471903121,
      0.007414498404434355,
      0.01802219600079769,
      0.6674832873844453,
      0.0009577719306043104
    ],
    [
      0.12935568949770537,
      0.1759418883934729,
      0.00752926015768405,
      0.01739649915946244,
      0.6687903254382845,
      0.0009863373533907055
    ],
    [
      0.7677837050450488,
      0.16195138710469592,
      0.004523362159080288,
      0.016642638925834723,
      0.048462769553637174,
      0.0006361372117032111
    ],
    [
      0.7733553697921911,
      0.15987910234410818,
      0.007471361144132806,
      0.015557954279144495,
      0.04315327388831192,
      0.0005829385521114563
    ],
    [
      0.7902576325837959,
      0.14683551542602533,
      0.0071484539065694895,
      0.01482566382601743,
      0.04040496979930733,
      0.0005277644582846084
    ],
    [
      0.7895839605840798,
      0.13167856676550882,
      0.020747950887849732,
      0.015034216512978354,
      0.042362995081956664,
      0.0005923101676266349
    ],
    [
      0.9808983413727498,
      0.0064811162283034745,
      0.0009477549392210137,
      0.001081630378674486,
      0.009607997098123057,
      0.0009831599829281702
    ],
    [
      0.7776316896212268,
      0.14173435596816095,
      0.018954808553130194,
      0.015974764371891364,
      0.04498700193175657,
      0.0007173795538342651
    ],
    [
      0.12544564475928907,
      0.1947366921546247,
      0.014662289679564297,
      0.018832178005194187,
      0.6455413584924555,
      0.0007818369088723336
    ],
    [
      0.7680886540566307,
      0.16046784239017803,
      0.008109971110673814,
      0.017126284722208267,
      0.04558479932604281,
      0.0006224483942663846
    ],
    [
      0.7763122247214909,
      0.15217248372448994,
      0.008514538347743227,
      0.015414948815720841,
      0.0469152677294976,
      0.0006705366610574876
    ],
    [
      0.7696191804382928,
      0.15749802735138058,
      0.008066504526635303,
      0.017127594213363517,
      0.04708707862938599,
      0.0006016148409419011
    ],
    [
      0.7768180690789438,
      0.15892845915713952,
      0.007007720095230117,
      0.015720450645832967,
      0.04099942842072757,
      0.00052587260212605
    ],
    [
      0.7477487497413196,
      0.0850267778198947,
      0.03333653908260353,
      0.011278950397002614,
      0.11980234752251973,
      0.0028066354366598923
    ],
    [
      0.9905141353250099,
      0.003171938687914139,
      0.0005274859785866014,
      0.000548144705530944,
      0.004696982918680816,
      0.0005413123842776889
    ]
  ],
  [
    [
      0.9867464026197201,
      0.004386397735475779,
      0.0006515263725116633,
      0.0007462633117789189,
      0.006748789625985026,
      0.0007206203345284653
    ],
    [
      0.7792554445500077,
      0.13470094392149579,
      0.027770253586737004,
      0.015344932277618673,
      0.0423237528635281,
      0.0006046728006127603
    ],
    [
      0.7706015381989132,
      0.1608940691920713,
      0.007495649131264707,
      0.01601335563734053,
      0.044388124411530845,
      0.0006072634288794692
    ],
    [
      0.778626987438845,
      0.1545459664595716,
      0.006989665252738267,
      0.01601152695175273,
      0.04327070312826286,
      0.0005551507688295405
    ],
    [
      0.07589189263457968,
      0.10730007360135548,
      0.011826521320339026,
      0.011552323007120995,
      0.7924952957137755,
      0.0009338937228292701
    ],
    [
      0.7850734243440213,
      0.1453337918702623,
      0.007594448284182564,
      0.015458384425383458,
      0.045954864732503466,
      0.0005850863436469821
    ],
    [
      0.7833639698973752,
      0.14808507502921892,
      0.0074487209562598185,
      0.015373081302726115,
      0.045169592732158315,
      0.0005595600822616022
    ],
    [
      0.1290105078953964,
      0.09998066084677296,
      0.007774398624291093,
      0.012223263087686525,
      0.7484082179734701,
      0.0026029515723828864
    ],
    [
      0.7771063668211926,
      0.1509401205083788,
      0.007442203169426902,
      0.015768782859514097,
      0.048115105865827394,
      0.00062742077566026
    ],
    [
      0.7707295270689635,
      0.15920883590519216,
      0.006939838708573751,
      0.0169339441334398,
      0.04566657466793841,
      0.0005212795158924825
    ],
    [
      0.7676079187868313,
      0.1627276293522321,
      0.0074200459665788995,
      0.016805622392927207,
      0.044854916216500625,
      0.0005838672849298763
    ],
    [
      0.7788291469017026,
      0.14826329958466763,
      0.010583187880469243,
      0.01537234255282724,
      0.04618859163841858,
      0.000763431441914719
    ],
    [
      0.31513886750616305,
      0.12189687891914228,
      0.19727901766967132,
      0.029561225516521863,
      0.33047882073180546,
      0.005645189656696026
    ],
    [
      0.9734488935821359,
      0.008876996005001617,
      0.0011262035686174893,
      0.0015294882424361125,
      0.013563645071326475,
      0.0014547735304824326
    ],
    [
      0.9772095707795698,
      0.007391340882592646,
      0.0009730220804995205,
      0.0013033265965160688,
      0.011839025155017483,
      0.001283714505804453
    ],
    [
      0.1191811550595617,
      0.09133775173996372,
      0.024879797928251814,
      0.011452993228903778,
      0.7507421104190393,
      0.002406191624279787
    ],
    [
      0.7869649421749298,
      0.14548235638504117,
      0.009730868390748987,
      0.014742582095196247,
      0.04240391425302673,
      0.0006753367010568814
    ],
    [
      0.7320775013493512,
      0.13469109603233131,
      0.006822914983806341,
      0.01498620295579,
      0.10912829469365312,
      0.0022939899850679354
    ],
    [
      0.7678067854560868,
      0.15881092124225354,
      0.007206320474959608,
      0.016463081755042738,
      0.049173529358400934,
      0.0005393617132564317
    ],
    [
      0.773051094154527,
      0.157708233271907,
      0.006983329667398472,
      0.01694145026589249,
      0.044773432878275184,
      0.0005424597619999183
    ],
    [
      0.7748832225870943,
      0.1564010539590986,
      0.007224184374015767,
      0.015896023426821962,
      0.04502752317766666,
      0.0005679924753027482
    ],
    [
      0.11157562649503394,
      0.13113408137634874,
      0.006415302379711605,
      0.013398197111624776,
      0.7360884192651352,
      0.0013883733721456357
    ],
    [
      0.7759809259180291,
      0.15454932275949745,
      0.007171950864067145,
      0.01575121153575308,
      0.0460038630948755,
      0.0005427258277777644
    ],
    [
      0.7726191143955426,
      0.15597366591180292,
      0.007372127751880519,
      0.01589228915965102,
      0.047550477790808246,
      0.0005923249903146694
    ],
    [
      0.7743289494472243,
      0.15366703731161493,
      0.007555372535942191,
      0.015569255593902811,
      0.048268769548841406,
      0.0006106155624742107
    ],
    [
      0.7794384947721512,
      0.15246432219341338,
      0.004734698414813138,
      0.01503841857988164,
      0.047626094104919664,
      0.0006979719348209199
    ],
    [
      0.7725393161233114,
      0.15711113632106177,
      0.004543884004396647,
      0.016446422460537714,
      0.04869867817274719,
      0.0006605629179453453
    ],
    [
      0.7778450218845243,
      0.15109471298052596,
      0.004352483929036172,
      0.016369859833646926,
      0.0497018045476649,
      0.0006361168246016764
    ],
    [
      0.7912571729339986,
      0.14200999918304946,
      0.007673144395377486,
      0.015364707775319978,
      0.04308923161162552,
      0.0006057441006290355
    ],
    [
      0.7814664732309238,
      0.15558746981892674,
      0.007071718314553889,
      0.015224942337717654,
      0.04012385229346423,
      0.0005255440044137504
    ],
    [
      0.07586000392624549,
      0.1018242917953113,
      0.021321793987158208,
      0.01174279219650883,
      0.788354517316004,
      0.00089660077877215
    ],
    [
      0.9796624501513453,
      0.006814515307982969,
      0.0010048944102565914,
      0.001149089654863409,
      0.010306817185794393,
      0.0010622332897573515
    ],
    [
      0.5041981756978742,
      0.22751200207257877,
      0.06545247901289233,
      0.034450488356299463,
      0.16429871574794302,
      0.004088139112412246
    ],
    [
      0.7770256046642481,
      0.15183524775612,
      0.008696878064424816,
      0.015471253742497216,
      0.046272640631043006,
      0.0006983751416669457
    ],
    [
      0.7732526326615259,
      0.15706912506648787,
      0.007471783644902204,
      0.016636740436690906,
      0.044976492805597984,
      0.0005932253847949993
    ],
    [
      0.7748540063359419,
      0.1548436372508183,
      0.0077432358404544745,
      0.016520757549291817,
      0.04544282645573317,
      0.00059553656776031
    ],
    [
      0.7770650765621229,
      0.15588880876839764,
      0.007043244591613606,
      0.016328874429893038,
      0.043146915393571475,
      0.0005270802544014569
    ],
    [
      0.07409115907624486,
      0.11129435551194145,
      0.010943482679585104,
      0.011365109536718317,
      0.7915102157812888,
      0.0007956774142214997
    ],
    [
      0.1347757296020819,
      0.08068535270652044,
      0.02377873785760414,
      0.010876384626443964,
      0.7468930002456162,
      0.0029907949617333654
    ],
    [
      0.9910370645398655,
      0.002994586136206158,
      0.0005170314687844395,
      0.000536778770967374,
      0.004399129181175089,
      0.0005154099030014685
    ]
  ],
  [
    [
      0.9862051649719915,
      0.004398177572512255,
      0.0006954624500733827,
      0.0007697030659345135,
      0.007137949380682806,
      0.0007935425588054391
    ],
    [
      0.7783635758030281,
      0.14027105984568866,
      0.01996781546945723,
      0.01545172247965548,
      0.04528213664426417,
      0.000663689757906374
    ],
    [
      0.7751792137612079,
      0.15240461119754867,
      0.008413386098861213,
      0.017380542363580304,
      0.045952974118194705,
      0.0006692724606070619
    ],
    [
      0.7046343510306919,
      0.14661872007427323,
      0.006968238578618712,
      0.01766733719749609,
      0.1217394083996543,
      0.002371944719265773
    ],
    [
      0.07798605512232008,
      0.10736799540681133,
      0.012316075625341786,
      0.011779007543149929,
      0.7896003426068451,
      0.0009505236955318464
    ],
    [
      0.12090775726808779,
      0.1129174366109516,
      0.007029331583152217,
      0.012941100922680745,
      0.744126800992102,
      0.0020775726230256373
    ],
    [
      0.7697943838869887,
      0.1570904120515646,
      0.006499452376753707,
      0.016983844350069985,
      0.04920220677867225,
      0.0004297005559508165
    ],
    [
      0.7801756766911454,
      0.14995560023249516,
      0.006393527404709363,
      0.01652078429389263,
      0.046490395147036484,
      0.00046401623072094185
    ],
    [
      0.7793676012896221,
      0.1490906299433988,
      0.007325884530565771,
      0.015861053892392958,
      0.04772880284457051,
      0.0006260274994498302
    ],
    [
      0.7723070946989213,
      0.15742638644620616,
      0.007212626773218217,
      0.0163187754606728,
      0.04612382769749794,
      0.0006112889234835895
    ],
    [
      0.12435337900455903,
      0.18982376230169057,
      0.015233037271251361,
      0.018710127042065476,
      0.651009099499738,
      0.0008705948806956256
    ],
    [
      0.7792139117837208,
      0.1432351127540268,
      0.013923077465934713,
      0.015425989194300528,
      0.0473369646554243,
      0.0008649441465928246
    ],
    [
      0.9770460254045878,
      0.007662594694675957,
      0.0011327821684231807,
      0.0012960800663396675,
      0.011658480721597735,
      0.001204036944375631
    ],
    [
      0.9764670859957222,
      0.007904406779713413,
      0.0009971701189411912,
      0.0013571468600253123,
      0.011990382245048451,
      0.001283808000549419
    ],
    [
      0.7818152735029394,
      0.1327041903852061,
      0.023173726776289812,
      0.014983863531705574,
      0.04663719738442915,
      0.00068574841942991
    ],
    [
      0.7878718227042119,
      0.12664930550131492,
      0.03009568560551227,
      0.01457922931326025,
      0.04029527951565662,
      0.0005086773600440883
    ],
    [
      0.07326155172924242,
      0.10487924153402192,
      0.012039559022214444,
      0.013084700313494114,
      0.7958821733065755,
      0.0008527740944515672
    ],
    [
      0.7897068549000645,
      0.14460383053513692,
      0.007246179586996393,
      0.015069855962847215,
      0.04282529978972372,
      0.0005479792252312027
    ],
    [
      0.773344119060043,
      0.15641610560655445,
      0.006940922908979475,
      0.01702687311213514,
      0.0457511304853106,
      0.000520848826977401
    ],
    [
      0.7710976186245219,
      0.1568043632384812,
      0.006667675318414161,
      0.016656208170705396,
      0.04830106512082661,
      0.00047306952705084216
    ],
    [
      0.7625653927528134,
      0.16489351526921953,
      0.006809363861516916,
      0.01742485437425852,
      0.047833508788056416,
      0.00047336495413518285
    ],
    [
      0.7688724189651512,
      0.15801892057302397,
      0.007524139760033084,
      0.016392905236037193,
      0.04867585906360851,
      0.0005157564021460585
    ],
    [
      0.761933410133101,
      0.16507415022013178,
      0.006773695552271691,
      0.017833874835801254,
      0.04792797497167213,
      0.00045689428702209555
    ],
    [
      0.0760926006849489,
      0.11392921727924936,
      0.01009131505275867,
      0.012941713236605876,
      0.786266780192625,
      0.0006783735538122999
    ],
    [
      0.1230218818587217,
      0.13785467220849856,
      0.021964916088255335,
      0.014712385475287429,
      0.7010979850653632,
      0.0013481593038737164
    ],
    [
      0.7647112899986561,
      0.16444543822093055,
      0.0041039632120879075,
