[
  [
    [
      0.9908655112015586,
      0.003049580618455206,
      0.000516965676927594,
      0.000536893110903688,
      0.004506307962843638,
      0.0005247414293112764
    ],
    [
      0.9895121457498824,
      0.003500931402745672,
      0.0005459529976353221,
      0.0005883768646413091,
      0.005261099923772814,
      0.0005914930613224166
    ],
    [
      0.9904521822860018,
      0.0031928499082325007,
      0.0005286956967425971,
      0.0005494598802873029,
      0.004732392387939984,
      0.0005444198407957392
    ],
    [
      0.9908355465414228,
      0.003063111936921782,
      0.0005211122158706641,
      0.0005412152898753141,
      0.004513691923741965,
      0.000525322092167531
    ],
    [
      0.9909298366632858,
      0.0030277968983695672,
      0.0005156890111083647,
      0.0005355051460253204,
      0.004469629621957292,
      0.0005215426592536584
    ],
    [
      0.99077603888879,
      0.003079841304909737,
      0.0005187302148428432,
      0.0005388114777096446,
      0.004557372369344875,
      0.0005292057444029282
    ],
    [
      0.9909219189365213,
      0.0030304794931417588,
      0.0005158465191164866,
      0.00053567638558402,
      0.0044741427641493674,
      0.0005219359014871836
    ],
    [
      0.985792639259967,
      0.004783135853041441,
      0.0007766517751435927,
      0.0008080674681424512,
      0.007044762086436285,
      0.0007947435572692296
    ],
    [
      0.9853357010549632,
      0.004942295682008284,
      0.0007872655726076537,
      0.0008230711592419965,
      0.007296531405118928,
      0.0008151351260599351
    ],
    [
      0.985792639259967,
      0.004783135853041441,
      0.0007766517751435927,
      0.0008080674681424512,
      0.007044762086436285,
      0.0007947435572692296
    ],
    [
      0.9909219189365213,
      0.0030304794931417588,
      0.0005158465191164866,
      0.00053567638558402,
      0.0044741427641493674,
      0.0005219359014871836
    ],
    [
      0.9909219189365213,
      0.0030304794931417588,
      0.0005158465191164866,
      0.00053567638558402,
      0.0044741427641493674,
      0.0005219359014871836
    ],
    [
      0.9910825541363125,
      0.0029759849181708554,
      0.0005126308531396145,
      0.0005321803731358427,
      0.004382664925406836,
      0.0005139847938343171
    ],
    [
      0.987501417645579,
      0.004168778018408608,
      0.000690292733859322,
      0.0007654940699230465,
      0.006144715516173847,
      0.0007293020160562422
    ],
    [
      0.9874008060927773,
      0.004206387347480802,
      0.0006924964764601415,
      0.000770318090445627,
      0.006196406304050415,
      0.0007335856887857458
    ],
    [
      0.9855039970079591,
      0.004882728637369466,
      0.0007829161540485235,
      0.0008148777318252242,
      0.0072070962162135285,
      0.0008083842525841653
    ],
    [
      0.9853528168500028,
      0.004932596562430205,
      0.0007858374078022983,
      0.0008219677657323495,
      0.007291072113508042,
      0.0008157093005243727
    ],
    [
      0.9890861812014102,
      0.003636552756772002,
      0.0005532182427817456,
      0.0006130809921942362,
      0.0054979893863169454,
      0.0006129774205248769
    ],
    [
      0.9897659237204819,
      0.0034136111781454094,
      0.0005375013343594897,
      0.0005736658990286475,
      0.0051292601405664336,
      0.0005800377274180841
    ],
    [
      0.989010136014974,
      0.0036606669360715795,
      0.0005544891767064328,
      0.00061748874563703,
      0.005540373207908166,
      0.0006168459187027943
    ],
    [
      0.9853180625757159,
      0.004940285495623045,
      0.0007855278026476148,
      0.0008238953532001098,
      0.007313624499365635,
      0.0008186042734477786
    ],
    [
      0.9851680674913736,
      0.0049927065956632145,
      0.0007893343033400202,
      0.0008327159362473621,
      0.007392583843986328,
      0.0008245918293893965
    ],
    [
      0.98436473239512,
      0.005248609545775107,
      0.0008030772848518695,
      0.0008793090281867021,
      0.007839206271013078,
      0.0008650654750532427
    ],
    [
      0.9861880319044543,
      0.00440903270135698,
      0.0006972644302928809,
      0.0007707892903222689,
      0.007141485815693358,
      0.0007933958578803522
    ],
    [
      0.9851118599928967,
      0.004824621686316416,
      0.0007360845810291529,
      0.0008344065599163799,
      0.00765822157948569,
      0.0008348056003556601
    ],
    [
      0.9791405300556841,
      0.007062148031358554,
      0.0009327769770807039,
      0.0012011801015270264,
      0.010505015438928697,
      0.0011583493954209197
    ],
    [
      0.9795608787594776,
      0.0069062888065565,
      0.0009327521883143002,
      0.001175166420774798,
      0.010282246059452486,
      0.001142667765424252
    ],
    [
      0.9807658607401684,
      0.006500108711554962,
      0.0009326842688910571,
      0.001104713094677213,
      0.009611384843798266,
      0.0010852483409100936
    ],
    [
      0.9852103998048809,
      0.004983135666028513,
      0.000789656490861693,
      0.0008303626908988157,
      0.007365310234317376,
      0.0008211351130127135
    ],
    [
      0.985518463197324,
      0.004876124313322998,
      0.0007821382376393171,
      0.0008140318848053744,
      0.007200919284274149,
      0.0008083230826342606
    ],
    [
      0.9853982654864961,
      0.004915891949206127,
      0.0007844645553247349,
      0.0008192737248556047,
      0.007267931523241165,
      0.0008141727608762569
    ],
    [
      0.9905292972131904,
      0.0031630593741961348,
      0.0005235292644101207,
      0.0005440288831638651,
      0.004698478094297366,
      0.0005416071707421398
    ],
    [
      0.9904668019704229,
      0.003184083139015156,
      0.0005247292718045526,
      0.0005453334972164297,
      0.004734283094102383,
      0.0005447690274386491
    ],
    [
      0.9904333831683055,
      0.0031991910851132364,
      0.0005290615800700848,
      0.0005498576590344738,
      0.004743142132492503,
      0.0005453643749841931
    ],
    [
      0.9851394455086038,
      0.005002008204849365,
      0.0007898731570014754,
      0.0008343807960121677,
      0.00740832072795802,
      0.0008259716055751573
    ],
    [
      0.985107932053117,
      0.005012246136473787,
      0.0007904655510094316,
      0.0008362137571995246,
      0.007425650597736188,
      0.0008274919044640998
    ],
    [
      0.9903629920283967,
      0.0032229177683448596,
      0.0005304266596090684,
      0.0005513417364934213,
      0.004783414121532895,
      0.000548907685622974
    ],
    [
      0.9903247245421696,
      0.003235805243802107,
      0.0005311655162784543,
      0.0005521450006503588,
      0.004805321356362154,
      0.0005508383407373722
    ],
    [
      0.9890381444059397,
      0.0036517887839296803,
      0.0005540219852587068,
      0.0006158654036849294,
      0.005524759469119258,
      0.0006154199520676856
    ],
    [
      0.9903629920283967,
      0.0032229177683448596,
      0.0005304266596090684,
      0.0005513417364934213,
      0.004783414121532895,
      0.000548907685622974
    ]
  ],
  [
    [
      0.9895776931675646,
      0.003473662449008064,
      0.0005407441772888507,
      0.0005845856288172782,
      0.005233824076445659,
      0.0005894905008755552
    ],
    [
      0.8828604360804619,
      0.06506001046538182,
      0.012028664873821537,
      0.008164906819033453,
      0.030762831115225136,
      0.0011231506460760844
    ],
    [
      0.12816398236210688,
      0.08013406095234027,
      0.022637531574463958,
      0.011231653464626137,
      0.7554322469181012,
      0.002400524728361541
    ],
    [
      0.8353939087385098,
      0.08262645870997165,
      0.019610584522136952,
      0.01073869227446574,
      0.04972397433381372,
      0.001906381421102114
    ],
    [
      0.8840554337119759,
      0.06438263348294421,
      0.014210289855418244,
      0.007881658339038025,
      0.028527429933941008,
      0.0009425546766825594
    ],
    [
      0.8309353657831483,
      0.08552235799579562,
      0.02507064081978117,
      0.010724432492189939,
      0.04586057317694365,
      0.0018866297321413624
    ],
    [
      0.7880584118372516,
      0.12597253616771376,
      0.030058284732355337,
      0.014760622896463614,
      0.04063462055247914,
      0.0005155238137366047
    ],
    [
      0.784460611369097,
      0.13219569911066323,
      0.0261008103810606,
      0.015190529138081834,
      0.041523885541472176,
      0.0005284644596252828
    ],
    [
      0.7829133067441224,
      0.13818754590085452,
      0.01821142307687431,
      0.015304604735423805,
      0.04474080436542655,
      0.0006423151772984171
    ],
    [
      0.7860105734041619,
      0.13178761175197173,
      0.021192925164810333,
      0.015054328391429617,
      0.045376574067022224,
      0.0005779872206041635
    ],
    [
      0.7830816688028265,
      0.12718491721723485,
      0.033942643707118345,
      0.015146615276025573,
      0.04014783458373479,
      0.0004963204130600458
    ],
    [
      0.8297583816405542,
      0.08753402074562919,
      0.024799048810128246,
      0.010820025769862478,
      0.04519692863578522,
      0.0018915943980406641
    ],
    [
      0.8365701342895949,
      0.08383039731861879,
      0.02030506955458123,
      0.010888048345892356,
      0.046527925784849884,
      0.0018784247064628516
    ],
    [
      0.8876307771851614,
      0.05285336324730548,
      0.013469517759472614,
      0.007155687276473479,
      0.03701627135002851,
      0.001874383181558544
    ],
    [
      0.8443228697054119,
      0.06739602382192136,
      0.019335113314092482,
      0.00936580182601045,
      0.056950894983400856,
      0.0026292963491629556
    ],
    [
      0.13462626464506033,
      0.07708100034053922,
      0.019427545357832237,
      0.010896637343393916,
      0.754984435411772,
      0.0029841169014024195
    ],
    [
      0.13569553599035658,
      0.07763366654332551,
      0.01955638738982233,
      0.010943015088258307,
      0.7531625186419324,
      0.003008876346304905
    ],
    [
      0.8117133326321698,
      0.11675254911968691,
      0.02117917961007621,
      0.013271686811020037,
      0.03659296497676365,
      0.0004902868502833438
    ],
    [
      0.9855165659548217,
      0.004592608549634735,
      0.0007018151301579191,
      0.0008090545172589059,
      0.007545670885247392,
      0.000834284962879316
    ],
    [
      0.7875239757900585,
      0.1255978932048662,
      0.031195408778782317,
      0.015133399687392527,
      0.04000254388438028,
      0.0005467786545201689
    ],
    [
      0.07550300151695125,
      0.09934875534759795,
      0.018311836731349063,
      0.01143500381741577,
      0.7945452404887099,
      0.0008561620979760785
    ],
    [
      0.7906500255392666,
      0.12954734553992053,
      0.021552406860615006,
      0.014523113066893047,
      0.043141872028847124,
      0.0005852369644577453
    ],
    [
      0.09482594412915163,
      0.12433223438960325,
      0.020099697286995635,
      0.013664519016171045,
      0.7461855508414327,
      0.0008920543366458178
    ],
    [
      0.7508756830829694,
      0.12658057420266983,
      0.05443944781464409,
      0.017207211518065202,
      0.0500455723857762,
      0.0008515109958753617
    ],
    [
      0.7510867217418744,
      0.12816046097425754,
      0.0505089925586464,
      0.018037664468537117,
      0.051310941603937454,
      0.0008952186527470936
    ],
    [
      0.7691801417751242,
      0.14189228983409363,
      0.012042607469170076,
      0.01685450434397221,
      0.05908173895862952,
      0.0009487176190103384
    ],
    [
      0.14446487045659,
      0.13026447986554165,
      0.013743394133654146,
      0.016214918548056182,
      0.6931583226266192,
      0.002154014369538773
    ],
    [
      0.7802344931307282,
      0.13484651630427824,
      0.01424840036414066,
      0.016653679734126545,
      0.05323431294869797,
      0.0007825975180283308
    ],
    [
      0.7787526256802582,
      0.13775536217635148,
      0.01931788019600019,
      0.01551822958312813,
      0.04799212734527132,
      0.0006637750189907424
    ],
    [
      0.7625575321544211,
      0.12262784795683362,
      0.05185599457297463,
      0.015332994954508869,
      0.046930921663680174,
      0.000694708697581592
    ],
    [
      0.7829529479614541,
      0.1316291947442608,
      0.02503099983315979,
      0.014837538156747737,
      0.04495768340868672,
      0.0005916358956909235
    ],
    [
      0.7968815509808096,
      0.12698114053635023,
      0.019128113945614512,
      0.014622782186988079,
      0.041807642399767586,
      0.0005787699504700038
    ],
    [
      0.8255241840860672,
      0.08601668146852492,
      0.02122567640084866,
      0.010513283067468442,
      0.05477204631342083,
      0.0019481286636699158
    ],
    [
      0.8023178193448994,
      0.12861804083490927,
      0.012186715514247746,
      0.01404809438818564,
      0.042192200846741315,
      0.0006371290710166362
    ],
    [
      0.07717365201179918,
      0.08145179854536222,
      0.0071932967389951195,
      0.01019125959965025,
      0.8228499517463969,
      0.001140041357796379
    ],
    [
      0.07033206267459405,
      0.07866278597148582,
      0.00883596890880095,
      0.010000901605151907,
      0.8311243498386931,
      0.001043931001274142
    ],
    [
      0.8305917832965789,
      0.08242227058035859,
      0.01992867469513259,
      0.010556149053436378,
      0.0546101024062632,
      0.001891019968230327
    ],
    [
      0.8297970428088496,
      0.08334760517970108,
      0.019897397464598524,
      0.010773306541142664,
      0.054237233655953836,
      0.0019474143497543632
    ],
    [
      0.15091242809978153,
      0.08254154969307137,
      0.015323383106985824,
      0.012234184241744423,
      0.7354751292480057,
      0.0035133256104110835
    ],
    [
      0.9849507587472672,
      0.004763558295613201,
      0.0007289969541279591,
      0.0008406613649118911,
      0.007852359960171354,
      0.0008636646779083944
    ]
  ],
  [
    [
      0.990484615724498,
      0.0031780926940386724,
      0.0005243878544271622,
      0.0005449623180656365,
      0.004724074494241176,
      0.000543866914729413
    ],
    [
      0.7879524783376122,
      0.1255897906127887,
      0.032208128953499324,
      0.015048356434871903,
      0.038716809755995125,
      0.000484435905232747
    ],
    [
      0.7824412045742721,
      0.15507737838066316,
      0.007071757188450102,
      0.015235575094557039,
      0.03964851252241912,
      0.0005255722396384117
    ],
    [
      0.7908281585055814,
      0.1461981745840636,
      0.007143430246368049,
      0.014811089030642377,
      0.04049374063074068,
      0.0005254070026039206
    ],
    [
      0.14625753438545344,
      0.10383061194109051,
      0.0060447824444443965,
      0.012329504065482907,
      0.7283095580471668,
      0.00322800911636195
    ],
    [
      0.787720837622435,
      0.1491408553474834,
      0.007127686730825186,
      0.014766488891522243,
      0.04072607271471592,
      0.0005180586930182666
    ],
    [
      0.7782262500371546,
      0.15763342474864908,
      0.007090740475428677,
      0.01578112221987938,
      0.0407338754292992,
      0.00053458708958903
    ],
    [
      0.777426809330794,
      0.1533319279790727,
      0.008441965893372361,
      0.015925911234012706,
      0.044234556342142024,
      0.0006388292206061705
    ],
    [
      0.12481384706844226,
      0.16889087872265496,
      0.008018565407586617,
      0.016378201109542495,
      0.6804835840366583,
      0.0014149236551153316
    ],
    [
      0.1206567769436478,
      0.13939321320643908,
      0.022396134329416693,
      0.014320309809092935,
      0.7016794177268928,
      0.0015541479845106781
    ],
    [
      0.7758053457491988,
      0.15872228535540803,
      0.007012509020265065,
      0.015690491203559833,
      0.04224122366369941,
      0.0005281450078689541
    ],
    [
      0.7866848804124634,
      0.1479283490488413,
      0.007125427768036411,
      0.015021955161179039,
      0.0427071417523052,
      0.0005322458571745721
    ],
    [
      0.8293382589954319,
      0.09916243603990602,
      0.005041869980664901,
      0.010924989756283148,
      0.05355062806743331,
      0.0019818171602807313
    ],
    [
      0.07355734560155162,
      0.08499411108680295,
      0.003761695137110565,
      0.010214271979188396,
      0.826343057254586,
      0.0011295189407605224
    ],
    [
      0.8264329834670168,
      0.10098331965270216,
      0.003873795912514121,
      0.01139255449024405,
      0.05534759579257607,
      0.0019697506849469227
    ],
    [
      0.8273476295594694,
      0.10133955553687413,
      0.005059202641931083,
      0.010979401001051829,
      0.05327966001477297,
      0.0019945512459005883
    ],
    [
      0.82727076571502,
      0.10231477825192216,
      0.005099323380506187,
      0.0111159697668631,
      0.05217509253384096,
      0.0020240703518476693
    ],
    [
      0.7870309362620835,
      0.12601219799090801,
      0.03216996591246738,
      0.015037220253104746,
      0.039265255148594774,
      0.00048442443284154734
    ],
    [
      0.9860760547791536,
      0.004437807058959822,
      0.0006972705267603877,
      0.0007771523531838566,
      0.007211161144144292,
      0.0008005541377980759
    ],
    [
      0.7832942798824689,
      0.1328493313424777,
      0.025983088860469846,
      0.015200886858153531,
      0.04212994914972887,
      0.0005424639067011152
    ],
    [
      0.7663328015649385,
      0.16334085456339778,
      0.007220119021769688,
      0.01681342605138564,
      0.04575000425783365,
      0.0005427945406747476
    ],
    [
      0.7312318857965425,
      0.19060396646956168,
      0.003423845245809277,
      0.01811673762072771,
      0.05579655313645821,
      0.000827011730900593
    ],
    [
      0.7326529415307708,
      0.18726577462231808,
      0.004375720553177108,
      0.018300492813343384,
      0.056553506252568386,
      0.0008515642278223395
    ],
    [
      0.7722166679315705,
      0.15578657600956783,
      0.00510723937430415,
      0.015741212981830455,
      0.050383488789057816,
      0.0007648149136692587
    ],
    [
      0.43675950100303285,
      0.28825835732732763,
      0.02466894979579388,
      0.03617526060310026,
      0.21082194093487228,
      0.0033159903358731214
    ],
    [
      0.1328193296961392,
      0.15905328895901272,
      0.002474498795066435,
      0.018181950497573925,
      0.6861169053176843,
      0.0013540267345233921
    ],
    [
      0.1780076106612803,
      0.1912742790606496,
      0.002726501375204668,
      0.019030425593922127,
      0.6075480619898306,
      0.0014131213191126992
    ],
    [
      0.6781770901104079,
      0.1366702806308445,
      0.004135572422173417,
      0.0142089252165822,
      0.16374264331503946,
      0.0030654883049525726
    ],
    [
      0.7732030406051877,
      0.15420985814133897,
      0.004825671567926804,
      0.015603967078351117,
      0.05139460656173195,
      0.0007628560454634144
    ],
    [
      0.14048399788770496,
      0.22387303068026884,
      0.005359371290058705,
      0.0203149448549641,
      0.608932627464998,
      0.001036027822005512
    ],
    [
      0.7721203905497482,
      0.15787203572345085,
      0.004704347678745749,
      0.016785566820196933,
      0.04780523804238475,
      0.0007124211854734673
    ],
    [
      0.782322083298518,
      0.15355649777602784,
      0.004381025750761595,
      0.015556093825727021,
      0.04356172546688873,
      0.0006225738820768144
    ],
    [
      0.07696612928560365,
      0.09038295799715948,
      0.003735159689043434,
      0.010496026587585628,
      0.8172953551561531,
      0.0011243712844547118
    ],
    [
      0.07152374022920342,
      0.088514933474792,
      0.0035283521034397683,
      0.01013509619848827,
      0.8252603686057105,
      0.0010375093883660089
    ],
    [
      0.801085816166747,
      0.13502254023741894,
      0.004602411678447552,
      0.01437640587042225,
      0.04426243557643236,
      0.0006503904705318616
    ],
    [
      0.07118683912058626,
      0.08748724788213119,
      0.00351329151088763,
      0.01008639199258025,
      0.8266912040634966,
      0.00103502543031808
    ],
    [
      0.808422136145106,
      0.13204833482817246,
      0.00717656593641223,
      0.013704399217928298,
      0.03811495969457821,
      0.0005336041778026925
    ],
    [
      0.8030560335530401,
      0.13711232210865432,
      0.006988780305078354,
      0.014360309406813456,
      0.0379677765974495,
      0.0005147780289643625
    ],
    [
      0.13636768051100004,
      0.08092903114014482,
      0.019609779314974315,
      0.011184603092071558,
      0.7488860215087859,
      0.0030228844330233854
    ],
    [
      0.985107932053117,
      0.005012246136473787,
      0.0007904655510094316,
      0.0008362137571995246,
      0.007425650597736188,
      0.0008274919044640998
    ]
  ],
  [
    [
      0.984568472207496,
      0.005182983560072768,
      0.0007993981295751217,
      0.0008674733231119512,
      0.007726627056945341,
      0.0008550457227988439
    ],
    [
      0.784460611369097,
      0.13219569911066323,
      0.0261008103810606,
      0.015190529138081834,
      0.041523885541472176,
      0.0005284644596252828
    ],
    [
      0.7727952792452939,
      0.16033748395603728,
      0.007378719401658286,
      0.01642515321030093,
      0.042512189162164316,
      0.0005511750245453746
    ],
    [
      0.7801464915935691,
      0.15355327791858747,
      0.0068998932503358205,
      0.015969278918147957,
      0.04291979545114666,
      0.0005112628682130077
    ],
    [
      0.7860033024539923,
      0.14707271694900179,
      0.007089493556729236,
      0.015324627461951247,
      0.043976895624007875,
      0.0005329639543176035
    ],
    [
      0.778701607709088,
      0.1534743294615824,
      0.007281351980763526,
      0.016124726927762345,
      0.043869483119399734,
      0.0005485008014040715
    ],
    [
      0.0792247177264562,
      0.11065509424360007,
      0.012181402885032382,
      0.01194404879031434,
      0.7851246220367483,
      0.000870114317848808
    ],
    [
      0.7763556183019442,
      0.1485703068070292,
      0.008689174988068451,
      0.016889482575354928,
      0.04881649357971936,
      0.0006789237478838537
    ],
    [
      0.38590967873617354,
      0.2909315516200643,
      0.007234716901131758,
      0.03990255467645134,
      0.2722069320574778,
      0.003814566008701336
    ],
    [
      0.7031438540309366,
      0.1501506030903149,
      0.006883336743469222,
      0.0199351470487014,
      0.1175768643678207,
      0.002310194718757265
    ],
    [
      0.7680380404084813,
      0.1617916591129401,
      0.007329105002132011,
      0.0166745954897595,
      0.04562586107103135,
      0.0005407389156557648
    ],
    [
      0.12680361306485122,
      0.10231099143151248,
      0.007658154518454434,
      0.012021660454273452,
      0.7487030106889188,
      0.0025025698419896864
    ],
    [
      0.7869285850224609,
      0.14506007630271178,
      0.00749069298727113,
      0.015916573245227057,
      0.04403374145075667,
      0.0005703309915725317
    ],
    [
      0.7970512004346884,
      0.136385587013893,
      0.004710525388789531,
      0.015022359663822165,
      0.046163925082891764,
      0.0006664024159152415
    ],
    [
      0.7976945121016162,
      0.13760413911403208,
      0.004523150862699283,
      0.01461719711706473,
      0.04493090910905116,
      0.0006300916955365266
    ],
    [
      0.8240240733564226,
      0.10076014006762259,
      0.00524842421904153,
      0.01166514690485165,
      0.056233247982013825,
      0.002068967470047824
    ],
    [
      0.7901958772829154,
      0.14387440622932288,
      0.007627067545331516,
      0.01486241292947665,
      0.04283163711981951,
      0.000608598893134
    ],
    [
      0.7873231490660326,
      0.13009920239521855,
      0.02573151952956691,
      0.014412163076283315,
      0.041869341754860644,
      0.0005646241780380493
    ],
    [
      0.9846669149326088,
      0.005094882742818731,
      0.0007552847347893194,
      0.0008647194634691332,
      0.007802854012953156,
      0.0008153441133609011
    ],
    [
      0.738558627974639,
      0.13878299710392242,
      0.05605813525416297,
      0.01729879863714091,
      0.048587466465564076,
      0.0007139745645706926
    ],
    [
      0.6954044370399405,
      0.19619707975782882,
      0.009679946399318367,
      0.01570559534916812,
      0.08053224929060575,
      0.0024806921631385006
    ],
    [
      0.18983451879922533,
      0.15147747889705934,
      0.005099701815051536,
      0.018692269024813964,
      0.6325823917889871,
      0.0023136396748628173
    ],
    [
      0.6522404067134819,
      0.21836291826148324,
      0.01216349988913656,
      0.022788653384177716,
      0.0931190932989798,
      0.0013254284527408464
    ],
    [
      0.17538043194798875,
      0.18169136645648978,
      0.0041353402303476415,
      0.02181155665817157,
      0.615657482275616,
      0.0013238224313862055
    ],
    [
      0.7738990389305201,
      0.15294726507436945,
      0.005200207606590854,
      0.015577641767137941,
      0.05157426035549892,
      0.0008015862658827651
    ],
    [
      0.770519121704729,
      0.15214593932307593,
      0.0015578700093054896,
      0.017710505981752816,
      0.057121765291547,
      0.0009447976895897982
    ],
    [
      0.768109045134359,
      0.1529518927795332,
      0.0015955738490418675,
      0.017109277473957206,
      0.05925943090325552,
      0.0009747798598532714
    ],
    [
      0.17704293573336144,
      0.1931573039286965,
      0.002694785845605046,
      0.019041141434124772,
      0.606680188644625,
      0.001383644413587177
    ],
    [
      0.37669420372449164,
      0.3511295898405253,
      0.0055310562816748,
      0.100927736287279,
      0.16141505575596726,
      0.004302358110062032
    ],
    [
      0.13208930977521077,
      0.17475991830270102,
      0.007945737622463972,
      0.017170410950975535,
      0.6668656636288351,
      0.0011689597198135853
    ],
    [
      0.7603660301522884,
      0.16736460999678598,
      0.004765050968726676,
      0.01723290598053395,
      0.04956951697688775,
      0.0007018859247772767
    ],
    [
      0.766213337051367,
      0.16241443962715144,
      0.004523269579350207,
      0.0166172992431615,
      0.04959558265613432,
      0.0006360718428356203
    ],
    [
      0.7808522908625228,
      0.15012169157289199,
      0.004447544894144397,
      0.01592705306160119,
      0.04801916164181153,
      0.0006322579670280605
    ],
    [
      0.07828325068983442,
      0.08664507363368243,
      0.0037242998556658814,
      0.010501686882624177,
      0.8197388201781105,
      0.0011068687600826633
    ],
    [
      0.7970964449741004,
      0.13657201411528588,
      0.004716361515240218,
      0.015012886160944927,
      0.04593270312958683,
      0.0006695901048417338
    ],
    [
      0.182722730650794,
      0.09091877740422137,
      0.0049331251738454355,
      0.014371139962217271,
      0.7041325605797074,
      0.00292166622921458
    ],
    [
      0.8017297719175501,
      0.13581028510204773,
      0.007435479728420862,
      0.014416436144475828,
      0.040063802553078065,
      0.0005442245544273713
    ],
    [
      0.14295448716723452,
      0.10340188830449071,
      0.005691014912189379,
      0.011937315558578255,
      0.7329076416003223,
      0.0031076524571848783
    ],
    [
      0.833277043277141,
      0.08256982705010368,
      0.019842264332254833,
      0.010629393122155856,
      0.051816774476693604,
      0.00186469774165101
    ],
    [
      0.9911411080853347,
      0.002959116701203737,
      0.0005148987889006637,
      0.0005344601517180928,
      0.004340089425911351,
      0.0005103268469314401
    ]
  ],
  [
    [
      0.9845831423230976,
      0.0051892067502730494,
      0.0008020601946558988,
      0.0008669064508478236,
      0.007708063360524087,
      0.0008506209206014973
    ],
    [
      0.12139874818590138,
      0.17407733941362968,
      0.04766272663028079,
      0.019737214396182347,
      0.6363786773871034,
      0.0007452939869024116
    ],
    [
      0.7787477092682555,
      0.15219053575138197,
      0.008601751455549277,
      0.01547802769491282,
      0.04432983210223959,
      0.0006521437276607826
    ],
    [
      0.7731812281735637,
      0.15601151060712926,
      0.008034022776306835,
      0.016831672693870307,
      0.045346120340542986,
      0.0005954454085868528
    ],
    [
      0.1308766984180358,
      0.10452007239389374,
      0.00762904184556867,
      0.01254637432645423,
      0.7419545281091553,
      0.002473284906892219
    ],
    [
      0.7775401579035256,
      0.15220234797662413,
      0.007309530068752005,
      0.01573140702447332,
      0.04665465371885983,
      0.0005619033077651007
    ],
    [
      0.13531200849567854,
      0.10654948575886808,
      0.007666276667566051,
      0.012700295350987614,
      0.7352779201138868,
      0.002494013613012945
    ],
    [
      0.1254371914094061,
      0.1887459467705348,
      0.015089545520574814,
      0.019018158983934524,
      0.6509199951189818,
      0.0007891621965679084
    ],
    [
      0.7783073232071565,
      0.15090597477986,
      0.008653185816256041,
      0.015473811011949671,
      0.04598963836265346,
      0.0006700668221244181
    ],
    [
      0.7268127930012748,
      0.16980463558031775,
      0.013355037902011136,
      0.014028579407527346,
      0.073631472451325,
      0.0023674816575440854
    ],
    [
      0.7768233212676198,
      0.15409403044252246,
      0.007171983251429871,
      0.015760069954334405,
      0.0456078456757944,
      0.0005427494082991373
    ],
    [
      0.7854229955263882,
      0.14488889125050577,
      0.0075884025033413635,
      0.01545355410547638,
      0.046063921872601346,
      0.0005822347416869843
    ],
    [
      0.15659869346793814,
      0.09223709866299035,
      0.006117948217829719,
      0.01254528894840765,
      0.7292356390816861,
      0.003265331621148079
    ],
    [
      0.07560424358009446,
      0.08317742142369026,
      0.003474380258896555,
      0.010177408758408996,
      0.8265160273289395,
      0.0010505186499702463
    ],
    [
      0.07479132029719625,
      0.08173209761360226,
      0.0037325573362308817,
      0.010347946028719981,
      0.8282598105633291,
      0.0011362681609215382
    ],
    [
      0.7779892354362604,
      0.15286982502627755,
      0.007322201443169543,
      0.016605717927571095,
      0.044658954556077754,
      0.0005540656106436802
    ],
    [
      0.7754413718311687,
      0.15867818550311147,
      0.007012474880366615,
      0.015681152893287,
      0.0426586947895836,
      0.0005281201024827173
    ],
    [
      0.7793970142643487,
      0.14179250348381997,
      0.01637524496041722,
      0.015444691430581525,
      0.04623477058409258,
      0.0007557752767400887
    ],
    [
      0.9793977493323252,
      0.006894944780320303,
      0.0010175714165686536,
      0.0011638028577586987,
      0.01044838601345047,
      0.0010775455995767724
    ],
    [
      0.1277704779408815,
      0.17993730157852567,
      0.02148979590132493,
      0.01884462357364054,
      0.6509194168474273,
      0.0010383841582001898
    ],
    [
      0.3697554291230538,
      0.27009498989535924,
      0.02296249470865937,
      0.03487717416413977,
      0.2977809250133002,
      0.004528987095487622
    ],
    [
      0.6557126462668798,
      0.23841069814888105,
      0.011728688126110247,
      0.024815785877038036,
      0.06810822658730455,
      0.0012239549937864533
    ],
    [
      0.1924968037277235,
      0.18644342441479173,
      0.0034086163187409995,
      0.02274612107750435,
      0.5934796083219682,
      0.0014254261392712434
    ],
    [
      0.49855637187890617,
      0.2598216168824708,
      0.00527343825134317,
      0.032117501605216904,
      0.2003585316790604,
      0.0038725397030026543
    ],
    [
      0.7637326956885875,
      0.16304004863151916,
      0.004721880250009677,
      0.01628686035524564,
      0.051499948548278246,
      0.0007185665263598112
    ],
    [
      0.7700205379033993,
      0.1538923624706146,
      0.0016150470945678081,
      0.01703570120401614,
      0.05644603704528858,
      0.000990314282113533
    ],
    [
      0.417254851753322,
      0.31115193580371964,
      0.004929798498305725,
      0.03172855406779681,
      0.2308620233871349,
      0.0040728364897208765
    ],
    [
      0.17659891654594034,
      0.19264439570640282,
      0.0026755475469207777,
      0.01914633625289275,
      0.6075589155362033,
      0.0013758884116399919
    ],
    [
      0.7294298480922166,
      0.1890763649338313,
      0.0044063820473527054,
      0.017345876094495234,
      0.058891399221479956,
      0.0008501296106243391
    ],
    [
      0.1291913659157833,
      0.17637109928456318,
      0.007996139676487005,
      0.017397170438189082,
      0.6678384667547409,
      0.0012057579302364692
    ],
    [
      0.5387054374605412,
      0.26663068655856437,
      0.004825571505677162,
      0.031922667115864944,
      0.15444505568256123,
      0.003470581676791121
    ],
    [
      0.7662144053361442,
      0.161620083400588,
      0.004649423801637823,
      0.01625110440140165,
      0.050587590258599074,
      0.0006773928016293884
    ],
    [
      0.7716534749855842,
      0.1569295951797865,
      0.004543794765001095,
      0.016421996602076744,
      0.04979063898783019,
      0.0006604994797212318
    ],
    [
      0.7789096576886224,
      0.15023148896541916,
      0.004296472876373103,
      0.01695203835190222,
      0.04900586038190222,
      0.0006044817357809505
    ],
    [
      0.7861259593372463,
      0.1456295293352573,
      0.00452811646516899,
      0.015503496222164972,
      0.04755872902949951,
      0.0006541696106629805
    ],
    [
      0.07466564257327228,
      0.08367009654567337,
      0.003732124527999339,
      0.010314714340569868,
      0.8265038196359484,
      0.00111360237653668
    ],
    [
      0.8005751040393103,
      0.13629078501838854,
      0.007471427654398674,
      0.014499989898147865,
      0.04060185563466697,
      0.0005608377550876563
    ],
    [
      0.8267372611746657,
      0.10000015773319992,
      0.005099085470540044,
      0.011050793391059337,
      0.055088855068253506,
      0.002023847162281495
    ],
    [
      0.8370437313785106,
      0.08267440478522456,
      0.01986575681646649,
      0.010610651783939334,
      0.04796829098527644,
      0.0018371642505825812
    ],
    [
      0.9912156572168561,
      0.002930718341991253,
      0.0005099340722110536,
      0.0005292484754717293,
      0.004307002148158072,
      0.0005074397453117334
    ]
  ],
  [
    [
      0.9853284499476653,
      0.004744770052275553,
      0.0007293351968158035,
      0.0008216649201101252,
      0.007549966506291558,
      0.0008258133768415881
    ],
    [
      0.778487685487336,
      0.14105825901121813,
      0.018968563314586236,
      0.01597877809296914,
      0.044789330369504145,
      0.0007173837243863037
    ],
    [
      0.4157708214441798,
      0.2786243898241636,
      0.00691203166173176,
      0.036268089256223046,
      0.2587537303093237,
      0.003670937504378067
    ],
    [
      0.1243387861933255,
      0.18886174257530622,
      0.015252673745821581,
      0.01852925871365395,
      0.6522263219371132,
      0.000791216834779697
    ],
    [
      0.7722613580523515,
      0.156592436601371,
      0.007696721826898129,
      0.015804254941485695,
      0.04706420500504972,
      0.0005810235728439109
    ],
    [
      0.7812516684847757,
      0.1497219144483729,
      0.006438457478275772,
      0.016797628829541777,
      0.045347423672191904,
      0.00044290708684193846
    ],
    [
      0.7894860684193418,
      0.14352637529600032,
      0.006405970620041278,
      0.01608735148151378,
      0.04406041179383771,
      0.0004338223892651029
    ],
    [
      0.7808351046731706,
      0.15061552887664545,
      0.006454203604395208,
      0.016885094724552668,
      0.04475979698678854,
      0.0004502711344475778
    ],
    [
      0.12058826335870422,
      0.13958322075851054,
      0.02205244326940625,
      0.014762185849832434,
      0.701625874090152,
      0.0013880126733945351
    ],
    [
      0.16819034898967786,
      0.16531458155519546,
      0.005790571135144177,
      0.019355217238734845,
      0.6390056439561536,
      0.0023436371250940705
    ],
    [
      0.07616574757682096,
      0.11349101756578737,
      0.010092379908120397,
      0.012940652091241834,
      0.7866301185917226,
      0.0006800842663069294
    ],
    [
      0.7833631658617577,
      0.14625246599807298,
      0.00675589352022028,
      0.016716330650213947,
      0.04643492781913845,
      0.0004772161505966515
    ],
    [
      0.2123958410165547,
      0.09703699036137733,
      0.005587719006792951,
      0.014675062489197819,
      0.6674101555248273,
      0.002894231601249926
    ],
    [
      0.07462986756194975,
      0.08461998351850065,
      0.0035255956513796072,
      0.011250353075314249,
      0.8249634495224438,
      0.0010107506704119227
    ],
    [
      0.07419204854074524,
      0.08351608417737272,
      0.0035236341800492094,
      0.010598665987892279,
      0.8271605463465823,
      0.0010090207673582976
    ],
    [
      0.7830290371382058,
      0.14838419921348595,
      0.0074627557132329915,
      0.015413727337353581,
      0.04514414002928936,
      0.0005661405684323728
    ],
    [
      0.08040067931930006,
      0.10857130409163926,
      0.012186407893973565,
      0.01196178882419641,
      0.7860086391176806,
      0.0008711807532101612
    ],
    [
      0.1225495101779796,
      0.13641718305467923,
      0.02472027932764389,
      0.014273222547115386,
      0.700269499436353,
      0.0017703054562289695
    ],
    [
      0.5338834062343448,
      0.23812814595503973,
      0.0476130661639422,
      0.035664468115558436,
      0.14011715536940916,
      0.004593758161705679
    ],
    [
      0.9779245485802047,
      0.007396291905173704,
      0.0010907390743413704,
      0.0012472666926272701,
      0.011188051868116647,
      0.0011531018795362816
    ],
    [
      0.7410157618941955,
      0.1412200799538811,
      0.050653809289546776,
      0.016918049366531872,
      0.04937910688669016,
      0.0008131926091546142
    ],
    [
      0.7749298332656206,
      0.15217875633603706,
      0.007103779521172719,
      0.015989823039282976,
      0.048995809836449286,
      0.000801998001437426
    ],
    [
      0.12561031153137708,
      0.18027661138492204,
      0.007479579815655166,
      0.01801240660642043,
      0.6676044149286888,
      0.001016675732936423
    ],
    [
      0.7630860810046088,
      0.16225954775278412,
      0.004752469345279998,
      0.016793556113370155,
      0.05242819138154915,
      0.0006801544024077172
    ],
    [
      0.76542221541247,
      0.1626206767467055,
      0.004144754226964028,
      0.016201842942196867,
      0.05101882687234193,
      0.0005916837993216849
    ],
    [
      0.760598224605689,
      0.1575658493748014,
      0.0012137730320142984,
      0.01728416450919331,
