[
  [
    [
      0.9908655112015586,
      0.003049580618455206,
      0.000516965676927594,
      0.000536893110903688,
      0.004506307962843638,
      0.0005247414293112764
    ],
    [
      0.9895121457498824,
      0.003500931402745672,
      0.0005459529976353221,
      0.0005883768646413091,
      0.005261099923772814,
      0.0005914930613224166
    ],
    [
      0.9904213541499475,
      0.0032032476102975497,
      0.0005292954069094399,
      0.0005501118693654878,
      0.0047500218171336464,
      0.0005459691463464884
    ],
    [
      0.9905267086398618,
      0.0031676922057701107,
      0.0005272397282272714,
      0.0005478769882389606,
      0.004689799717816374,
      0.0005406827200854258
    ],
    [
      0.9893248809762376,
      0.003554023052648844,
      0.0005450209764757413,
      0.0005992442358320645,
      0.0053745447367892964,
      0.000602286022016523
    ],
    [
      0.9892516754236166,
      0.003577230469814444,
      0.0005462427566710196,
      0.0006034872338201696,
      0.0054153519188716755,
      0.0006060121972061628
    ],
    [
      0.9892516754236166,
      0.003577230469814444,
      0.0005462427566710196,
      0.0006034872338201696,
      0.0054153519188716755,
      0.0006060121972061628
    ],
    [
      0.9904668019704229,
      0.003184083139015156,
      0.0005247292718045526,
      0.0005453334972164297,
      0.004734283094102383,
      0.0005447690274386491
    ],
    [
      0.9906054081781442,
      0.003137425890567502,
      0.0005220593786161937,
      0.0005424308629357298,
      0.004654907929744825,
      0.0005377677599914582
    ],
    [
      0.9911283739264388,
      0.002960413733271442,
      0.0005117058185510064,
      0.0005311746908833883,
      0.004356604567293832,
      0.0005117272635615877
    ],
    [
      0.9909566555449211,
      0.003018707776956696,
      0.0005151547379753184,
      0.0005349242947756829,
      0.004454345950898567,
      0.0005202116944726986
    ],
    [
      0.9909566555449211,
      0.003018707776956696,
      0.0005151547379753184,
      0.0005349242947756829,
      0.004454345950898567,
      0.0005202116944726986
    ],
    [
      0.9909392605356553,
      0.0030246035434928907,
      0.0005155014074397182,
      0.0005353011870349758,
      0.004464258534228397,
      0.0005210747921487886
    ],
    [
      0.9868767243292577,
      0.004388023431652836,
      0.000690335466157459,
      0.0007807627880642249,
      0.006504322265118451,
      0.0007598317197493986
    ],
    [
      0.9873649274940576,
      0.004219028666084561,
      0.0006924989342141801,
      0.0007712098171560626,
      0.006217012577536348,
      0.0007353225109513702
    ],
    [
      0.9910316944735873,
      0.0029964151806348774,
      0.0005171410657865288,
      0.0005368979231616252,
      0.0044021784571550236,
      0.0005156728996746879
    ],
    [
      0.9853486269682272,
      0.004930347277599407,
      0.0007849509466055283,
      0.0008221173692080481,
      0.007296824764898016,
      0.0008171326734617707
    ],
    [
      0.9905529923678001,
      0.003155082517544465,
      0.0005230726487945504,
      0.0005435324632076567,
      0.004684909466170717,
      0.0005404105364825061
    ],
    [
      0.9907052827676931,
      0.003103739962814787,
      0.0005201164383693606,
      0.0005403185472854871,
      0.004597793747246053,
      0.0005327485365912193
    ],
    [
      0.9906670117068938,
      0.003120247540862304,
      0.0005244748818750303,
      0.0005448711117349786,
      0.004609715546717846,
      0.0005336792119160749
    ],
    [
      0.9906418286656689,
      0.003128771396969742,
      0.0005249734468028615,
      0.0005454131404446096,
      0.0046240801637129755,
      0.0005349331864008703
    ],
    [
      0.9906886566833308,
      0.003112918429878059,
      0.0005240455550622452,
      0.0005444043569761284,
      0.00459737247875803,
      0.0005326024959947246
    ],
    [
      0.9843294938154601,
      0.005261873791455525,
      0.0008042252240270831,
      0.0008814059917408269,
      0.007856849992940809,
      0.0008661511843756479
    ],
    [
      0.9861468830596651,
      0.0044160733900228035,
      0.0006962803983228369,
      0.0007730659364905952,
      0.007170991772159211,
      0.0007967054433395053
    ],
    [
      0.9851528483823313,
      0.004811841753687859,
      0.0007354574188756418,
      0.0008320364659542037,
      0.0076351690850976865,
      0.0008326468940533366
    ],
    [
      0.9792252117343977,
      0.007033741999951056,
      0.000932772372862159,
      0.0011960825906077153,
      0.010457894922131911,
      0.0011542963800495103
    ],
    [
      0.9799225854870041,
      0.006784970575861769,
      0.0009327325238738223,
      0.0011533937583939674,
      0.010080966122473146,
      0.0011253515323933387
    ],
    [
      0.9866356294884234,
      0.004474944495073337,
      0.0006925489845235769,
      0.0007890227510677194,
      0.006636875641997104,
      0.0007709786389147985
    ],
    [
      0.9863341275143901,
      0.004343744886298493,
      0.0006895113516578315,
      0.0007620034587228213,
      0.007081222182224548,
      0.0007893906067062445
    ],
    [
      0.9862649212815202,
      0.004385370905837778,
      0.0006961713186512449,
      0.000766351400917014,
      0.007097944184294559,
      0.0007892409087792273
    ],
    [
      0.9855067052949944,
      0.004689231317693343,
      0.0007266184665213263,
      0.0008113586116675459,
      0.007449674574042196,
      0.0008164117350811472
    ],
    [
      0.9861577620557593,
      0.0044183426864509556,
      0.0006976933762136477,
      0.0007725362652604986,
      0.007158632276109446,
      0.0007950333402060888
    ],
    [
      0.9842573589174741,
      0.005283137686140127,
      0.0008050008503466981,
      0.0008855450946390574,
      0.007898591959260204,
      0.0008703654921398163
    ],
    [
      0.9852840833500786,
      0.004951330146927426,
      0.0007861680597338801,
      0.0008258718817517808,
      0.007332304945443322,
      0.0008202416160650553
    ],
    [
      0.9852544813359061,
      0.004693201383660455,
      0.0007154472236340721,
      0.0008243231706712931,
      0.007668498859033408,
      0.0008440480270947653
    ],
    [
      0.9856100609510692,
      0.004564608506061756,
      0.0006992813776175105,
      0.0008037439579395276,
      0.007493124743877453,
      0.0008291804634345382
    ],
    [
      0.989010136014974,
      0.0036606669360715795,
      0.0005544891767064328,
      0.00061748874563703,
      0.005540373207908166,
      0.0006168459187027943
    ],
    [
      0.9850728948863879,
      0.005023624714020806,
      0.0007911230828852298,
      0.0008382515655666914,
      0.007444922160489622,
      0.0008291835906497208
    ],
    [
      0.9849043134383589,
      0.004777107797267352,
      0.0007312045581958746,
      0.0008432414645581803,
      0.007877965275144333,
      0.0008661674664752896
    ],
    [
      0.9903629920283967,
      0.0032229177683448596,
      0.0005304266596090684,
      0.0005513417364934213,
      0.004783414121532895,
      0.000548907685622974
    ]
  ],
  [
    [
      0.989984061170596,
      0.0033437811874034006,
      0.0005336797469224239,
      0.0005610050046321004,
      0.005008309488741919,
      0.0005691634017041755
    ],
    [
      0.8828604360804619,
      0.06506001046538182,
      0.012028664873821537,
      0.008164906819033453,
      0.030762831115225136,
      0.0011231506460760844
    ],
    [
      0.14496092092122306,
      0.07695948719089098,
      0.017833652116045956,
      0.011110801662045831,
      0.7460911231022109,
      0.0030440150075832064
    ],
    [
      0.8373806697593504,
      0.08370950481678666,
      0.01995366166062192,
      0.010844320918388451,
      0.04621134542015522,
      0.0019004974246973412
    ],
    [
      0.8338439550765575,
      0.08462806827462188,
      0.016443668898114935,
      0.011258374266574608,
      0.05160787031184513,
      0.002218063172285956
    ],
    [
      0.9890730868792353,
      0.0036337303419817636,
      0.0005491923959084382,
      0.0006138352189960309,
      0.005515013618371735,
      0.0006151415455067232
    ],
    [
      0.8200345786271281,
      0.0891612139831488,
      0.02078013350475842,
      0.01218077009515012,
      0.055496803480499145,
      0.0023465003093153624
    ],
    [
      0.8338439550765575,
      0.08462806827462188,
      0.016443668898114935,
      0.011258374266574608,
      0.05160787031184513,
      0.002218063172285956
    ],
    [
      0.8839936940689881,
      0.06428215165549839,
      0.014004555405661555,
      0.007868429212018985,
      0.028888012976811955,
      0.0009631566810209861
    ],
    [
      0.8366878927787037,
      0.08366987271109137,
      0.020064562257518615,
      0.010807017721980179,
      0.04690150253508464,
      0.00186915199562157
    ],
    [
      0.8348127556571335,
      0.08292299776804174,
      0.020129203221932235,
      0.010849420690516975,
      0.04943004830480651,
      0.001855574357569107
    ],
    [
      0.8348127556571335,
      0.08292299776804174,
      0.020129203221932235,
      0.010849420690516975,
      0.04943004830480651,
      0.001855574357569107
    ],
    [
      0.8316206904416701,
      0.08414584088161606,
      0.02071056177851753,
      0.010984213185356969,
      0.05063783100568034,
      0.0019008627071590016
    ],
    [
      0.8283178127991753,
      0.08630497927022743,
      0.021666517911339726,
      0.010562383882851654,
      0.05121506903734651,
      0.0019332370990593217
    ],
    [
      0.8273857990939065,
      0.08604309025975615,
      0.021503318675498102,
      0.01049042842084071,
      0.05265263748178186,
      0.0019247260682165998
    ],
    [
      0.12091411693376775,
      0.0868734578370291,
      0.026397044509352194,
      0.011311106034593791,
      0.7521219738970801,
      0.0023823007881771233
    ],
    [
      0.7877324298329806,
      0.13711499303321173,
      0.015088249891296219,
      0.015009740136846191,
      0.044405123012309394,
      0.0006494640933558555
    ],
    [
      0.7877782137364194,
      0.12608659803382877,
      0.030026559188606153,
      0.014558959502113542,
      0.041042002415026896,
      0.0005076671240052408
    ],
    [
      0.8277972024718137,
      0.08519826410165346,
      0.024395242831383956,
      0.010639251800889123,
      0.050060656706670065,
      0.0019093820875897734
    ],
    [
      0.8116902533285582,
      0.11810497906129526,
      0.020592715860878717,
      0.013408856642718648,
      0.03573447804821049,
      0.0004687170583387284
    ],
    [
      0.13473266054386054,
      0.07720636820514824,
      0.019472186107556362,
      0.010799656123582265,
      0.7547871157409674,
      0.003002013278885206
    ],
    [
      0.7866350814799274,
      0.1358066376749742,
      0.019828929994970858,
      0.014783912541334612,
      0.04232323802554201,
      0.0006222002832509147
    ],
    [
      0.7830345676625377,
      0.13272759634424225,
      0.026458976090704345,
      0.01525096850698157,
      0.04199498904335524,
      0.0005329023521789576
    ],
    [
      0.739393472424082,
      0.13724360606257466,
      0.05830042746304166,
      0.017931933022386486,
      0.046486282636733496,
      0.000644278391181698
    ],
    [
      0.778005081856047,
      0.1409486097252845,
      0.019843980546985454,
      0.015930503550593552,
      0.044601108579446345,
      0.0006707157416431518
    ],
    [
      0.775559566864292,
      0.14237107407452385,
      0.018485712248095417,
      0.01651712076339958,
      0.04635431915574435,
      0.0007122068939449
    ],
    [
      0.09476544486905607,
      0.12359099756125502,
      0.020084576751071174,
      0.013652755380057734,
      0.7470141828124603,
      0.0008920426260996066
    ],
    [
      0.7906500255392666,
      0.12954734553992053,
      0.021552406860615006,
      0.014523113066893047,
      0.043141872028847124,
      0.0005852369644577453
    ],
    [
      0.789022707655619,
      0.13223981969396964,
      0.020747950887849732,
      0.015034216512978354,
      0.042362995081956664,
      0.0005923101676266349
    ],
    [
      0.7779586102778879,
      0.14071031477886178,
      0.01746555080607462,
      0.01529029673543705,
      0.04785289218700027,
      0.0007223352147383466
    ],
    [
      0.122412847442041,
      0.17393504770576956,
      0.042246054712872634,
      0.018528677016329695,
      0.6421001575677913,
      0.0007772155551959128
    ],
    [
      0.681704445255363,
      0.13234108622801194,
      0.11340465030599195,
      0.020434318981224466,
      0.05148890117406468,
      0.0006265980553440508
    ],
    [
      0.7791210809140867,
      0.134674244289459,
      0.02775793895091362,
      0.01534133879833415,
      0.04250072804213566,
      0.0006046690050709148
    ],
    [
      0.07950389157468801,
      0.10262451634342695,
      0.017492499697375128,
      0.011881125948968424,
      0.787473933950688,
      0.001024032484853498
    ],
    [
      0.7854888489938556,
      0.13983897290625774,
      0.0155313456590924,
      0.01534739914818483,
      0.04305021929052168,
      0.0007432140020878024
    ],
    [
      0.9836863091268478,
      0.005150943474774926,
      0.0007899982380996234,
      0.0009114465743199326,
      0.008532830082605282,
      0.0009284725033524028
    ],
    [
      0.7816903121299923,
      0.1387586685291432,
      0.019747078364349968,
      0.015131967961994168,
      0.04391276360387206,
      0.0007592094106482908
    ],
    [
      0.12333846360548978,
      0.08536099787424051,
      0.019679185669362352,
      0.010638642748367347,
      0.7584611170948882,
      0.0025215930076519016
    ],
    [
      0.15776454300026968,
      0.08501045351094,
      0.013810484078835861,
      0.012395728302066911,
      0.7273513065223925,
      0.0036674845854949662
    ],
    [
      0.9890633231678572,
      0.0036438041895561595,
      0.0005536010885223458,
      0.0006144059763922981,
      0.005510726385290495,
      0.0006141391923815325
    ]
  ],
  [
    [
      0.9905896373101455,
      0.003142740026624713,
      0.0005223647147958907,
      0.000542762816384721,
      0.0046639328351617175,
      0.0005385622968875254
    ],
    [
      0.836757030710458,
      0.08454711898382897,
      0.020251431688991333,
      0.011040056266638568,
      0.045512630712840146,
      0.001891731637242895
    ],
    [
      0.7883482419537824,
      0.14745515569225123,
      0.007125527344462028,
      0.015049190805114309,
      0.04148956600833979,
      0.0005323181960503027
    ],
    [
      0.8278228077821985,
      0.10235981500285521,
      0.00509937325577446,
      0.011129633293789238,
      0.05156425352424053,
      0.00202411714114212
    ],
    [
      0.8286978641232536,
      0.08526960687071095,
      0.024469560957249593,
      0.010660938195898258,
      0.048992618894504146,
      0.001909410958383445
    ],
    [
      0.9834203235605967,
      0.005307413458878007,
      0.0008065140871855682,
      0.0009285885293244725,
      0.008609504725523161,
      0.0009276556384920428
    ],
    [
      0.9833715362869927,
      0.005325813824670661,
      0.0008090381242003576,
      0.0009314243970567894,
      0.008632715537035046,
      0.0009294718300445055
    ],
    [
      0.7864091789011828,
      0.12703987831987595,
      0.02863236291368888,
      0.014795173172797252,
      0.04248031059351024,
      0.0006430960989449752
    ],
    [
      0.7546995417923035,
      0.09919066489669298,
      0.005219748596912895,
      0.01132808659707526,
      0.12671870348823092,
      0.0028432546287845873
    ],
    [
      0.16428122900454029,
      0.14976467083281014,
      0.00494756462523884,
      0.012673965777780192,
      0.6652248944997291,
      0.0031076752599015363
    ],
    [
      0.7868155604694146,
      0.14907255627353708,
      0.007167378868073811,
      0.015295555542469886,
      0.041113206692098545,
      0.0005357421544061003
    ],
    [
      0.1422136940313479,
      0.1029916310621873,
      0.005658043620129752,
      0.011840580601130883,
      0.7341958700729788,
      0.0031001806122254415
    ],
    [
      0.1417167127812716,
      0.10312998508688465,
      0.00563065115824274,
      0.011781005871005038,
      0.7346465013451112,
      0.003095143757484741
    ],
    [
      0.8669597906943649,
      0.08410160819809766,
      0.0029645514563249147,
      0.00916576049036343,
      0.03559576043511807,
      0.0012125287257310987
    ],
    [
      0.07858073203160432,
      0.09268151735386794,
      0.0037508143636291414,
      0.010395481281789118,
      0.8134680991096116,
      0.0011233558594979374
    ],
    [
      0.7759548242678344,
      0.15789518848382147,
      0.0071481787434442175,
      0.0156232757517361,
      0.04283250812899962,
      0.0005460246241642565
    ],
    [
      0.12264979585638651,
      0.19631399450489395,
      0.014253131427928,
      0.018773558199480046,
      0.6472685046216766,
      0.0007410153896348514
    ],
    [
      0.11000350854567854,
      0.1363069317452717,
      0.006525401555389235,
      0.013191032573555627,
      0.7325178171081425,
      0.0014553084719625133
    ],
    [
      0.7821623939074083,
      0.15015709483771408,
      0.007662819247410411,
      0.015041489691332486,
      0.04437317993103891,
      0.000603022385095836
    ],
    [
      0.8073079309953864,
      0.13272315388245354,
      0.00718701888630458,
      0.01371947840901376,
      0.038523883544229504,
      0.0005385342826122077
    ],
    [
      0.12822044467002588,
      0.0967377974668584,
      0.007261032656975476,
      0.01140094725903082,
      0.7539088507702563,
      0.002470927176853156
    ],
    [
      0.7805173747554488,
      0.15455661452155486,
      0.007325356770805803,
      0.015453641100230009,
      0.04159168460197217,
      0.00055532824998821
    ],
    [
      0.12512103743180622,
      0.13591446764424242,
      0.022671795048604112,
      0.014552145647303876,
      0.7001003353032302,
      0.0016402189248131336
    ],
    [
      0.7803527081485844,
      0.15139933734129865,
      0.008602553126818204,
      0.015547248397405358,
      0.04344351760934414,
      0.0006546353765493509
    ],
    [
      0.4291710773582829,
      0.3547552739800256,
      0.006361937407284659,
      0.036486400765982065,
      0.1692104514342965,
      0.004014859054128347
    ],
    [
      0.7774811265555798,
      0.15450872256578918,
      0.005087547006460864,
      0.01574375163416488,
      0.046426636493832496,
      0.0007522157441728179
    ],
    [
      0.7785597462597394,
      0.15379197161278318,
      0.004599964459606,
      0.016046414452890984,
      0.04630612439569135,
      0.0006957788192890655
    ],
    [
      0.768973663355225,
      0.16447791224459127,
      0.004321539163729358,
      0.015477502193720374,
      0.04613662075870382,
      0.0006127622840302403
    ],
    [
      0.2401131006646032,
      0.14815814365294627,
      0.004466518786123167,
      0.016673010990299466,
      0.58761882253157,
      0.002970403374457849
    ],
    [
      0.22646866675309818,
      0.15715862291663085,
      0.0042049849513370674,
      0.01760599095198207,
      0.591740843870397,
      0.0028208905565548195
    ],
    [
      0.48406008324660893,
      0.25537851261234445,
      0.03761710645861962,
      0.03364479242410798,
      0.18630800592571264,
      0.0029914993326064718
    ],
    [
      0.682762517173773,
      0.21583768193897945,
      0.02257330173056714,
      0.018538232988030368,
      0.05913325996051801,
      0.0011550062081321063
    ],
    [
      0.7823235643650592,
      0.14044524277331993,
      0.014634607668162382,
      0.01525897237973117,
      0.04658627330518675,
      0.0007513395085406384
    ],
    [
      0.7809824124746281,
      0.14016619195459026,
      0.01722078130624526,
      0.015427902182838776,
      0.04546383196691848,
      0.0007388801147792184
    ],
    [
      0.9814858753178015,
      0.006175142437388978,
      0.0009134159402677511,
      0.0010452307916493818,
      0.00940823055911966,
      0.0009721049537727482
    ],
    [
      0.7812124941861484,
      0.1405040990178926,
      0.015400971830262584,
      0.015416040757916173,
      0.046681020684145424,
      0.0007853735236349415
    ],
    [
      0.112197513104691,
      0.12884018734035751,
      0.008661741448668664,
      0.013259330684351546,
      0.7353797152694141,
      0.001661512152517137
    ],
    [
      0.12905678927749256,
      0.09914851946877695,
      0.007296640719693034,
      0.011514743246857756,
      0.750504280259813,
      0.0024790270273666
    ],
    [
      0.8251064461235756,
      0.08668586579915517,
      0.01869572322354405,
      0.011212905114765392,
      0.05620997908929667,
      0.002089080649663093
    ],
    [
      0.9903247245421696,
      0.003235805243802107,
      0.0005311655162784543,
      0.0005521450006503588,
      0.004805321356362154,
      0.0005508383407373722
    ]
  ],
  [
    [
      0.9907052827676931,
      0.003103739962814787,
      0.0005201164383693606,
      0.0005403185472854871,
      0.004597793747246053,
      0.0005327485365912193
    ],
    [
      0.7877108863286938,
      0.12567570475816903,
      0.03242729974812671,
      0.01507328196360308,
      0.038634430719651655,
      0.00047839648175579614
    ],
    [
      0.7806511156291907,
      0.15624519236214657,
      0.00697465810116093,
      0.015538905716867921,
      0.04007996667063805,
      0.0005101615199958351
    ],
    [
      0.7855987098651263,
      0.15014394672867476,
      0.007167366697829126,
      0.015292226851757264,
      0.04126201653761935,
      0.0005357333189933206
    ],
    [
      0.12071814707915926,
      0.1462805393393326,
      0.04019004863225453,
      0.016869036613163482,
      0.6749399109894281,
      0.0010023173466620929
    ],
    [
      0.9827485858913735,
      0.005669775762661199,
      0.0008466204585699797,
      0.0009709055503525464,
      0.00883239987352823,
      0.0009317124635145924
    ],
    [
      0.10757013167801467,
      0.12198254560120461,
      0.02102877961711591,
      0.013256373747497937,
      0.7347321258286464,
      0.0014300435275203878
    ],
    [
      0.12592500046208033,
      0.17357501652995816,
      0.016715286118606835,
      0.01808897440547263,
      0.664771505406365,
      0.000924217077517067
    ],
    [
      0.735689103503984,
      0.15968275998492537,
      0.013367863969037611,
      0.0146901117726515,
      0.07418819693045092,
      0.002381963838950585
    ],
    [
      0.1255372241517027,
      0.09957645542194107,
      0.007744758201328579,
      0.012059188039840994,
      0.7525411183128765,
      0.0025412558723102137
    ],
    [
      0.7471503674198627,
      0.15113962543698387,
      0.004924466562156667,
      0.012883118283419698,
      0.08105096950356716,
      0.0028514527940098292
    ],
    [
      0.7893303486968493,
      0.1446767236696153,
      0.007075255575089961,
      0.015216743586584269,
      0.043174739511116444,
      0.0005261889607448204
    ],
    [
      0.8029892035216758,
      0.13624288679388358,
      0.006876687527174389,
      0.0144113657160846,
      0.03897045399585527,
      0.0005094024453263247
    ],
    [
      0.7969370782007928,
      0.13774885540068182,
      0.004488501827613282,
      0.015202690627075518,
      0.0449933450358376,
      0.000629528907998893
    ],
    [
      0.7823096398007316,
      0.15092247164121897,
      0.004386031519981631,
      0.01575597857960513,
      0.046009237038274885,
      0.0006166414201876839
    ],
    [
      0.745259363218059,
      0.1384255838205353,
      0.021448665236505342,
      0.031970273243265616,
      0.06152580503335071,
      0.0013703094482841421
    ],
    [
      0.7762899398707408,
      0.14842474945485415,
      0.008696998943907623,
      0.01686393523653051,
      0.04904177157164722,
      0.0006826049223197487
    ],
    [
      0.11807627499199859,
      0.16560698566258292,
      0.029610488078539596,
      0.017792264487263794,
      0.6679596526049735,
      0.0009543341746416278
    ],
    [
      0.1112995706720164,
      0.13169075344996903,
      0.00656896654541868,
      0.013319491247294923,
      0.7356661417025867,
      0.0014550763827142902
    ],
    [
      0.1255514070874968,
      0.0995689798523585,
      0.007775782171763898,
      0.01228556336055536,
      0.7522749053991048,
      0.002543362128720745
    ],
    [
      0.124842218185044,
      0.09713860868377136,
      0.007736340952987062,
      0.012147666619039727,
      0.7555919796710511,
      0.0025431858881067486
    ],
    [
      0.7790098326651274,
      0.1531648429996441,
      0.007268077932558695,
      0.01608169612959545,
      0.043933308149455896,
      0.0005422421236185382
    ],
    [
      0.7738178775407292,
      0.15924867559537878,
      0.007172666256068819,
      0.01569455917672622,
      0.04352502763703939,
      0.0005411937940576504
    ],
    [
      0.7725159197169037,
      0.1573220381123341,
      0.008034076773439857,
      0.016846437818834048,
      0.04468604298092944,
      0.0005954845975589397
    ],
    [
      0.7741867851310126,
      0.15670349355935068,
      0.008606733492612244,
      0.01549578987636667,
      0.04434978790200213,
      0.0006574100386557454
    ],
    [
      0.7771185764342923,
      0.15185474444616923,
      0.005172906917290127,
      0.016403951560852222,
      0.048663333403970055,
      0.0007864872374261682
    ],
    [
      0.7674365365361568,
      0.16142156551003795,
      0.004855492508225861,
      0.016228436232209282,
      0.04932934424079453,
      0.0007286249725755794
    ],
    [
      0.7313746645542272,
      0.13223251140707382,
      0.04937986810803717,
      0.02847110361419657,
      0.05754442838728766,
      0.0009974239291775718
    ],
    [
      0.7743449560048955,
      0.15662936915353648,
      0.007396091965382456,
      0.015824851180805444,
      0.045200514639605636,
      0.0006042170557745713
    ],
    [
      0.739324813843171,
      0.13507286197562615,
      0.021744331263762073,
      0.03681649129660078,
      0.06555008842304316,
      0.001491413197796939
    ],
    [
      0.12222075364045226,
      0.18829060667351782,
      0.016132827560541393,
      0.01907605650766439,
      0.653439919119308,
      0.0008398364985161811
    ],
    [
      0.7793097488718237,
      0.1416160442894548,
      0.016340081047041377,
      0.0155882872413034,
      0.04638946102014895,
      0.0007563775302277927
    ],
    [
      0.9850438052230498,
      0.004990851586025284,
      0.000737620078143567,
      0.0008439021200115545,
      0.007588817397396494,
      0.0007950035953733337
    ],
    [
      0.9817058304957036,
      0.006108725688233866,
      0.00090290216022848,
      0.0010330169780742434,
      0.009290218589434263,
      0.000959306088325549
    ],
    [
      0.3691539707759727,
      0.1329465728155562,
      0.30014180714165234,
      0.03428072019799419,
      0.16080048279944448,
      0.0026764462693802046
    ],
    [
      0.7788062898054928,
      0.14503157576234552,
      0.01090598848113928,
      0.015326598827922562,
      0.04910408702385269,
      0.0008254600992471294
    ],
    [
      0.7699770704657536,
      0.15817554429328784,
      0.007568378290074848,
      0.01666675674800144,
      0.04704546474245827,
      0.0005667854604240653
    ],
    [
      0.779520562685816,
      0.15516020819702192,
      0.007112115580151954,
      0.015503010099219552,
      0.0421752924605387,
      0.0005288109772518842
    ],
    [
      0.7893727689371878,
      0.12573824043206164,
      0.02895426600509491,
      0.014601524483289791,
      0.040824796388564205,
      0.0005084037538017008
    ],
    [
      0.9910316944735873,
      0.0029964151806348774,
      0.0005171410657865288,
      0.0005368979231616252,
      0.0044021784571550236,
      0.0005156728996746879
    ]
  ],
  [
    [
      0.9842671283502683,
      0.005281939948050052,
      0.0008053454950835249,
      0.0008850283640068838,
      0.007891332072833898,
      0.0008692257697573801
    ],
    [
      0.7841156174138995,
      0.13256118681859902,
      0.026384620613728833,
      0.015255207679508276,
      0.04114900830340126,
      0.0005343591708631006
    ],
    [
      0.12226469227888202,
      0.13880388758203968,
      0.022426282624530502,
      0.014116394062815976,
      0.7008486309492279,
      0.0015401125025039546
    ],
    [
      0.16111813280036513,
      0.1742160647423821,
      0.006232958801543968,
      0.015699008061789442,
      0.6401474146875543,
      0.002586420906365042
    ],
    [
      0.7816488836875248,
      0.14453426784193038,
      0.010857738784863761,
      0.015226050824515685,
      0.04693446848810083,
      0.0007985903730643768
    ],
    [
      0.149611574512738,
      0.11987503953015229,
      0.16204717249966677,
      0.019167284878673883,
      0.5471951148141853,
      0.0021038137645839265
    ],
    [
      0.7794464569633041,
      0.14569282467798217,
      0.01077305865929069,
      0.015306458791258158,
      0.047993739062854306,
      0.0007874618453106422
    ],
    [
      0.7773920517713586,
      0.1488015642601985,
      0.008618252640606958,
      0.016043568725305078,
      0.04849107399515567,
      0.0006534886073751099
    ],
    [
      0.7745583918627816,
      0.15298751996937754,
      0.007555334877473329,
      0.015558956134593275,
      0.04872920923987332,
      0.0006105879159009749
    ],
    [
      0.7796903564475449,
      0.15003346267561063,
      0.007485335566718392,
      0.01663043786904167,
      0.045583592793177675,
      0.0005768146479067389
    ],
    [
      0.7723869606418469,
      0.156607654875148,
      0.007696733610997118,
      0.015807477469483106,
      0.046920141295109644,
      0.0005810321074152939
    ],
    [
      0.7744167475058731,
      0.15559093032164395,
      0.006932589198021362,
      0.017022719126058836,
      0.04552016242566872,
      0.0005168514227339991
    ],
    [
      0.7895395168387844,
      0.1424054088598947,
      0.007873721301727362,
      0.015103459999068168,
      0.044462109800678745,
      0.0006157831998466826
    ],
    [
      0.7558452245792436,
      0.1390119728205028,
      0.022743049604123263,
      0.016399896197792273,
      0.0651834290118889,
      0.000816427786449148
    ],
    [
      0.7777572227403281,
      0.1532669435331565,
      0.004828587570996896,
      0.01584749501491739,
      0.047602623472007895,
      0.0006971276685932373
    ],
    [
      0.7019319330707994,
      0.19575275499102893,
      0.009617618808743166,
      0.01557661575913387,
      0.0747066459490428,
      0.002414431421251832
    ],
    [
      0.5087350049126027,
      0.26859051706277176,
      0.0062293842026358995,
      0.03521524955169532,
      0.1777008599272998,
      0.0035289843429946468
    ],
    [
      0.12871216586325096,
      0.1850087708307364,
      0.014702279122489764,
      0.01914830973112733,
      0.6516473500727591,
      0.0007811243796365159
    ],
    [
      0.774809803666219,
      0.15214051292426134,
      0.007711047705404902,
      0.016345326006210897,
      0.04839616037636453,
      0.0005971493215393732
    ],
    [
      0.13358076954887357,
      0.10457938489541561,
      0.007771112902172327,
      0.012553302904374921,
      0.7389567064660234,
      0.0025587232831402506
    ],
    [
      0.7798951281441395,
      0.14937863024488016,
      0.007494227756136633,
      0.016653137609131986,
      0.0459978355573058,
      0.0005810406884059025
    ],
    [
      0.111744780423696,
      0.130289527530307,
      0.006393579968473921,
      0.013418520214087968,
      0.7367757017517794,
      0.0013778901116557754
    ],
    [
      0.7737043171062361,
      0.15719598474411095,
      0.0069833414608582636,
      0.016944676311745704,
      0.044629211942786656,
      0.0005424684342623094
    ],
    [
      0.07945739140627463,
      0.10922204895021165,
      0.012371033328392256,
      0.012012252841239583,
      0.7859646987794042,
      0.0009725746944777453
    ],
    [
      0.767934539576636,
      0.15890018393114136,
      0.007232991438982206,
      0.015851025264414297,
      0.04952919922179508,
      0.0005520605670309932
    ],
    [
      0.766999804490559,
      0.16082832186601542,
      0.004679806484991311,
      0.016422175724175408,
      0.05037526879689877,
      0.000694622637360094
    ],
    [
      0.42621643856291663,
      0.28422815457860207,
      0.024526676151251002,
      0.03598161718696016,
      0.22591608878734068,
      0.0031310247329295257
    ],
    [
      0.7202492999278632,
      0.19580697892720222,
      0.0033921731018358124,
      0.019127319387465692,
      0.06064485481094826,
      0.000779373844684772
    ],
    [
      0.13163829330040977,
      0.16428282272093858,
      0.007328797293304261,
      0.016510072670805984,
      0.6787850079674471,
      0.0014550060470942623
    ],
    [
      0.07860689882407865,
      0.11136072688518132,
      0.012175696251143887,
      0.01180055932293698,
      0.7851785375890902,
      0.0008775811275689787
    ],
    [
      0.7796789847615552,
      0.14876902378720194,
      0.00984935451990262,
      0.01554405877958668,
      0.04548492045319747,
      0.0006736576985561983
    ],
    [
      0.7321217997125461,
      0.13089606838912013,
      0.049581253641572925,
      0.012082127068396458,
      0.07275469693556279,
      0.002564054252801691
    ],
    [
      0.985160983147665,
      0.004882535593738929,
      0.0007285417477145491,
      0.0008353544070632991,
      0.007593185041111414,
      0.0007994000627067764
    ],
    [
      0.7790900574756043,
      0.1406482600923648,
      0.015937094408790663,
      0.015360099515314345,
      0.04818835504982425,
      0.0007761334581016779
    ],
    [
      0.12681377139601543,
      0.1801999511454501,
      0.017688772853473648,
      0.018944791461845002,
      0.6553048665474689,
      0.0010478465957470162
    ],
    [
      0.11416249405602666,
      0.12948155757727312,
      0.006907558651513442,
      0.013531225825791759,
      0.7342583255536522,
      0.0016588383357427827
    ],
    [
      0.7792111123273133,
      0.15378230722691005,
      0.006904855488937598,
      0.015945986928126505,
      0.04364211541699633,
      0.0005136226117162765
    ],
    [
      0.7893537987812235,
      0.14672969985092066,
      0.007148369431311828,
      0.014802559156487809,
      0.041437869490867155,
      0.0005277032891890713
    ],
    [
      0.14472745943593132,
      0.0791949990722331,
      0.021046822350257587,
      0.011015678418936694,
      0.7409641307442048,
      0.003050909978436601
    ],
    [
      0.9906754224983368,
      0.0031173999077246106,
      0.000524308143034757,
      0.0005446898369206483,
      0.004604918910647338,
      0.0005332607033358195
    ]
  ],
  [
    [
      0.9843267572773262,
      0.005269586611329385,
      0.0008061009360671319,
      0.0008817430068147384,
      0.007851837109494315,
      0.0008639750589682676
    ],
    [
      0.7412519097142967,
      0.13638648660023267,
      0.05814367073788088,
      0.017892861095926763,
      0.04568831652225275,
      0.0006367553294103158
    ],
    [
      0.7808556776293964,
      0.15172736956846433,
      0.00857506278304162,
      0.015423079105320205,
      0.042779296521871124,
      0.000639514391906266
    ],
    [
      0.7732634796913931,
      0.15674231393815707,
      0.008034090819293052,
      0.016850278555666898,
      0.04451434220400932,
      0.0005954947914805627
    ],
    [
      0.7698974605153814,
      0.1590621564023024,
      0.007639182821593838,
      0.016778910839288983,
      0.04602193768086327,
      0.0006003517405701026
    ],
    [
      0.12257163964403066,
      0.187018805605186,
      0.016117258979489294,
      0.019049929866409045,
      0.6544035266658842,
      0.0008388392390008795
    ],
    [
      0.40774199810999157,
      0.36392177004340487,
      0.005987728884596168,
      0.03943314963293162,
      0.17928832263148398,
      0.0036270306975918565
    ],
    [
      0.7746352071335323,
      0.1541657415562693,
      0.008627127474879233,
      0.0156144550116397,
      0.04629514810241542,
      0.0006623207212641298
    ],
    [
      0.2054670139562549,
      0.14209210422524562,
      0.004806779240239198,
      0.018016100602608356,
      0.6271619562527966,
      0.0024560457228554045
    ],
    [
      0.07842342176208816,
      0.11059548136745054,
      0.012020272635116019,
      0.012133608392076108,
      0.786028093576786,
      0.0007991222664831298
    ],
    [
      0.07741754434464657,
      0.11033978058561163,
      0.012032545302377497,
      0.012084919605958679,
      0.7873145006280844,
      0.0008107095333212405
    ],
    [
      0.7619191298058272,
      0.1648331363573008,
      0.006786020518481015,
      0.017885580101696035,
      0.04811359180849327,
      0.00046254140820174716
    ],
    [
      0.7803736415579972,
      0.15129257181473296,
      0.006235311310121377,
      0.01677835049930381,
      0.044911708433367545,
      0.0004084163844772328
    ],
    [
      0.7921578684206367,
      0.14232876627198945,
      0.0038346022435960334,
      0.015627059628526736,
      0.045550567817516305,
      0.0005011356177346989
    ],
    [
      0.7843907862376728,
      0.1490208505536428,
      0.0037271766490675497,
      0.016555983335082822,
      0.0458194174911339,
      0.00048578573340020414
    ],
    [
      0.7681024270579777,
      0.16027951754304148,
      0.006818611900212721,
      0.016691741814557005,
      0.047635782267527835,
      0.0004719194166832134
    ],
    [
      0.7787812630954841,
      0.1494013590592201,
      0.008409163299005356,
      0.0163293680644118,
      0.04650277012426822,
      0.0005760763576104108
    ],
    [
      0.12233680058584503,
      0.13646540536836066,
      0.021929036871401252,
      0.014615344436221206,
      0.7033113991814985,
      0.001342013556673372
    ],
    [
      0.7736840308154036,
      0.1530081670476544,
      0.006597564134892377,
      0.019913738900747414,
      0.046337553476147667,
      0.00045894562515448286
    ],
    [
      0.7783086469129876,
      0.15240270584776247,
      0.006270211382645451,
      0.016851967605141162,
      0.04574203546260992,
      0.0004244327888534498
    ],
    [
      0.7617291173121414,
      0.16523169125324455,
      0.006777391259435014,
      0.017921085678802913,
      0.04788212660106356,
      0.00045858789531258036
    ],
    [
      0.7683125429198091,
      0.1573667782444672,
      0.007525309078200929,
      0.016722826716088823,
      0.049556244610723735,
      0.0005162984307101744
    ],
    [
      0.7617884637224239,
      0.16555800807232493,
      0.006791499957837567,
      0.017867666383346935,
      0.04752928205902364,
      0.00046507980504296065
    ],
    [
      0.7788992702466194,
      0.15242456046776823,
      0.006275305058917065,
      0.0168557841467125,
      0.04511826443946993,
      0.0004268156405129433
    ],
    [
      0.7791228680536422,
      0.15234139900634835,
      0.006270003914801042,
      0.016872488962819048,
      0.04496888781882783,
      0.00042435224356154964
    ],
    [
      0.7618420192645075,
      0.1658300631532974,
