{
  "prediction": [
    [
      [
        0.9878931247207327,
        0.0062709530149533035,
        0.0006802866729586039,
        0.0008511167187093318,
        0.0038101540703550257,
        0.000494364802291006
      ],
      [
        0.9841050236116924,
        0.008263165444261695,
        0.0008964062264187047,
        0.001121507088683668,
        0.005020597886221784,
        0.0005932997427217378
      ],
      [
        0.9880006824822466,
        0.006212870994120952,
        0.000673985808541898,
        0.0008432336140410366,
        0.003774864147505798,
        0.0004943629535437646
      ],
      [
        0.9881876719702957,
        0.006111895228286503,
        0.0006630317370275421,
        0.0008295288131469386,
        0.0037135125117522005,
        0.0004943597394911907
      ],
      [
        0.9877878893610279,
        0.0063277809208956825,
        0.0006864514882542311,
        0.0008588296103099332,
        0.0038446820083924823,
        0.0004943666111198459
      ],
      [
        0.9879035356743487,
        0.006265331019698845,
        0.0006796767866402203,
        0.0008503536809155284,
        0.0038067382150534126,
        0.0004943646233432341
      ],
      [
        0.9854173784158706,
        0.007585225839151609,
        0.0008228618580703089,
        0.0010294946416427627,
        0.004608690104469045,
        0.0005363491407956083
      ],
      [
        0.9827833117481027,
        0.00898370637813013,
        0.0009745720799122658,
        0.0012193015441464205,
        0.005458389712358866,
        0.0005807185373496775
      ],
      [
        0.983313390532209,
        0.008702032997821898,
        0.0009440155367052014,
        0.001181071800975957,
        0.0052872484242750695,
        0.0005722407080128805
      ],
      [
        0.9872118283021095,
        0.006632054131896032,
        0.0007194597104316702,
        0.0009001266853031989,
        0.004029554676171769,
        0.0005069764940877722
      ],
      [
        0.9838325280906994,
        0.008410314621631287,
        0.0009123692904159401,
        0.0011414787141614774,
        0.005110003920004406,
        0.0005933053630874253
      ],
      [
        0.9850983676058164,
        0.007752552664202778,
        0.0008410138373371529,
        0.0010522048513907881,
        0.004710355829284405,
        0.0005455052119685001
      ],
      [
        0.9850983676058164,
        0.007752552664202778,
        0.0008410138373371529,
        0.0010522048513907881,
        0.004710355829284405,
        0.0005455052119685001
      ],
      [
        0.9807722799590112,
        0.010272911387661808,
        0.0008326953823017705,
        0.0014431780994709957,
        0.005916069833859852,
        0.0007628653376944136
      ],
      [
        0.978905613443799,
        0.011297049307216155,
        0.0009157093288133008,
        0.0015870529330565145,
        0.006505860908945385,
        0.0007887140781696117
      ],
      [
        0.9840928999702472,
        0.00829537005099945,
        0.0008998998524623582,
        0.001125878015901366,
        0.005040165009935429,
        0.0005457871004541538
      ],
      [
        0.9819754866735704,
        0.009406359084085509,
        0.0010204223681325286,
        0.0012766655179138173,
        0.005715188308059145,
        0.0006058780482385976
      ],
      [
        0.9840092361042818,
        0.008338282222223846,
        0.0009045550584768291,
        0.0011317022130015691,
        0.005066237918386271,
        0.0005499864836297021
      ],
      [
        0.9847102165842024,
        0.007967098125903745,
        0.0008642881973891086,
        0.0010813237475045818,
        0.004840711018077384,
        0.0005363623269228139
      ],
      [
        0.9847361413194238,
        0.007945748557398375,
        0.0008619721495901556,
        0.0010784261058464765,
        0.004827739282338481,
        0.0005499725854027086
      ],
      [
        0.9854173784158706,
        0.007585225839151609,
        0.0008228618580703089,
        0.0010294946416427627,
        0.004608690104469045,
        0.0005363491407956083
      ],
      [
        0.9822348021786667,
        0.009271031449278865,
        0.0010057417308797147,
        0.0012582983555044234,
        0.005632964898417814,
        0.0005971613872525082
      ],
      [
        0.9839785397278177,
        0.00835485847026739,
        0.0009063532860516154,
        0.001133952002118102,
        0.005076309443209326,
        0.0005499870705359439
      ],
      [
        0.982078065925089,
        0.009352826583269256,
        0.0010146150455790659,
        0.00126939989077064,
        0.0056826626177222915,
        0.0006024299375698523
      ],
      [
        0.9842748457597044,
        0.008197118096727985,
        0.0008892412659726119,
        0.001112542900692098,
        0.004980468328650289,
        0.0005457836482526356
      ],
      [
        0.9791769330406483,
        0.011151744732681355,
        0.0009039313192815752,
        0.0015666399876111332,
        0.006422181416570943,
        0.0007785695032065865
      ],
      [
        0.9803283305549869,
        0.010509692877096962,
        0.000851888271778457,
        0.0014764420737250086,
        0.006052429992533678,
        0.0007812162298788918
      ],
      [
        0.9809414236175311,
        0.01017881119597904,
        0.0008250678663882132,
        0.0014299585426513289,
        0.0058618784479550256,
        0.0007628603294952772
      ],
      [
        0.9853868940577748,
        0.007601578872418011,
        0.0008246358708187785,
        0.001031714135231928,
        0.004618626006733671,
        0.0005365510570227506
      ],
      [
        0.9803030922361662,
        0.010279122876569438,
        0.0011151016896410548,
        0.0013951202174620272,
        0.006245468874419903,
        0.0006620941057414554
      ],
      [
        0.9855961565389033,
        0.00748857568409258,
        0.0008123770382559591,
        0.0010163769284912796,
        0.00454996665672187,
        0.0005365471535349672
      ],
      [
        0.9875604834636964,
        0.006443777737871548,
        0.0006990350761883352,
        0.0008745731232990768,
        0.003915160250422831,
        0.0005069703485219159
      ],
      [
        0.9879448285510155,
        0.006243032547798408,
        0.000677257799729453,
        0.000847327250612052,
        0.0037931899372603004,
        0.0004943639135842101
      ],
      [
        0.9876085738822663,
        0.006417808552289127,
        0.0006962178822439406,
        0.0008710484902859192,
        0.003899381692057822,
        0.0005069695008567528
      ],
      [
        0.988034303933276,
        0.006187911141715462,
        0.0006712781092639764,
        0.0008398459714246475,
        0.0037596988475886296,
        0.0005069619967313197
      ],
      [
        0.988034303933276,
        0.006187911141715462,
        0.0006712781092639764,
        0.0008398459714246475,
        0.0037596988475886296,
        0.0005069619967313197
      ],
      [
        0.9882324753993005,
        0.006087701031045955,
        0.0006604070976933884,
        0.0008262450880547433,
        0.0036988124145141527,
        0.0004943589693913427
      ],
      [
        0.987668415797613,
        0.006392297566663617,
        0.0006934503948311518,
        0.0008675860458496668,
        0.00388388153036182,
        0.0004943686646808133
      ],
      [
        0.9844314654633276,
        0.008086884932376253,
        0.000877282931657601,
        0.0010975816517539746,
        0.004913492011200399,
        0.0005932930096841628
      ],
      [
        0.9880006824822466,
        0.006212870994120952,
        0.000673985808541898,
        0.0008432336140410366,
        0.003774864147505798,
        0.0004943629535437646
      ]
    ],
    [
      [
        0.9844081152643425,
        0.008099494176592668,
        0.0008786508099969941,
        0.0010992930245767797,
        0.004921153233196594,
        0.0005932934912944906
      ],
      [
        0.7996513747950229,
        0.12791749558449408,
        0.024193856878607985,
        0.013852936859776338,
        0.03397153608617017,
        0.0004127997959285122
      ],
      [
        0.7230410806331175,
        0.1927739262322932,
        0.01304125311201539,
        0.018721259912215592,
        0.05166153110308696,
        0.0007609490072714646
      ],
      [
        0.7560186992444973,
        0.10216013651687503,
        0.08868589307378955,
        0.01354520149881561,
        0.03883553086968797,
        0.0007545387963345849
      ],
      [
        0.7244216493758849,
        0.19059262238740304,
        0.013482524597109528,
        0.01818416589502281,
        0.052558078592724454,
        0.0007609591518552751
      ],
      [
        0.6125461405651348,
        0.1364841365429384,
        0.16599393392136105,
        0.021565520088013164,
        0.06188281675417225,
        0.0015274521283803234
      ],
      [
        0.6721127783139348,
        0.2060928411514611,
        0.042486867563708626,
        0.02102783698705456,
        0.057676481762301224,
        0.0006031942215397373
      ],
      [
        0.2148184759996471,
        0.1445471747568777,
        0.16334959364364948,
        0.020690018105247423,
        0.45370912833493515,
        0.0028856091596432053
      ],
      [
        0.12757497153294195,
        0.20594722335039117,
        0.02612978224450686,
        0.023104895380405197,
        0.6165051546867986,
        0.0007379728049562221
      ],
      [
        0.6025176318569606,
        0.1389224437753541,
        0.16766235245639388,
        0.02154551615788193,
        0.06754061654673969,
        0.0018114392066698054
      ],
      [
        0.7204365268284224,
        0.189496495496811,
        0.015430045106893256,
        0.01974310965320319,
        0.054092365574128956,
        0.0008014573405411507
      ],
      [
        0.9846811963121664,
        0.007977827980349758,
        0.000865452195423379,
        0.0010827800426620392,
        0.004847230345920267,
        0.0005455131234781782
      ],
      [
        0.1327472918462979,
        0.11689631144233606,
        0.13984112575815097,
        0.02188240858873892,
        0.5869294459459455,
        0.0017034164185305324
      ],
      [
        0.7493124745603299,
        0.12340874184981673,
        0.06240156560652491,
        0.01692738567602647,
        0.047180886241773,
        0.0007689460655289179
      ],
      [
        0.735852835520015,
        0.13189920711728836,
        0.06302704865059137,
        0.019747045644946264,
        0.04869795614722867,
        0.0007759069199303479
      ],
      [
        0.5945809873305773,
        0.13544547840364926,
        0.18436814022691042,
        0.02063213796329676,
        0.06341462423930018,
        0.0015586318362660113
      ],
      [
        0.6068400751451409,
        0.2778928778776675,
        0.026074093714675117,
        0.021665700575428548,
        0.06656058227387257,
        0.0009666704132153934
      ],
      [
        0.1253623306558751,
        0.2022559010937745,
        0.032826358196103154,
        0.020109131767262627,
        0.6186763331407783,
        0.0007699451462063344
      ],
      [
        0.6812071509229224,
        0.13048699212815876,
        0.11531392460129024,
        0.01966297788785087,
        0.052577461341561674,
        0.0007514931182160743
      ],
      [
        0.6078378373409886,
        0.16324585445993398,
        0.08067723695346571,
        0.06136264989874678,
        0.08389290675009892,
        0.0029835145967660186
      ],
      [
        0.19514211735038187,
        0.19711703162043245,
        0.09842346805465466,
        0.024938066135183123,
        0.48207685792986343,
        0.0023024589094843917
      ],
      [
        0.6865199607753312,
        0.12770264055712316,
        0.11408643594962425,
        0.01974849177168273,
        0.05125993713102349,
        0.0006825338152152832
      ],
      [
        0.12597562747322028,
        0.20005968669536864,
        0.03522951977858425,
        0.01995596762368764,
        0.6180483679445893,
        0.0007308304845498727
      ],
      [
        0.6009811073907049,
        0.13067244298473563,
        0.17697931858823648,
        0.020900327097809392,
        0.06895605117929557,
        0.0015107527592179459
      ],
      [
        0.6719738351262708,
        0.12252966416979638,
        0.12874736156002753,
        0.021104408078925448,
        0.05504094917738536,
        0.0006037818875943982
      ],
      [
        0.6635987726359235,
        0.22008394814538207,
        0.026681593587366506,
        0.024088472578453465,
        0.06472949390511533,
        0.000817719147759159
      ],
      [
        0.7495916258521375,
        0.12268002407667707,
        0.0620870539176494,
        0.016803523743552283,
        0.04806883502129748,
        0.0007689373886863809
      ],
      [
        0.7824886480862959,
        0.14043578860965555,
        0.01484972526249724,
        0.015751634903382616,
        0.045914384521664284,
        0.0005598186165044757
      ],
      [
        0.0744485406441191,
        0.12294430823815171,
        0.02181058728206935,
        0.013321042210443057,
        0.766825359370811,
        0.0006501622544059024
      ],
      [
        0.0795043181243174,
        0.13073303283808302,
        0.02054533727738305,
        0.014036410854523063,
        0.7544557831020091,
        0.0007251178036843347
      ],
      [
        0.06931530094716243,
        0.12120823867757144,
        0.026425936987640192,
        0.012911561960279025,
        0.7695980856307689,
        0.0005408757965779129
      ],
      [
        0.7979276221414929,
        0.1305573505460062,
        0.022765297590684578,
        0.013277084840323023,
        0.035046044475280994,
        0.0004266004062122904
      ],
      [
        0.7976564529347133,
        0.1304215513298454,
        0.023877678986019873,
        0.013350084189218046,
        0.034281449121134545,
        0.0004127834390689273
      ],
      [
        0.7979276221414929,
        0.1305573505460062,
        0.022765297590684578,
        0.013277084840323023,
        0.035046044475280994,
        0.0004266004062122904
      ],
      [
        0.07255339188908873,
        0.12385910192180599,
        0.024382379067551252,
        0.01302496689889631,
        0.7656271766844842,
        0.0005529835381734209
      ],
      [
        0.7962148356616582,
        0.13046195833220947,
        0.025361999353987207,
        0.013352210145289194,
        0.03419621290697778,
        0.0004127835998781488
      ],
      [
        0.7960853653725182,
        0.13037978868680958,
        0.022943850561158177,
        0.015290757633447451,
        0.034881751980941116,
        0.0004184857651254235
      ],
      [
        0.7986742634559675,
        0.13032057254313625,
        0.022866551080039797,
        0.013169139827892947,
        0.03455098723621009,
        0.00041848585675343893
      ],
      [
        0.7971693299651084,
        0.12970501394069184,
        0.02415815781120351,
        0.013052318450709598,
        0.03549668366756823,
        0.0004184961647185473
      ],
      [
        0.9844314654633276,
        0.008086884932376253,
        0.000877282931657601,
        0.0010975816517539746,
        0.004913492011200399,
        0.0005932930096841628
      ]
    ],
    [
      [
        0.9878292165365848,
        0.006305463927329951,
        0.0006840304920727788,
        0.0008558006661781835,
        0.0038311224770629063,
        0.0004943659007712783
      ],
      [
        0.7532790467466616,
        0.10028036940287698,
        0.09225501815838237,
        0.013780474678305758,
        0.039623808267337114,
        0.0007812827464362078
      ],
      [
        0.15900991387469654,
        0.2605667593395289,
        0.0033016408914265083,
        0.021899242013811875,
        0.5541397402996505,
        0.0010827035808856824
      ],
      [
        0.7192221267683647,
        0.20479675157559793,
        0.0033683070536558385,
        0.01876945879763318,
        0.05310145015526187,
        0.000741905649486484
      ],
      [
        0.6721221433778966,
        0.2370238644608731,
        0.012994534429824916,
        0.01792729715577683,
        0.059308109777382996,
        0.0006240507982456151
      ],
      [
        0.61839320176974,
        0.2911934229846993,
        0.002650601393295123,
        0.021406553499880875,
        0.06551182895948529,
        0.000844391392899476
      ],
      [
        0.6361295764087165,
        0.2158995267082572,
        0.011369403885337928,
        0.02214588789316035,
        0.11340994148801394,
        0.0010456636165141417
      ],
      [
        0.5649983237137083,
        0.27838930271098905,
        0.01641281187492412,
        0.039477579333723256,
        0.09759893304049574,
        0.0031230493261595557
      ],
      [
        0.6079663957042835,
        0.28956008391052707,
        0.008387139226900963,
        0.022008395574134414,
        0.07095476097446655,
        0.00112322460968756
      ],
      [
        0.29918583614501315,
        0.18934783326482962,
        0.03260897036311224,
        0.0189870164100937,
        0.45742793352684413,
        0.002442410290107104
      ],
      [
        0.9836474170451621,
        0.008533837471215172,
        0.0009257693187971787,
        0.0011582436878700623,
        0.005185054887058638,
        0.0005496775898969343
      ],
      [
        0.6273136387038244,
        0.14169131284586553,
        0.14994231979604453,
        0.019786070205015563,
        0.05968599145434109,
        0.0015806669949089691
      ],
      [
        0.7721644275375311,
        0.15865991157836362,
        0.010491030364990125,
        0.015852879685704882,
        0.04232867259784659,
        0.0005030782355636541
      ],
      [
        0.6912449129703734,
        0.22834036290985518,
        0.004178771138344905,
        0.019641275552948787,
        0.05586128705224115,
        0.0007333903762366494
      ],
      [
        0.2037914450385374,
        0.2903789901341761,
        0.004922791868040224,
        0.022118171856777828,
        0.4754308270698241,
        0.003357774032644317
      ],
      [
        0.2229704021937493,
        0.2841884809698811,
        0.007363176308489309,
        0.024343454529069487,
        0.4580085094904725,
        0.0031259765083382863
      ],
      [
        0.38633434887800916,
        0.4362730402581084,
        0.004348607435440931,
        0.04089468462592552,
        0.12949553329134583,
        0.0026537855111701874
      ],
      [
        0.7066041833608475,
        0.2107345137311128,
        0.0027985819963331038,
        0.019427162258037214,
        0.05942179942640293,
        0.0010137592272663595
      ],
      [
        0.7589163502243741,
        0.16950915075838224,
        0.006608384611228616,
        0.016529379139826283,
        0.047770398064543286,
        0.0006663372016454292
      ],
      [
        0.6078527885389452,
        0.25122319254920517,
        0.005019395592390706,
        0.05730548313030849,
        0.07627231707469441,
        0.0023268231144560956
      ],
      [
        0.1883292478184196,
        0.1918266575280843,
        0.006769058353406195,
        0.021715624313756395,
        0.5896444299660696,
        0.0017149820202638241
      ],
      [
        0.6274388268284525,
        0.26682349667700794,
        0.004947942943525549,
        0.025900340933165754,
        0.0727279254431359,
        0.0021614671747122827
      ],
      [
        0.6174308266084171,
        0.27953380460612326,
        0.00448879786816838,
        0.02500814489630053,
        0.07157747371860608,
        0.001960952302384612
      ],
      [
        0.33617323428764956,
        0.4748643363530775,
        0.005459054107599526,
        0.03999077952876609,
        0.13994270996726893,
        0.00356988575563832
      ],
      [
        0.6244976889527964,
        0.27423404728603185,
        0.004451629750287447,
        0.024893434975845907,
        0.06997843202432767,
        0.0019447670107106778
      ],
      [
        0.13955187548841141,
        0.18650931411345026,
        0.0038759187353574654,
        0.018811505767611897,
        0.6500638881561468,
        0.001187497739022161
      ],
      [
        0.7549401625505312,
        0.16838600717529184,
        0.0019708236228913006,
        0.019623079222106158,
        0.0542770322828296,
        0.0008028951463498129
      ],
      [
        0.1562111136890715,
        0.1715993519937839,
        0.004312950415935863,
        0.024776455503090395,
        0.6418470612758939,
        0.0012530671222244787
      ],
      [
        0.10931669339536541,
        0.1628627246948182,
        0.01208666744732843,
        0.02142014914869918,
        0.6933634889963209,
        0.000950276317467871
      ],
      [
        0.6950781852860796,
        0.22141986979241543,
        0.004559223501223777,
        0.018928293758938182,
        0.05919140310697125,
        0.0008230245543718379
      ],
      [
        0.11108511778799422,
        0.16692088210296596,
        0.011971192951717946,
        0.019907588441341113,
        0.6892113929398975,
        0.0009038257760832484
      ],
      [
        0.7942347024497586,
        0.14566788745698567,
        0.009124519501178678,
        0.014284513115296759,
        0.03625394445643173,
        0.0004344330203485137
      ],
      [
        0.789250372418938,
        0.1497382317534267,
        0.009234303528777183,
        0.014307655905168078,
        0.037029846600324615,
        0.00043958979336546365
      ],
      [
        0.10122309104287873,
        0.1299344038305163,
        0.07854558490394019,
        0.018765921363998003,
        0.6705658196247223,
        0.0009651792339444778
      ],
      [
        0.7863050047031375,
        0.1503308453452809,
        0.009747543824960214,
        0.014172941492303569,
        0.038984376530251046,
        0.0004592881040668231
      ],
      [
        0.7863050047031375,
        0.1503308453452809,
        0.009747543824960214,
        0.014172941492303569,
        0.038984376530251046,
        0.0004592881040668231
      ],
      [
        0.79216504037859,
        0.14769229694585284,
        0.009108318374558957,
        0.014250031650915783,
        0.03634988127402041,
        0.00043443137606202276
      ],
      [
        0.7889689311835877,
        0.1501317512638058,
        0.009255832474951261,
        0.014359631376565455,
        0.03684426169516497,
        0.0004395920059248572
      ],
      [
        0.7986742634559675,
        0.13032057254313625,
        0.022866551080039797,
        0.013169139827892947,
        0.03455098723621009,
        0.00041848585675343893
      ],
      [
        0.9878131221954783,
        0.006314154995666424,
        0.0006849733181390842,
        0.0008569802498151487,
        0.003836403063493546,
        0.0004943661774074625
      ]
    ],
    [
      [
        0.9880389082133779,
        0.006185424796035827,
        0.0006710083850567962,
        0.0008395085154795331,
        0.0037581881744757906,
        0.0005069619155740338
      ],
      [
        0.8004682023712749,
        0.12949867842968207,
        0.021454878827038604,
        0.013345475221359721,
        0.034806162413213146,
        0.00042660273743158383
      ],
      [
        0.7169650790122749,
        0.20338589890671904,
        0.003392297615367163,
        0.020478705561025178,
        0.05503754663646269,
        0.0007404722681510261
      ],
      [
        0.6750648857270007,
        0.2290505382741281,
        0.01390535049448179,
        0.02064053220494633,
        0.060653933993278564,
        0.0006847593061645104
      ],
      [
        0.6705623766715911,
        0.232913266450157,
        0.012997280368352068,
        0.021752550734333857,
        0.06114449095681647,
        0.0006300348187493563
      ],
      [
        0.22249953070092163,
        0.27554443342418805,
        0.006872851601097941,
        0.02607787924661906,
        0.46608584844745393,
        0.002919456579719444
      ],
      [
        0.6086224481164826,
        0.29329428506817523,
        0.0032876231145902136,
        0.02307052518565248,
        0.07067786093410638,
        0.0010472575809930523
      ],
      [
        0.31956913948028925,
        0.16043341446694512,
        0.3622940633720718,
        0.03271622386193243,
        0.11961490575333897,
        0.005372253065422405
      ],
      [
        0.9711694886819374,
        0.015045629089903784,
        0.0016321826892552545,
        0.0020420479042629115,
        0.009141539536534984,
        0.0009691120981055993
      ],
      [
        0.9783381976583128,
        0.011304532197028627,
        0.0012263403312594082,
        0.0015342925273297784,
        0.0068684949897186865,
        0.000728142296350785
      ],
      [
        0.9828952962247821,
        0.008926342854466635,
        0.0009683491596369632,
        0.0012115159565463122,
        0.005423536339569243,
        0.0005749594649988414
      ],
      [
        0.6115236310396903,
        0.12760503545669932,
        0.17303514826839778,
        0.019312849486862026,
        0.06664977704891278,
        0.0018735586994377944
      ],
      [
        0.6532823149726139,
        0.20392553474959604,
        0.011290606104297342,
        0.021544135856910677,
        0.10893360604186238,
        0.0010238022747196237
      ],
      [
        0.6587812246145246,
        0.24016633632375767,
        0.009042302536687953,
        0.0228537999626221,
        0.06823457466301354,
        0.0009217618993940699
      ],
      [
        0.7632975423608883,
        0.16613435483956426,
        0.005834473346981806,
        0.01676703730312162,
        0.04739924139589789,
        0.0005673507535460719
      ],
      [
        0.6816043081655083,
        0.143529865353166,
        0.09565710232101497,
        0.020816394514341818,
        0.057597611348020154,
        0.0007947182979488354
      ],
      [
        0.7524705316215109,
        0.1740813975906692,
        0.0060345415123468985,
        0.016920612345547082,
        0.049886966447163436,
        0.0006059504827624322
      ],
      [
        0.1459953381243939,
        0.21445893732417676,
        0.003498490170245659,
        0.02288000228405166,
        0.6116019781963546,
        0.0015652539007773
      ],
      [
        0.6004350498168578,
        0.29444985522807476,
        0.00486293463119925,
        0.024435040569496146,
        0.07369280550308685,
        0.0021243142512851728
      ],
      [
        0.4035821972982236,
        0.40424975839558663,
        0.002559902310734284,
        0.034824704731869195,
        0.15316899129195558,
        0.0016144459716307211
      ],
      [
        0.4942742862692235,
        0.2893264537963404,
        0.007589970229480422,
        0.02968544132603568,
        0.17601632817689977,
        0.0031075202020202034
      ],
      [
        0.73862387193724,
        0.149046790675635,
        0.037440838449033134,
        0.018678732380121604,
        0.05520891026486292,
        0.0010008562931072584
      ],
      [
        0.6939147122498066,
        0.22456989244910364,
        0.004739228577548295,
        0.01945231163478272,
        0.056550337147580024,
        0.0007735179411788302
      ],
      [
        0.5336737505736769,
        0.3533268249779813,
        0.0043723960633944995,
        0.027289954158384356,
        0.07910432296190124,
        0.0022327512646616314
      ],
      [
        0.5356945887403285,
        0.3471916653777237,
        0.0043854328443988875,
        0.030084846940290677,
        0.08040405763849688,
        0.0022394084587613046
      ],
      [
        0.6509798367988414,
        0.22775923992207275,
        0.003264428316291543,
        0.04495277384363934,
        0.07116566327100338,
        0.0018780578481514775
      ],
      [
        0.2497159197666726,
        0.25176181141234416,
        0.004978432802865911,
        0.03160575402921476,
        0.45842158159265045,
        0.0035165003962522178
      ],
      [
        0.7068835909888399,
        0.20273075052612938,
        0.0018209853757651837,
        0.020363739548994335,
        0.06715872202270272,
        0.0010422115375684263
      ],
      [
        0.6971417023828921,
        0.21825173261829506,
        0.0045668678711486745,
        0.019247259626739677,
        0.05996608622147414,
        0.0008263512794504226
      ],
      [
        0.7045436696147984,
        0.21066631406670067,
        0.0021947476090391584,
        0.019587930606830294,
        0.062048661203342334,
        0.0009586768992891533
      ],
      [
        0.7817772643009964,
        0.15041936479720128,
        0.0059729491293395226,
        0.0167187357079115,
        0.04456012582448755,
        0.0005515602400637682
      ],
      [
        0.7880727336525669,
        0.1476108151562619,
        0.009586053836227647,
        0.015357459902978673,
        0.038920403532862,
        0.000452533919102876
      ],
      [
        0.7890402309653989,
        0.14693963648273936,
        0.009546480211401389,
        0.015257260100096657,
        0.0387638624939559,
        0.00045252974640785915
      ],
      [
        0.7855679184224,
        0.1501609641871517,
        0.009289537586762842,
        0.014839264715369935,
        0.03970137331777368,
        0.00044094177054187865
      ],
      [
        0.12452295027045976,
        0.21241586020210032,
        0.01282586722785351,
        0.021223655403040026,
        0.6282801545482287,
        0.0007315123483176337
      ],
      [
        0.12331396516233155,
        0.21143388491308743,
        0.012872423143341846,
        0.0200776444615629,
        0.6315582731499834,
        0.0007438091696929616
      ],
      [
        0.12399523906033144,
        0.211821679039632,
        0.012789707841431294,
        0.021128657547962094,
        0.629541707991469,
        0.0007230085191741332
      ],
      [
        0.7941770889387109,
        0.14577037739845652,
        0.009118872173431334,
        0.014277618783683653,
        0.03622161025668534,
        0.00043443244903233215
      ],
      [
        0.7969330410944608,
        0.13194583345998334,
        0.02294772845310078,
        0.013153300936196925,
        0.03460161198505593,
        0.0004184840712021473
      ],
      [
        0.9879035356743487,
        0.006265331019698845,
        0.0006796767866402203,
        0.0008503536809155284,
        0.0038067382150534126,
        0.0004943646233432341
      ]
    ],
    [
      [
        0.98586086646203,
        0.007345630493280706,
        0.0007968700318980799,
        0.0009969758834716513,
        0.004463114913564041,
        0.0005365422157556507
      ],
      [
        0.1345834579568677,
        0.17141134409043568,
        0.017494054144991767,
        0.01858026119464777,
        0.6562995808615985,
        0.0016313017514585884
      ],
      [
        0.7876244038266124,
        0.14914695987306117,
        0.009493161766381219,
        0.015433393702537839,
        0.03785055671295086,
        0.00045152411845651084
      ],
      [
        0.1330163690222798,
        0.2110911163971575,
        0.004026126040000493,
        0.019430690510487333,
        0.6315147106474184,
        0.0009209873826564478
      ],
      [
        0.7590708232347936,
        0.17031017086890438,
        0.01006912291700111,
        0.01641893796226513,
        0.04365940747050262,
        0.0004715375465332192
      ],
      [
        0.610579609683516,
        0.2881053202588032,
        0.005557108054684344,
        0.022709093045215987,
        0.07197549027253346,
        0.0010733786852469597
      ],
      [
        0.22915935664780096,
        0.2648393262838778,
        0.022289509508550794,
        0.021836136758793014,
        0.45829052420805577,
        0.00358514659292162
      ],
      [
        0.2513909688336421,
        0.26796226949616714,
        0.013810942269301784,
        0.022580245821500387,
        0.4405073838236682,
        0.003748189755720497
      ],
      [
        0.9731382799774376,
        0.014018186209660152,
        0.001520723442632092,
        0.0019025995922106586,
        0.00851727785527493,
        0.0009029329227845272
      ],
      [
        0.6019790756122296,
        0.13332073438330608,
        0.17079879979397813,
        0.021807951216817625,
        0.07027349508470379,
        0.0018199439089647486
      ],
      [
        0.6927779133530388,
        0.12651687992919658,
        0.10639519270135622,
        0.018651640856751497,
        0.05482526348046647,
        0.0008331096791903952
      ],
      [
        0.7807409431596828,
        0.1507895859123292,
        0.010908874927109145,
        0.014937780161052782,
        0.04206103794199071,
        0.0005617778978353829
      ],
      [
        0.7897824691505225,
        0.14682636424448656,
        0.009754279917997526,
        0.014378069199707586,
        0.03880626583250073,
        0.00045255165478500506
      ],
      [
        0.6248218590526691,
        0.2768051452295925,
        0.0028744389170525125,
        0.023825925831787276,
        0.07046979813897224,
        0.0012028328299265114
      ],
      [
        0.6739032106392122,
        0.22702921434161735,
        0.0038358874323923898,
        0.021200406845411475,
        0.07286872463489937,
        0.0011625561064671688
      ],
      [
        0.7614988404051563,
        0.1656053044158932,
        0.006070240465842516,
        0.016375424854883736,
        0.04984013972897831,
        0.000610050129246015
      ],
      [
        0.6638788509420654,
        0.2172045301904773,
        0.0036914397909393027,
        0.02159445513004019,
        0.09248568940758087,
        0.001145034538896793
      ],
      [
        0.6158255638912511,
        0.2370550045173959,
        0.004004374521987827,
        0.021379511584345014,
        0.11962401088092153,
        0.0021115346040986153
      ],
      [
        0.5442953657015995,
        0.2655654597022422,
        0.006558539235023745,
        0.023530480420738804,
        0.15659172020470938,
        0.0034584347356863554
      ],
      [
        0.6624102626074161,
        0.22183312807811856,
        0.0038243122186171785,
        0.022296463728597532,
        0.08847398951569635,
        0.0011618438515542111
      ],
      [
        0.24248867676153138,
        0.2657431891841663,
        0.005708268794282959,
        0.08837198109037567,
        0.39358497525928093,
        0.004102908910362866
      ],
      [
        0.6656917701089168,
        0.21284144766507349,
        0.0036707966085383925,
        0.025220054014779125,
        0.09144273019607974,
        0.0011332014066124702
      ],
      [
        0.17508950077532862,
        0.30327220178319886,
        0.005101674408477626,
        0.04202629936189027,
        0.4708433917025609,
        0.0036669319685438337
      ],
      [
        0.6290302759744671,
        0.2337625649512074,
        0.003503533558033246,
        0.024506237949460604,
        0.10734985237358062,
        0.001847535193250997
      ],
      [
        0.6466942562170453,
        0.2521230188871494,
        0.0025881437980621704,
        0.02148578346040764,
        0.07561974974043618,
        0.0014890478968992327
      ],
      [
        0.6744728707001416,
        0.22240782866330674,
        0.0036861054201365916,
        0.02052794298451228,
        0.07783434185957826,
        0.001070910372324567
      ],
      [
        0.6584804317552432,
        0.24122866287904793,
        0.002629106685252487,
        0.02151137012071327,
        0.07463793741804776,
        0.0015124911416954127
      ],
      [
        0.7040460020482682,
        0.20733521417586978,
        0.0018937280862534609,
        0.020597425935936525,
        0.06503822673389069,
        0.0010894030197813615
      ],
      [
        0.18672062583238164,
        0.3434380962820468,
        0.005840486901941764,
        0.019273612614136265,
        0.44052928107679246,
        0.004197897292700995
      ],
      [
        0.7840832585745926,
        0.149394076308533,
        0.005894198591597202,
        0.015565566239800597,
        0.04451498082079097,
        0.0005479194646856384
      ],
      [
        0.7859086191374933,
        0.14701755943480133,
        0.006212110633172812,
        0.017094310423590626,
        0.04316263050046416,
        0.0006047698704777598
      ],
      [
        0.7835862447715091,
        0.14900617615970968,
        0.010606595727191494,
        0.015766043717335594,
        0.04053683421087447,
        0.0004981054133796646
      ],
      [
        0.7840065457994073,
        0.1505527542927263,
        0.009766119011795145,
        0.014793835305208279,
        0.04042175603089116,
        0.0004589895599717996
      ],
      [
        0.7814938222400952,
        0.15391550610633598,
        0.009519951129284724,
        0.014845404575278172,
        0.03977360789523689,
        0.00045170805376907165
      ],
      [
        0.7746606335602931,
        0.15433582492345746,
        0.010346911190582892,
        0.016231396483313995,
        0.043944497464740974,
        0.0004807363776116323
      ],
      [
        0.1277009020733852,
        0.21115257115707362,
        0.0130014312755198,
        0.019147070973850707,
        0.6282190123603246,
        0.0007790121598461392
      ],
      [
        0.07696918865914461,
        0.1362645811048254,
        0.01267480522644332,
        0.013847714452489088,
        0.7595965716135453,
        0.0006471389435521658
      ],
      [
        0.7869645286324533,
        0.14959728797564717,
        0.009516010539168307,
        0.015484177870004865,
        0.037986468462090354,
        0.0004515265206360803
      ],
      [
        0.7969330410944608,
        0.13194583345998334,
        0.02294772845310078,
        0.013153300936196925,
        0.03460161198505593,
        0.0004184840712021473
      ],
      [
        0.9879035356743487,
        0.006265331019698845,
        0.0006796767866402203,
        0.0008503536809155284,
        0.0038067382150534126,
        0.0004943646233432341
      ]
    ],
    [
      [
        0.9857745805923294,
        0.007392225460190262,
        0.0008019247556282581,
        0.0010032999230952723,
        0.00449142544346359,
        0.0005365438252932823
      ],
      [
        0.16894341044124236,
        0.13839229382455734,
        0.09650517487900927,
        0.022885449766040462,
        0.5702166447325208,
        0.003057026356629748
      ],
      [
        0.6749700927260422,
        0.22841410495666706,
        0.014219054045830438,
        0.01924559015507006,
        0.06244026144811957,
        0.0007108966682706847
      ],
      [
        0.7235047195098292,
        0.1977495087436693,
        0.003268349953469749,
        0.01872335394044146,
        0.05603756880218565,
        0.000716499050404721
      ],
      [
        0.7933511536386431,
        0.14604881474575884,
        0.00912775504904689,
        0.014281277495869587,
        0.03675656573607944,
        0.0004344333346022667
      ],
      [
        0.2270322807244966,
        0.1377653661995335,
        0.08730161362369833,
        0.030313325141968807,
        0.5160795925155383,
        0.0015078217947643976
      ],
      [
        0.9744914467247799,
        0.013312016112546825,
        0.0014441165688821923,
