{
  "prediction": [
    [
      [
        0.987668415797613,
        0.006392297566663617,
        0.0006934503948311518,
        0.0008675860458496668,
        0.00388388153036182,
        0.0004943686646808133
      ],
      [
        0.982730494314038,
        0.009012347171039692,
        0.0009776790956518002,
        0.0012231887774942533,
        0.005475791506539486,
        0.0005804991352367701
      ],
      [
        0.9840092361042818,
        0.008338282222223846,
        0.0009045550584768291,
        0.0011317022130015691,
        0.005066237918386271,
        0.0005499864836297021
      ],
      [
        0.9822780566528198,
        0.009248458461675331,
        0.00100329296390619,
        0.0012552346669239519,
        0.005619249828253423,
        0.0005957074264213421
      ],
      [
        0.9842249026161334,
        0.008221820867271634,
        0.0008919210764489346,
        0.0011158956512163014,
        0.004995477428784112,
        0.0005499823601455474
      ],
      [
        0.9845572884996662,
        0.008048562893097265,
        0.0008731256731771231,
        0.0010923804441787294,
        0.004890208010571631,
        0.0005384344793091224
      ],
      [
        0.98458638697789,
        0.008032849514456968,
        0.0008714210515589007,
        0.0010902477668589862,
        0.004880660754605498,
        0.0005384339346296432
      ],
      [
        0.9843376329714673,
        0.008163212578620835,
        0.0008855631213504067,
        0.0011079411195515463,
        0.004959867752068801,
        0.0005457824569411552
      ],
      [
        0.9822478613161215,
        0.009264216345092446,
        0.0010050024134997584,
        0.0012573733845950615,
        0.005628824124775616,
        0.0005967224159155543
      ],
      [
        0.984173237182806,
        0.008249720545890524,
        0.0008949476944923165,
        0.0011196822978173098,
        0.005012428931019558,
        0.0005499833479743662
      ],
      [
        0.9851664529823145,
        0.007720727311127689,
        0.0008375613535587611,
        0.0010478853978696974,
        0.004691019135440522,
        0.000536353819688809
      ],
      [
        0.9878576009832256,
        0.006290136107208976,
        0.0006823676966844316,
        0.0008537203182732918,
        0.0038218094817200382,
        0.0004943654128876828
      ],
      [
        0.9881689877314322,
        0.006121984861388079,
        0.0006641262824527234,
        0.0008308982151178859,
        0.0037196428489654904,
        0.0004943600606436075
      ],
      [
        0.9815186716967564,
        0.009857669065207342,
        0.0007990369235264537,
        0.0013848432610668111,
        0.005676935815769786,
        0.0007628432376731121
      ],
      [
        0.9801794236430678,
        0.01061486323885935,
        0.0008604131067828482,
        0.0014912168106113028,
        0.006112996581805136,
        0.000741086618873625
      ],
      [
        0.9855752362167232,
        0.007499872802880451,
        0.0008136025743644091,
        0.001017910214843557,
        0.0045568306474151905,
        0.0005365475437732059
      ],
      [
        0.9853868940577748,
        0.007601578872418011,
        0.0008246358708187785,
        0.001031714135231928,
        0.004618626006733671,
        0.0005365510570227506
      ],
      [
        0.9874879880507799,
        0.006482925802868214,
        0.0007032819437419345,
        0.0008798864421111188,
        0.0039389461341374585,
        0.0005069716263614073
      ],
      [
        0.987396075681594,
        0.0065325591694238,
        0.0007086662796987371,
        0.0008866228644667887,
        0.003969102758362874,
        0.0005069732464536361
      ],
      [
        0.9880579811263592,
        0.006181929284344052,
        0.0006706291843175438,
        0.0008390340918258685,
        0.0037560643444823844,
        0.0004943619686709971
      ],
      [
        0.9876524336148088,
        0.006394123968792984,
        0.0006936485269212997,
        0.0008678339318382375,
        0.003884991229874911,
        0.0005069687277637243
      ],
      [
        0.9874879167990511,
        0.006482964279334409,
        0.0007032861177529837,
        0.0008798916642780807,
        0.003938969511965984,
        0.0005069716276173249
      ],
      [
        0.9879221712783413,
        0.006248463613755257,
        0.0006778469736208206,
        0.0008480643747820569,
        0.0037964897862645115,
        0.000506963973236163
      ],
      [
        0.9879605626057404,
        0.0062345360368870305,
        0.0006763360796773535,
        0.0008461740730216404,
        0.0037880275615327823,
        0.0004943636431407771
      ],
      [
        0.9876697527010841,
        0.006384771532715845,
        0.0006926339542386783,
        0.0008665645849483894,
        0.0038793088045239207,
        0.0005069684224890662
      ],
      [
        0.9808392030184048,
        0.010235679884145582,
        0.0008296774938099698,
        0.0014379476746715055,
        0.005894628572808373,
        0.0007628633561598341
      ],
      [
        0.9797434033924409,
        0.010848372862718402,
        0.0008793407873762959,
        0.00152402114060619,
        0.006247472504890357,
        0.0007573893119678371
      ],
      [
        0.9804657415084748,
        0.010433246689445612,
        0.0008456917433504684,
        0.0014657026192857357,
        0.006008405375985256,
        0.0007812120634582537
      ],
      [
        0.9878292165365848,
        0.006305463927329951,
        0.0006840304920727788,
        0.0008558006661781835,
        0.0038311224770629063,
        0.0004943659007712783
      ],
      [
        0.987668415797613,
        0.006392297566663617,
        0.0006934503948311518,
        0.0008675860458496668,
        0.00388388153036182,
        0.0004943686646808133
      ],
      [
        0.9872846991732848,
        0.006592703316632449,
        0.000715190848086499,
        0.0008947858484820943,
        0.004005645603883902,
        0.0005069752096302704
      ],
      [
        0.9859279204286233,
        0.00730942088717226,
        0.000792941934779521,
        0.0009920613830658453,
        0.004441114401397698,
        0.0005365409649612512
      ],
      [
        0.9859551039452342,
        0.007294741600038038,
        0.0007913494936653663,
        0.0009900690564340114,
        0.004432195446736262,
        0.0005365404578922133
      ],
      [
        0.9874103728384557,
        0.006524838597823907,
        0.0007078287352370731,
        0.0008855750002026184,
        0.003964411833835669,
        0.000506972994444979
      ],
      [
        0.9854173784158706,
        0.007585225839151609,
        0.0008228618580703089,
        0.0010294946416427627,
        0.004608690104469045,
        0.0005363491407956083
      ],
      [
        0.988034303933276,
        0.006187911141715462,
        0.0006712781092639764,
        0.0008398459714246475,
        0.0037596988475886296,
        0.0005069619967313197
      ],
      [
        0.9879221712783413,
        0.006248463613755257,
        0.0006778469736208206,
        0.0008480643747820569,
        0.0037964897862645115,
        0.000506963973236163
      ],
      [
        0.9878292165365848,
        0.006305463927329951,
        0.0006840304920727788,
        0.0008558006661781835,
        0.0038311224770629063,
        0.0004943659007712783
      ],
      [
        0.9840854258765414,
        0.008273748336029105,
        0.0008975542816207714,
        0.0011229434375279435,
        0.0050270279213452465,
        0.0005933001469354944
      ],
      [
        0.9880006824822466,
        0.006212870994120952,
        0.000673985808541898,
        0.0008432336140410366,
        0.003774864147505798,
        0.0004943629535437646
      ]
    ],
    [
      [
        0.9839247619082236,
        0.008389100949077848,
        0.0009100679849065224,
        0.0011385995167998637,
        0.005097114752977651,
        0.0005403548880143568
      ],
      [
        0.685195161332744,
        0.13088969514346885,
        0.10783323005576273,
        0.02271529078752137,
        0.052578155457667766,
        0.0007884672228352801
      ],
      [
        0.6080687419240662,
        0.12796402305232005,
        0.1763064304201192,
        0.0223328090282895,
        0.06386395397433614,
        0.001464041600868816
      ],
      [
        0.21291121816919603,
        0.13594773951782652,
        0.16273209783619041,
        0.021036501117966334,
        0.46436084441047165,
        0.003011598948349053
      ],
      [
        0.6726074826069615,
        0.1256024904006801,
        0.12967598463612431,
        0.01964255551061774,
        0.05182451749521989,
        0.0006469693503964585
      ],
      [
        0.6849653524299916,
        0.12645831469217678,
        0.11502146299356474,
        0.021453688882480892,
        0.05134972966272354,
        0.0007514513390624886
      ],
      [
        0.6795702773421539,
        0.13189529358655538,
        0.1150262785622335,
        0.020161377432738527,
        0.05257114750563716,
        0.000775625570681394
      ],
      [
        0.6818614656076575,
        0.12107029388775062,
        0.12260361130290104,
        0.01950558596155902,
        0.054338948252982675,
        0.000620094987149167
      ],
      [
        0.6811263211248056,
        0.12207866874355938,
        0.12183876370503222,
        0.019529916732150616,
        0.0548084317350078,
        0.0006178979594442807
      ],
      [
        0.12593211332499604,
        0.19952299801246362,
        0.035218643809552655,
        0.019947507067951478,
        0.6186479192610789,
        0.0007308185239573531
      ],
      [
        0.6871032038762891,
        0.12558078811619638,
        0.11656257345760403,
        0.020874322976677406,
        0.049235327611213936,
        0.0006437839620191491
      ],
      [
        0.6902537137174457,
        0.1265535560831912,
        0.11014008907448265,
        0.019724976938130436,
        0.05255207168908363,
        0.0007755924976663542
      ],
      [
        0.7997176106364731,
        0.12965082179122484,
        0.021488427186041947,
        0.013348535825122998,
        0.035368000562217124,
        0.00042660399891999713
      ],
      [
        0.792605544723933,
        0.1338812978287684,
        0.0174133013181506,
        0.01454700308131391,
        0.04103698235458812,
        0.0005158706932459593
      ],
      [
        0.10402143741153697,
        0.1613378274604377,
        0.018889514882773076,
        0.018337119690776293,
        0.6965326862808622,
        0.0008814142736137628
      ],
      [
        0.12590220024593315,
        0.20047528723190544,
        0.013931873151114896,
        0.019254611441391983,
        0.6396231698437053,
        0.0008128580859492014
      ],
      [
        0.7474845418937498,
        0.09546304428278748,
        0.09346090546275827,
        0.014931559509612537,
        0.04763258994784084,
        0.001027358903251178
      ],
      [
        0.17633961106023407,
        0.1642256877471345,
        0.04920562672529687,
        0.048640245936515975,
        0.5590081837351769,
        0.0025806447956417005
      ],
      [
        0.798668333412598,
        0.12911003423168954,
        0.023904676877980632,
        0.013368951485523892,
        0.03453521911467803,
        0.00041278487752977256
      ],
      [
        0.7591004557053432,
        0.09608093759903463,
        0.09002721916124824,
        0.012388306704710484,
        0.04156757158172875,
        0.000835509247934691
      ],
      [
        0.7991888313012865,
        0.12910587450594357,
        0.02397723360623171,
        0.013379214677482008,
        0.03393606234034796,
        0.00041278356870830046
      ],
      [
        0.06842869337009483,
        0.11474716905444435,
        0.02345816580501024,
        0.013189651041595956,
        0.7796455367894626,
        0.0005307839393919345
      ],
      [
        0.796944961023266,
        0.13031549924190872,
        0.02531754318449459,
        0.013350317186798825,
        0.03365889671914901,
        0.00041278264438287496
      ],
      [
        0.7977965579379139,
        0.1297970850573412,
        0.02477318683897303,
        0.01341925750595175,
        0.033801125175246895,
        0.0004127874845731884
      ],
      [
        0.7992495943979206,
        0.1301284700013375,
        0.022348210585794944,
        0.013363097208994637,
        0.03448402264693025,
        0.0004266051590220278
      ],
      [
        0.19306789300831811,
        0.24284142190495794,
        0.0315961526968045,
        0.023526776818071922,
        0.5058093584665085,
        0.0031583971053390056
      ],
      [
        0.6737769700846943,
        0.11371520179494111,
        0.1312823284984997,
        0.02037142496969638,
        0.05909242617529458,
        0.0017616484768738715
      ],
      [
        0.6974857426152301,
        0.21192416257816987,
        0.011717029738061005,
        0.01907409395626069,
        0.05893165449143616,
        0.0008673166208421795
      ],
      [
        0.7983446383009235,
        0.12825523929325333,
        0.025056941043176333,
        0.013831370595560223,
        0.034099010606258466,
        0.000412800160828066
      ],
      [
        0.7976363005467717,
        0.12978439351981358,
        0.024759963856858483,
        0.013415399346111044,
        0.033991155248123336,
        0.00041278748232175926
      ],
      [
        0.7902125186783292,
        0.1353754833723807,
        0.02212918241632362,
        0.014681804566015413,
        0.03714951637111927,
        0.0004514945958318178
      ],
      [
        0.12602838655710114,
        0.20118090042015943,
        0.014744770040205683,
        0.019269988443238316,
        0.6379611538544193,
        0.0008148006848760826
      ],
      [
        0.16788813024326302,
        0.15900852546122368,
        0.02116487997572781,
        0.018798563377934965,
        0.6320358462154493,
        0.0011040547264012165
      ],
      [
        0.646714612153057,
        0.12375761114042429,
        0.1476825942488078,
        0.021508327964787393,
        0.059259983121329,
        0.0010768713715944426
      ],
      [
        0.6892926057241268,
        0.1655337102150715,
        0.02902398748370108,
        0.020575737752690514,
        0.09456862952666785,
        0.0010053292977422403
      ],
      [
        0.17378809889093824,
        0.18689779787321467,
        0.05807711414375324,
        0.02034813462032168,
        0.5589598149548709,
        0.0019290395169012753
      ],
      [
        0.7204434474676541,
        0.18751005184706196,
        0.015009064317033279,
        0.022370016442858267,
        0.053906458275007015,
        0.0007609616503854073
      ],
      [
        0.7970084744409714,
        0.13096172946099982,
        0.023755822754204858,
        0.013190430382668674,
        0.03466505475773011,
        0.0004184882034251247
      ],
      [
        0.7988245909031143,
        0.12999078474436637,
        0.02193729892483775,
        0.013087210752593177,
        0.03574161627357411,
        0.0004184984015143274
      ],
      [
        0.9844314654633276,
        0.008086884932376253,
        0.000877282931657601,
        0.0010975816517539746,
        0.004913492011200399,
        0.0005932930096841628
      ]
    ],
    [
      [
        0.9850000650284574,
        0.007805494797046807,
        0.0008467571154841773,
        0.0010593903516297849,
        0.004742522819288628,
        0.0005457698880932597
      ],
      [
        0.6634941881313393,
        0.21792427645497764,
        0.03818038289494701,
        0.02077260059576135,
        0.05893085582429359,
        0.0006976960986810895
      ],
      [
        0.6151136610257567,
        0.28175578720062455,
        0.006685171414617325,
        0.02902307910537109,
        0.06579298519268646,
        0.0016293160609439107
      ],
      [
        0.42204150614225966,
        0.3657414062854965,
        0.002496551091049405,
        0.03466762602203001,
        0.17408375464293951,
        0.0009691558162248322
      ],
      [
        0.23953025157241106,
        0.26810739990961024,
        0.006862068769499603,
        0.023812387880926114,
        0.4587834978587721,
        0.002904394008780861
      ],
      [
        0.6168947125124943,
        0.2807025883756088,
        0.006515252453408463,
        0.026297868041318204,
        0.06796032725232501,
        0.0016292513648453655
      ],
      [
        0.7560075572502246,
        0.17415589395025025,
        0.01019543645833239,
        0.015817453082039773,
        0.04334670153782071,
        0.0004769577213322835
      ],
      [
        0.6122212105902683,
        0.2894699117007928,
        0.006630176817903388,
        0.022495037178602097,
        0.06755436864066464,
        0.0016292950717686843
      ],
      [
        0.41132177540179093,
        0.41302179254294275,
        0.005645916287343721,
        0.03417183224252814,
        0.13364695084769568,
        0.0021917326776988415
      ],
      [
        0.611123113217278,
        0.2892852768576291,
        0.00663006904314576,
        0.022465692132085074,
        0.0688665538525337,
        0.001629294897328373
      ],
      [
        0.6164217950142269,
        0.2785574639357679,
        0.006541170192916147,
        0.02629940466980576,
        0.07055090523301209,
        0.0016292609542710838
      ],
      [
        0.12731278395951942,
        0.22294804625571019,
        0.012474167862031298,
        0.019012342814216727,
        0.6174928928735037,
        0.0007597662350186248
      ],
      [
        0.7635057695591144,
        0.16792095112198102,
        0.009624398171929144,
        0.01597816886358905,
        0.04251658584142746,
        0.00045412644195889343
      ],
      [
        0.11108511778799422,
        0.16692088210296596,
        0.011971192951717946,
        0.019907588441341113,
        0.6892113929398975,
        0.0009038257760832484
      ],
      [
        0.7765319579498309,
        0.15531636867447704,
        0.006084116473239701,
        0.015329429296978182,
        0.04616738659758257,
        0.0005707410078916426
      ],
      [
        0.6711133146757771,
        0.23090669580440334,
        0.01424460303142611,
        0.019288897298877554,
        0.06372751027294274,
        0.0007189789165732095
      ],
      [
        0.15926140622255808,
        0.2006855749999331,
        0.010266306718666494,
        0.029802865403528694,
        0.597256175919864,
        0.0027276707354496102
      ],
      [
        0.6161752150794453,
        0.29075966553611665,
        0.0027816554176975207,
        0.02126521749512599,
        0.06813225441368219,
        0.0008859920579323254
      ],
      [
        0.6151666203725178,
        0.29163383161953055,
        0.0027960895783230807,
        0.020928450104589272,
        0.06858439575644525,
        0.0008906125685940591
      ],
      [
        0.793693397062531,
        0.1460166699269352,
        0.009124503285433372,
        0.014280108917261548,
        0.03645088779447144,
        0.0004344330133675564
      ],
      [
        0.6772840102657819,
        0.22727483255575062,
        0.014106432167620368,
        0.02023255786514455,
        0.06042440582839606,
        0.0006777613173065642
      ],
      [
        0.7890712743727245,
        0.15013668823228038,
        0.009255841512079014,
        0.014362085542683282,
        0.036734518330371765,
        0.0004395920098610734
      ],
      [
        0.7873557746275959,
        0.14985209860977297,
        0.009220328265231961,
        0.016655924289748183,
        0.03647628583036261,
        0.00043958837728841094
      ],
      [
        0.7646218836250612,
        0.16848441547247894,
        0.009736018532840991,
        0.014694576633181886,
        0.04200401294436943,
        0.000459092792067585
      ],
      [
        0.17945012506959643,
        0.32443557876894386,
        0.003758263813740172,
        0.02622642752550667,
        0.4645331658684615,
        0.0015964389537513717
      ],
      [
        0.7647036798658331,
        0.16528663308270428,
        0.006016958147352803,
        0.01621351383394777,
        0.047178831952368126,
        0.0006003831177939567
      ],
      [
        0.7666950770412805,
        0.14939618493321075,
        0.020109051964661003,
        0.015927245019402687,
        0.04720534472106215,
        0.0006670963203830258
      ],
      [
        0.9701951900720301,
        0.015961896140065813,
        0.00129382963670618,
        0.0022423885562802208,
        0.009192300866029445,
        0.001114394728888139
      ],
      [
        0.6897562137292438,
        0.1286294218224805,
        0.10994284627365102,
        0.01866155364553831,
        0.05223428698936506,
        0.0007756775397214263
      ],
      [
        0.12587775646090452,
        0.2122825777316522,
        0.01299925892199264,
        0.020127016033874987,
        0.6279335323181865,
        0.0007798585333891879
      ],
      [
        0.7864462645756655,
        0.14989090878240646,
        0.009530895412829381,
        0.015551958370587642,
        0.03812844477297083,
        0.0004515280855402323
      ],
      [
        0.16735885574281267,
        0.17684529664436405,
        0.007199305278526266,
        0.020681648831017002,
        0.6268935334878933,
        0.0010213600153866507
      ],
      [
        0.7600318780825008,
        0.17127523375826365,
        0.00967801462369558,
        0.014994258509276033,
        0.04356648290685668,
        0.00045413211940715
      ],
      [
        0.6530874894487564,
        0.21675770582684267,
        0.010050325418563632,
        0.022395436106279785,
        0.0968942206812278,
        0.0008148225183297362
      ],
      [
        0.6802111976646887,
        0.1445843611634515,
        0.09545202266419586,
        0.01976491649433283,
        0.059211845317789835,
        0.0007756566955411925
      ],
      [
        0.1816932352500365,
        0.32666331252712394,
        0.0036492834889750975,
        0.02217349042986709,
        0.46426711216734223,
        0.0015535661366550973
      ],
      [
        0.6508186775269329,
        0.2163703600581829,
        0.010745093379937813,
        0.019595750505259392,
        0.10156001247246035,
        0.000910106057226611
      ],
      [
        0.7201511996351153,
        0.20315719447118188,
        0.0034041248775705008,
        0.018862876472629082,
        0.053681699490597576,
        0.0007429050529056865
      ],
      [
        0.7986742634559675,
        0.13032057254313625,
        0.022866551080039797,
        0.013169139827892947,
        0.03455098723621009,
        0.00041848585675343893
      ],
      [
        0.9878131221954783,
        0.006314154995666424,
        0.0006849733181390842,
        0.0008569802498151487,
        0.003836403063493546,
        0.0004943661774074625
      ]
    ],
    [
      [
        0.9854237688594147,
        0.007580657531436828,
        0.0008223662780764979,
        0.0010288746141823455,
        0.004605914456781588,
        0.0005384182601079833
      ],
      [
        0.680417117291311,
        0.1311452863985126,
        0.11513367803752445,
        0.020163637698216785,
        0.05236465742065039,
        0.000775623153784657
      ],
      [
        0.6165328672842165,
        0.28599324232356027,
        0.006603706758429631,
        0.02294959526534432,
        0.066291303254157,
        0.0016292851142922168
      ],
      [
        0.2618725625841933,
        0.243289271595498,
        0.02294136017827065,
        0.01780602929934869,
        0.4519357216833165,
        0.0021550546593728393
      ],
      [
        0.6072955841180853,
        0.2837702051565835,
        0.0064235450522615156,
        0.02817335140918699,
        0.07270809780108528,
        0.0016292164627974095
      ],
      [
        0.6810194726629436,
        0.145149062226942,
        0.09524957346529238,
        0.021910551649081008,
        0.0558957190710962,
        0.0007756209246448201
      ],
      [
        0.22448293361049657,
        0.1608310729106036,
        0.08405172332534513,
        0.02309007865569576,
        0.5060073664761588,
        0.0015368250217001763
      ],
      [
        0.6592148967825202,
        0.21536021451748957,
        0.009191199049595202,
        0.03886873122634379,
        0.07498456690811545,
        0.0023803915159357437
      ],
      [
        0.6022697352991006,
        0.287190381888056,
        0.006495576034623106,
        0.031211958193485725,
        0.0712031049520356,
        0.001629243632698993
      ],
      [
        0.6010501624506105,
        0.2872882514801235,
        0.006341242186313923,
        0.03249808591930654,
        0.07119307291878152,
        0.001629185044864029
      ],
      [
        0.6112965167542841,
        0.29054673878764875,
        0.002684431022994393,
        0.02543618257113388,
        0.06918108011024177,
        0.0008550507536970695
      ],
      [
        0.7556729633769136,
        0.17338582416308645,
        0.009874293218425595,
        0.01615580655603586,
        0.044446780925488316,
        0.00046433176005020806
      ],
      [
        0.6830278584849659,
        0.1427485393711486,
        0.09544771690292259,
        0.020649664217997972,
        0.05735056511901506,
        0.0007756559039498586
      ],
      [
        0.14548445742592256,
        0.20409487008465202,
        0.003339451691049105,
        0.0203979512449755,
        0.6251981090926555,
        0.0014851604607452895
      ],
      [
        0.6933534726561691,
        0.2195710450221183,
        0.004607901598851523,
        0.019374657762780727,
        0.062248699199363704,
        0.000844223760716645
      ],
      [
        0.6092358530004557,
        0.29568785212179427,
        0.00278169941587656,
        0.02435233245254001,
        0.06705623787548974,
        0.0008860251338436993
      ],
      [
        0.21664839601689004,
        0.21362030254060807,
        0.007129932371618259,
        0.07039830482838284,
        0.48892435777821974,
        0.003278706464281115
      ],
      [
        0.22108989299797857,
        0.2148770529678874,
        0.007557963578028153,
        0.07522618785641329,
        0.4777980743637946,
        0.003450828235897929
      ],
      [
        0.20389573270858577,
        0.2387705214097951,
        0.04354985663648385,
        0.029738502441122708,
        0.4817865275703192,
        0.002258859233693452
      ],
      [
        0.1309455453661774,
        0.21727249869590537,
        0.01282397914075293,
        0.022399516584854073,
        0.615825678927108,
        0.000732781285202162
      ],
      [
        0.6746765323556868,
        0.22723944810754798,
        0.014172836371435434,
        0.02101044276446634,
        0.062204516445938475,
        0.0006962239549248797
      ],
      [
        0.7799133234224848,
        0.15372892878337316,
        0.010251121284753473,
        0.014736435649355034,
        0.04089205305345285,
        0.00047813780658078313
      ],
      [
        0.7618302416112325,
        0.16553530903318533,
        0.010412322364069436,
        0.01672693035738063,
        0.04501115544092411,
        0.00048404119320798314
      ],
      [
        0.7660033056279518,
        0.1661976131011221,
        0.009341615146084618,
        0.016504444880713492,
        0.04151029550383777,
        0.00044272574029016547
      ],
      [
        0.7667863502103952,
        0.1651905500676664,
        0.009519965170095514,
        0.016224401063518527,
        0.04183598936070251,
        0.0004427441276219195
      ],
      [
        0.7632198148439682,
        0.164634814387497,
        0.006704271612186438,
        0.016616093561668516,
        0.048123924716582826,
        0.0007010808780970043
      ],
      [
        0.5446706508660818,
        0.20086455732812422,
        0.14810094070270635,
        0.020749737612935977,
        0.08193634619551161,
        0.0036777672946400374
      ],
      [
        0.9655182016811257,
        0.0184666463171121,
        0.0014968581480540913,
        0.002594265493961278,
        0.010634762151305984,
        0.0012892662084409753
      ],
      [
        0.6887487427228938,
        0.12725405921846838,
        0.11068568024757175,
        0.019769005679535778,
        0.052791011397286654,
        0.0007515007342436094
      ],
      [
        0.7701744386408987,
        0.15902078181905235,
        0.011563377746829924,
        0.015807293630115647,
        0.0429306997941473,
        0.0005034083689559746
      ],
      [
        0.7784307260426399,
        0.15601776441411197,
        0.009702673276161923,
        0.01504165089042032,
        0.04034839857301202,
        0.00045878680365381427
      ],
      [
        0.7591907089027459,
        0.17023838476301104,
        0.010063808872941584,
        0.01640929689633762,
        0.04362626360176528,
        0.0004715369631985962
      ],
      [
        0.6124227233151762,
        0.29170818860590375,
        0.0026921308054426102,
        0.024163146473819702,
        0.06815631500280668,
        0.0008574957968510007
      ],
      [
        0.6067982589947759,
        0.2819784253148233,
        0.006423352761691003,
        0.02812098245636239,
        0.07504976432083336,
        0.0016292161515139892
      ],
      [
        0.22040638296276394,
        0.17109557462745661,
        0.08383898755553346,
        0.02108911409902932,
        0.502097027590062,
        0.0014729131651547277
      ],
      [
        0.6077786619031577,
        0.2914569099868303,
        0.0028351071761013417,
        0.024443805849979804,
        0.07258249797209457,
        0.0009030171118361991
      ],
      [
        0.20389573270858577,
        0.2387705214097951,
        0.04354985663648385,
        0.029738502441122708,
        0.4817865275703192,
        0.002258859233693452
      ],
      [
        0.767081984092897,
        0.1658744907215339,
        0.009725903980725698,
        0.01499344835835199,
        0.04186406006170418,
        0.0004601127847872287
      ],
      [
        0.7668025439012961,
        0.14028366548654336,
        0.03692069516847893,
        0.013920628494311036,
        0.0413333436951383,
        0.0007391232542322348
      ],
      [
        0.9882324753993005,
        0.006087701031045955,
        0.0006604070976933884,
        0.0008262450880547433,
        0.0036988124145141527,
        0.0004943589693913427
      ]
    ],
    [
      [
        0.9877228144005503,
        0.006362921901489882,
        0.000690263658544126,
        0.0008635990729457153,
        0.003866033236814699,
        0.0004943677296551516
      ],
      [
        0.6833301665978572,
        0.12942717129172643,
        0.11354241804159816,
        0.01985499429835879,
        0.05306963432089257,
        0.0007756154495667695
      ],
      [
        0.760177598331328,
        0.17272888564104494,
        0.009675833874221792,
        0.014981074900100444,
        0.04198140351737647,
        0.00045520373592835786
      ],
      [
        0.7572005749603942,
        0.16883383048641268,
        0.010153435381198027,
        0.01712484066837364,
        0.04621134205907949,
        0.00047597644454209587
      ],
      [
        0.7390588673815192,
        0.14690062341662172,
        0.03716053287041489,
        0.020188342445709006,
        0.05579232154341153,
        0.0008993123423236835
      ],
      [
        0.6187753279212822,
        0.2618849938624952,
        0.004631458997213895,
        0.03195294216309965,
        0.08073212981350929,
        0.0020231472423997963
      ],
      [
        0.6143176824458687,
        0.26758644022195194,
        0.004467145604091802,
        0.02350463987446933,
        0.08817282730292113,
        0.0019512645506971004
      ],
      [
        0.7375827515305672,
        0.14888721028440535,
        0.03608310327907718,
        0.018283166178270027,
        0.05828612160013567,
        0.0008776471275445844
      ],
      [
        0.15158754957708004,
        0.2165350301047702,
        0.003210382834893585,
        0.02627593490142368,
        0.6009601183923727,
        0.001430984189459878
      ],
      [
        0.73728196424155,
        0.14874010949309072,
        0.03609458889746439,
        0.018294334846309223,
        0.05870721695033022,
        0.0008817855712554714
      ],
      [
        0.5380155790523538,
        0.32640539491203513,
        0.004419330569344937,
        0.029482911446667693,
        0.09942042100482043,
        0.002256363014777949
      ],
      [
        0.21026459535923767,
        0.26218267250067445,
        0.0060668872476396865,
        0.07345563949399257,
        0.44434298073084705,
        0.003687224667608573
      ],
      [
        0.19145336566911006,
        0.18698936649776698,
        0.006585822712107857,
        0.024570570193923964,
        0.5887635519950175,
        0.0016373229320736586
      ],
      [
        0.29910865222030186,
        0.19286710799684892,
        0.005110126245894602,
        0.028531517698024342,
        0.47070965118668406,
        0.003672944652246246
      ],
      [
        0.17139976438305243,
        0.2763491241649455,
        0.00317707121956308,
        0.02461938488312461,
        0.5221711069377188,
        0.0022835484115955726
      ],
      [
        0.660881213852615,
        0.22481265484069035,
        0.008462337397007564,
        0.03253695573524704,
        0.07244050662369328,
        0.0008663315507468068
      ],
      [
        0.6989153041626883,
        0.21505823136758861,
        0.004690415091289786,
        0.018649613483170305,
        0.0619305657616286,
        0.0007558701336342853
      ],
      [
        0.7563412576299436,
        0.16926371034971419,
        0.006489329643994946,
        0.016173168093116787,
        0.051078281304990064,
        0.000654252978240443
      ],
      [
        0.13749769581205176,
        0.24911904922640915,
        0.004095414924435711,
        0.02407569057301638,
        0.584051342169887,
        0.0011608072942000205
      ],
      [
        0.7583137717716036,
        0.1692624157710472,
        0.010169117890015124,
        0.015611981945445746,
        0.046169721498612704,
        0.00047299112327551975
      ],
      [
        0.7659305313454391,
        0.1631546453333979,
        0.009445873085794181,
        0.015841914189031737,
        0.045179091625471846,
        0.0004479444208653685
      ],
      [
        0.6412196371229386,
        0.21449850600297649,
        0.011086870658926768,
        0.02100619366683771,
        0.11122169203024071,
        0.0009671005180797252
      ],
      [
        0.6498314322640718,
        0.21720609336483623,
        0.009989137835688701,
        0.020593464398362793,
        0.10157415162585984,
        0.0008057205111806778
      ],
      [
        0.634682356852501,
        0.22075676922869936,
        0.010921937769877372,
        0.02127564025674366,
        0.11138152767564184,
        0.0009817682165367862
      ],
      [
        0.13658619038208514,
        0.21615298889760406,
        0.011307096608977564,
        0.021565361679280682,
        0.613692867259362,
        0.000695495172690499
      ],
      [
        0.6455796319333593,
        0.23079564569957361,
        0.008908698468800918,
        0.022248755439926084,
        0.09153541602645364,
        0.0009318524318864305
      ],
      [
        0.42241273041944205,
        0.3494343213677431,
        0.02405936604354346,
        0.03758864904477222,
        0.16467992325037265,
        0.001825009874126497
      ],
      [
        0.7419684870822644,
        0.1339520310934873,
        0.05415012197129345,
        0.01663311160044778,
        0.05231054923152595,
        0.0009856990209810479
      ],
      [
        0.9783070465653274,
        0.011320788856011548,
        0.0012281038891152147,
        0.0015364989406480933,
        0.006878372336151749,
        0.0007291894127459178
      ],
      [
        0.6897136449138995,
        0.12733993686004266,
        0.1086427451208013,
        0.01968028450182033,
        0.053847721940590294,
        0.0007756666628459606
      ],
      [
        0.7713749301377861,
        0.1586218344823524,
        0.010490961285218734,
        0.01583394740480755,
        0.04317531753404288,
        0.0005030091557922626
      ],
      [
        0.18024637255093537,
        0.31979596224302337,
        0.003569087826731704,
        0.028896858620766328,
        0.46597025721724017,
        0.0015214615413031071
      ],
      [
        0.21929440388023147,
        0.162004784392872,
        0.08364649569541947,
        0.027293437174243564,
        0.5063459133207846,
        0.0014149655364489534
      ],
      [
        0.6123533781198481,
        0.2799386353763527,
        0.007012570625607813,
        0.0215935295356318,
        0.07746564549014422,
        0.0016362408524153607
      ],
      [
        0.4288478256410208,
        0.36902443235904464,
        0.0026194968944869956,
        0.03345605518832589,
        0.16502427078327075,
        0.001027919133850973
      ],
      [
        0.18063492426625152,
        0.32173834328614365,
        0.003686773582365623,
        0.024584146023294996,
        0.46778050139443017,
        0.0015753114475140144
      ],
      [
        0.2175427126756265,
        0.2756424892152128,
        0.006725279133809524,
        0.031403011008219524,
        0.465840855928767,
        0.0028456520383646215
      ],
      [
        0.7628666822349839,
        0.16854831474431045,
        0.009704193904233533,
        0.016482025887300963,
        0.04194097724200628,
        0.0004578059871649163
      ],
      [
        0.6903980443586112,
        0.1265649863322854,
        0.11015199838899403,
        0.01972845170882055,
        0.05238092670981268,
        0.0007755925014762
      ],
      [
        0.9881947567170651,
        0.006108069410384869,
        0.0006626167039495648,
        0.000829009559124296,
        0.0037111879917604887,
        0.0004943596177156361
      ]
    ],
    [
      [
        0.9872846991732848,
        0.006592703316632449,
        0.000715190848086499,
        0.0008947858484820943,
        0.004005645603883902,
        0.0005069752096302704
      ],
      [
        0.7970156025266649,
        0.12979454301182164,
        0.02442521099066168,
        0.01330784649299605,
        0.03503019391456138,
        0.00042660306329435295
      ],
      [
        0.6208067632971879,
        0.28848274302658716,
        0.0025904854241409984,
        0.022164799521233396,
        0.06512057806111592,
        0.0008346306697346031
      ],
      [
        0.6180142737203825,
        0.27734141965904213,
        0.00643552575100754,
        0.02321492387435994,
        0.07336463603902013,
        0.0016292209561877434
      ],
      [
        0.5356742506985162,
        0.33940495987477937,
        0.004528944389378266,
        0.02827984020934361,
        0.08979942452516966,
        0.002312580302812939
      ],
      [
        0.6644152980806936,
        0.22550213115797862,
        0.008039408430757563,
        0.021869208764809377,
        0.07949120370097557,
        0.0006827498647853491
      ],
      [
        0.7526439948781177,
        0.17401430411042015,
        0.005066090477053532,
        0.0172992558168794,
        0.05049081304586946,
