{
  "prediction": [
    [
      [
        0.987668415797613,
        0.006392297566663617,
        0.0006934503948311518,
        0.0008675860458496668,
        0.00388388153036182,
        0.0004943686646808133
      ],
      [
        0.9838325280906994,
        0.008410314621631287,
        0.0009123692904159401,
        0.0011414787141614774,
        0.005110003920004406,
        0.0005933053630874253
      ],
      [
        0.9872118283021095,
        0.006632054131896032,
        0.0007194597104316702,
        0.0009001266853031989,
        0.004029554676171769,
        0.0005069764940877722
      ],
      [
        0.9822348021786667,
        0.009271031449278865,
        0.0010057417308797147,
        0.0012582983555044234,
        0.005632964898417814,
        0.0005971613872525082
      ],
      [
        0.9769688491779372,
        0.012019146971052563,
        0.0013038633019958473,
        0.0016312826626661682,
        0.007302686153883136,
        0.0007741717324649798
      ],
      [
        0.9754169803525929,
        0.012829012688823846,
        0.001391719303048976,
        0.0017412006050683895,
        0.007794750622178348,
        0.0008263364282874888
      ],
      [
        0.9769688491779372,
        0.012019146971052563,
        0.0013038633019958473,
        0.0016312826626661682,
        0.007302686153883136,
        0.0007741717324649798
      ],
      [
        0.9822348021786667,
        0.009271031449278865,
        0.0010057417308797147,
        0.0012582983555044234,
        0.005632964898417814,
        0.0005971613872525082
      ],
      [
        0.9854129432817283,
        0.007587512111170223,
        0.0008231098778499679,
        0.0010298049428575733,
        0.004610079215281531,
        0.0005365505711122954
      ],
      [
        0.9854433255049152,
        0.007571214231363645,
        0.0008213418482692235,
        0.001027592934898047,
        0.004600176823582037,
        0.0005363486569719611
      ],
      [
        0.9822348021786667,
        0.009271031449278865,
        0.0010057417308797147,
        0.0012582983555044234,
        0.005632964898417814,
        0.0005971613872525082
      ],
      [
        0.9816787202045705,
        0.00956123105876662,
        0.001037223218041484,
        0.0012976853097375334,
        0.005809286618684036,
        0.0006158535901999294
      ],
      [
        0.9784055020224316,
        0.01126940841835221,
        0.0012225300270711076,
        0.0015295253994013027,
        0.006847154212970548,
        0.0007258799197733019
      ],
      [
        0.9743620798703584,
        0.013730328069383398,
        0.0011129445538287873,
        0.001928889291509416,
        0.007907162500967195,
        0.0009585957139527303
      ],
      [
        0.9785967347275631,
        0.011462468580157299,
        0.0009291177832936188,
        0.0016102916686914575,
        0.006601124260653207,
        0.000800262979641248
      ],
      [
        0.9822348021786667,
        0.009271031449278865,
        0.0010057417308797147,
        0.0012582983555044234,
        0.005632964898417814,
        0.0005971613872525082
      ],
      [
        0.9841063129037617,
        0.008285860102976963,
        0.0008988681925400468,
        0.0011245872909132033,
        0.0050343868822600455,
        0.0005499846275481018
      ],
      [
        0.982078065925089,
        0.009352826583269256,
        0.0010146150455790659,
        0.00126939989077064,
        0.0056826626177222915,
        0.0006024299375698523
      ],
      [
        0.9842249026161334,
        0.008221820867271634,
        0.0008919210764489346,
        0.0011158956512163014,
        0.004995477428784112,
        0.0005499823601455474
      ],
      [
        0.9848918045199611,
        0.007869039382954926,
        0.0008536505708854355,
        0.0010680148556439111,
        0.004781131729620043,
        0.0005363589409346104
      ],
      [
        0.9876046982044142,
        0.006419901447306369,
        0.0006964449240643363,
        0.0008713325456656088,
        0.003900653309378148,
        0.0005069695691713402
      ],
      [
        0.9876046982044142,
        0.006419901447306369,
        0.0006964449240643363,
        0.0008713325456656088,
        0.003900653309378148,
        0.0005069695691713402
      ],
      [
        0.988034303933276,
        0.006187911141715462,
        0.0006712781092639764,
        0.0008398459714246475,
        0.0037596988475886296,
        0.0005069619967313197
      ],
      [
        0.9876697527010841,
        0.006384771532715845,
        0.0006926339542386783,
        0.0008665645849483894,
        0.0038793088045239207,
        0.0005069684224890662
      ],
      [
        0.9883516462491203,
        0.006023347852954236,
        0.0006534259244468441,
        0.0008175108389469384,
        0.0036597122134981713,
        0.0004943569210335415
      ],
      [
        0.9813769648276027,
        0.009926303486751081,
        0.0008046002505843571,
        0.0013944852885606673,
        0.005716461712133207,
        0.0007811844343679494
      ],
      [
        0.9813308613911575,
        0.009962154127854674,
        0.0008075062099733747,
        0.0013995217244978878,
        0.005737107747940762,
        0.0007628487985757111
      ],
      [
        0.9817875249758143,
        0.00970809712550084,
        0.0007869130125127647,
        0.001363830819750606,
        0.005590798789264104,
        0.0007628352771573485
      ],
      [
        0.988034303933276,
        0.006187911141715462,
        0.0006712781092639764,
        0.0008398459714246475,
        0.0037596988475886296,
        0.0005069619967313197
      ],
      [
        0.987974991530312,
        0.006226744306325162,
        0.0006754908157361494,
        0.0008451165508024381,
        0.0037832934016938185,
        0.0004943633951304604
      ],
      [
        0.987974991530312,
        0.006226744306325162,
        0.0006754908157361494,
        0.0008451165508024381,
        0.0037832934016938185,
        0.0004943633951304604
      ],
      [
        0.9881689877314322,
        0.006121984861388079,
        0.0006641262824527234,
        0.0008308982151178859,
        0.0037196428489654904,
        0.0004943600606436075
      ],
      [
        0.9881689877314322,
        0.006121984861388079,
        0.0006641262824527234,
        0.0008308982151178859,
        0.0037196428489654904,
        0.0004943600606436075
      ],
      [
        0.9880389082133779,
        0.006185424796035827,
        0.0006710083850567962,
        0.0008395085154795331,
        0.0037581881744757906,
        0.0005069619155740338
      ],
      [
        0.9880389082133779,
        0.006185424796035827,
        0.0006710083850567962,
        0.0008395085154795331,
        0.0037581881744757906,
        0.0005069619155740338
      ],
      [
        0.9854129432817283,
        0.007587512111170223,
        0.0008231098778499679,
        0.0010298049428575733,
        0.004610079215281531,
        0.0005365505711122954
      ],
      [
        0.9876697527010841,
        0.006384771532715845,
        0.0006926339542386783,
        0.0008665645849483894,
        0.0038793088045239207,
        0.0005069684224890662
      ],
      [
        0.9872992606465303,
        0.006584840012209025,
        0.0007143378196565434,
        0.0008937186119961698,
        0.0040008679566452925,
        0.0005069749529626439
      ],
      [
        0.9843105566759104,
        0.008152176385756361,
        0.0008843658910557453,
        0.0011064432470215728,
        0.00495316229676344,
        0.0005932955034924927
      ],
      [
        0.987795431255972,
        0.006323708239453626,
        0.0006860096748804697,
        0.0008582768510631258,
        0.0038422074971440783,
        0.0004943664814866396
      ]
    ],
    [
      [
        0.9838873428716698,
        0.008380714318851712,
        0.0009091581849510342,
        0.0011374612526186332,
        0.005092019139405603,
        0.0005933042325032858
      ],
      [
        0.7987525483911689,
        0.12791552348973512,
        0.02420593138266081,
        0.013839512876463537,
        0.034873683820729334,
        0.00041280003924229155
      ],
      [
        0.6733088709720478,
        0.21755000421955412,
        0.025043947104306522,
        0.020547296281741564,
        0.06282072824562851,
        0.0007291531767214987
      ],
      [
        0.13045261418648862,
        0.2096798917331584,
        0.01971197996740736,
        0.0211688888954688,
        0.6180962678252025,
        0.0008903573922742623
      ],
      [
        0.2127618721084116,
        0.22121872315204746,
        0.0674021779734377,
        0.02311683027143523,
        0.47283533951139284,
        0.0026650569832751205
      ],
      [
        0.13006465279293772,
        0.21402509421445437,
        0.018257472224127373,
        0.019812573059271775,
        0.616927931501637,
        0.0009122762075716574
      ],
      [
        0.12800248160429384,
        0.1980846221214836,
        0.042921235669666505,
        0.01959814979116799,
        0.6106861584589759,
        0.00070735235441224
      ],
      [
        0.1966468276523096,
        0.13483448461106098,
        0.10671453844093305,
        0.02730187188837049,
        0.5332521142823297,
        0.0012501631249961108
      ],
      [
        0.6894329208109626,
        0.1256209106684154,
        0.10865819566536641,
        0.02039975576336708,
        0.05511256848053419,
        0.0007756486113542475
      ],
      [
        0.12328893403975326,
        0.2083409198436686,
        0.024092624096291915,
        0.02078408356699428,
        0.6227935468104296,
        0.0006998916428622396
      ],
      [
        0.6867019044665633,
        0.12609128008322512,
        0.11491507437869436,
        0.01960027354006116,
        0.052035563946280575,
        0.0006559035851754746
      ],
      [
        0.2415345714116805,
        0.13740758365273478,
        0.16000174021501049,
        0.021788612055287194,
        0.436232430280696,
        0.0030350623845911188
      ],
      [
        0.12526025704346,
        0.20105560291726057,
        0.04575068358543451,
        0.019136776039451207,
        0.6080920356488259,
        0.0007046447655678123
      ],
      [
        0.7441252975807047,
        0.13175667153974344,
        0.052325982932968605,
        0.01751255523707021,
        0.05324847679304364,
        0.0010310159164694562
      ],
      [
        0.2260946701682095,
        0.17265585890845558,
        0.062456270821609004,
        0.024644158846431542,
        0.510984349110397,
        0.0031646921448973356
      ],
      [
        0.6876164091965341,
        0.12623266542265593,
        0.11499580503935747,
        0.01962382867037281,
        0.05087535478582427,
        0.0006559368852554415
      ],
      [
        0.12606173832615009,
        0.19963829391582427,
        0.03525104240991148,
        0.019972710354510422,
        0.6183453608400435,
        0.0007308541535601926
      ],
      [
        0.5607067133462583,
        0.14204484451097213,
        0.13415000099597252,
        0.023426272294869793,
        0.13807781021998808,
        0.0015943586319391145
      ],
      [
        0.5945809873305773,
        0.13544547840364926,
        0.18436814022691042,
        0.02063213796329676,
        0.06341462423930018,
        0.0015586318362660113
      ],
      [
        0.20381079136202065,
        0.1464191698201967,
        0.15935030341613196,
        0.02460886897456171,
        0.46309493938643853,
        0.002715927040650368
      ],
      [
        0.6983421898967095,
        0.1625545126778058,
        0.027715035440400927,
        0.020206095965243073,
        0.09021171098752229,
        0.0009704550323183529
      ],
      [
        0.7542010749940032,
        0.10248861605659103,
        0.08889663437687949,
        0.013555540978081494,
        0.04010329450366425,
        0.0007548390907805638
      ],
      [
        0.07304463631320438,
        0.12173833250352092,
        0.024377318979974007,
        0.013084853148836215,
        0.7672018681237615,
        0.000552990930702995
      ],
      [
        0.8002536443684616,
        0.12974741532094403,
        0.021522121342642746,
        0.013369268339840252,
        0.034680946305070744,
        0.000426604323040657
      ],
      [
        0.7992622632347233,
        0.1290955168112359,
        0.02388106375709913,
        0.013378290981586246,
        0.03397008035178563,
        0.0004127848635698088
      ],
      [
        0.7477976940959856,
        0.13916492491314608,
        0.046748412580746704,
        0.016653248678919867,
        0.048822475678459896,
        0.0008132440527418231
      ],
      [
        0.7510751115684307,
        0.11994610343239039,
        0.06454174406514261,
        0.016395652732795092,
        0.04718971444104012,
        0.0008516737602011165
      ],
      [
        0.10382701225485563,
        0.15475715502399504,
        0.01759685043987471,
        0.019007401765769563,
        0.7039371486619662,
        0.0008744318535388013
      ],
      [
        0.7994190353967465,
        0.13055312997288082,
        0.021362089115430572,
        0.01328234950412412,
        0.03495679569784403,
        0.00042660031297390543
      ],
      [
        0.7979929594026081,
        0.1294795279162286,
        0.023999538864572588,
        0.013422471815732919,
        0.034692714636003916,
        0.0004127873648539718
      ],
      [
        0.8001401108041549,
        0.12933073161149483,
        0.021398320921792054,
        0.013294822247080838,
        0.035409412631753415,
        0.00042660178372395415
      ],
      [
        0.7994459462995107,
        0.12974922042596415,
        0.021518917796183545,
        0.013356970683666916,
        0.03550234012631973,
        0.0004266046683549534
      ],
      [
        0.7461785687529378,
        0.10335255791921358,
        0.09020657521370921,
        0.014324746398553426,
        0.045016218337219145,
        0.000921333378366905
      ],
      [
        0.7994190353967465,
        0.13055312997288082,
        0.021362089115430572,
        0.01328234950412412,
        0.03495679569784403,
        0.00042660031297390543
      ],
      [
        0.06835977870997335,
        0.11469306806559632,
        0.023532291449201808,
        0.013174200897232625,
        0.7797098781377093,
        0.000530782740286532
      ],
      [
        0.7999207994371156,
        0.1298139741237136,
        0.02152819359247327,
        0.013377603776832786,
        0.034932824026825224,
        0.000426605043039486
      ],
      [
        0.06847613464722753,
        0.11473160303780214,
        0.023450737315893897,
        0.013199645468469995,
        0.7796110961780591,
        0.0005307833525472622
      ],
      [
        0.7988787021536574,
        0.12948167025346455,
        0.023988808813680897,
        0.013436910151854466,
        0.0338011214626708,
        0.0004127871646719259
      ],
      [
        0.7990522386112672,
        0.13000176591021842,
        0.02193731927919375,
        0.01309266966218348,
        0.03549750812728747,
        0.00041849840984973646
      ],
      [
        0.9843105566759104,
        0.008152176385756361,
        0.0008843658910557453,
        0.0011064432470215728,
        0.00495316229676344,
        0.0005932955034924927
      ]
    ],
    [
      [
        0.9872689257263823,
        0.006601221095892137,
        0.0007161148753754537,
        0.0008959419126906617,
        0.004010820901998766,
        0.0005069754876607356
      ],
      [
        0.6923868524516457,
        0.1244533575248456,
        0.10715447319890833,
        0.020452303892592182,
        0.054777364769171014,
        0.000775648162837224
      ],
      [
        0.1813004427248522,
        0.3285870593296114,
        0.0037404346420142195,
        0.026165722724954467,
        0.4586188195038944,
        0.0015875210746732612
      ],
      [
        0.13011894446147798,
        0.220293371363399,
        0.012548366577204144,
        0.019432378793403305,
        0.6168345480961923,
        0.0007723907083232684
      ],
      [
        0.15356115928762876,
        0.22354907691597237,
        0.010926286560638978,
        0.021219857672643987,
        0.5878412887798332,
        0.0029023307832827094
      ],
      [
        0.3712300415676933,
        0.42698903157399454,
        0.0027050545973545588,
        0.035884049237166135,
        0.1619536852418832,
        0.001238137781908246
      ],
      [
        0.5860542722845784,
        0.30844246160176747,
        0.0060466692797313095,
        0.02365324417721119,
        0.07439255716234577,
        0.0014107954943657938
      ],
      [
        0.6162215223274198,
        0.2769922893764308,
        0.00735596909197961,
        0.022926789306217887,
        0.07478710433075138,
        0.001716325567200636
      ],
      [
        0.21151536537054633,
        0.22040543799142837,
        0.004660566083531305,
        0.020608204462759804,
        0.5417239434627722,
        0.001086482628962061
      ],
      [
        0.6190070967439336,
        0.27494475718927386,
        0.006950640382053462,
        0.025488498743124532,
        0.07197959087537263,
        0.001629416066241949
      ],
      [
        0.1260038613443467,
        0.2195539228224231,
        0.011577467410394454,
        0.019321667982265627,
        0.6228274751337153,
        0.0007156053068549321
      ],
      [
        0.6170742228994489,
        0.2769385723868767,
        0.00736084534587754,
        0.023509128980582796,
        0.07339962567669177,
        0.0017176047105223898
      ],
      [
        0.36695543052766083,
        0.4273859495498685,
        0.001971877623582172,
        0.037064475196826034,
        0.16570813546112353,
        0.0009141316409389258
      ],
      [
        0.6457007719579757,
        0.22913532798973532,
        0.009420530791142905,
        0.02473343791958707,
        0.09005812958376141,
        0.0009518017577975412
      ],
      [
        0.1470674330796298,
        0.215475983531803,
        0.003385251975675517,
        0.020562087742145862,
        0.6120013649104127,
        0.0015078787603332183
      ],
      [
        0.6211659994931721,
        0.2769805340537276,
        0.006728402147314653,
        0.022585945336667138,
        0.07090978679786318,
        0.001629332171255311
      ],
      [
        0.6195716022851772,
        0.2920260742444651,
        0.002217075315524305,
        0.0218831369401936,
        0.06359580445622502,
        0.0007063067584147455
      ],
      [
        0.3624885679719479,
        0.43777573640410294,
        0.006683580743935909,
        0.03922209230111879,
        0.15077086294285813,
        0.003059159636036292
      ],
      [
        0.6128677645404974,
        0.2813781624255712,
        0.006684950975054438,
        0.02896305939347864,
        0.06847674696123492,
        0.0016293157041633295
      ],
      [
        0.12682287854045646,
        0.22124147487861912,
        0.0113463176327327,
        0.019002419690766846,
        0.6209332978323105,
        0.0006536114251143746
      ],
      [
        0.7633490300478821,
        0.1681675645701574,
        0.009704202466481564,
        0.016484350078269438,
        0.04183704684616249,
        0.0004578059910470914
      ],
      [
        0.6539263450493736,
        0.21702856836387777,
        0.01044089677744081,
        0.02056404949331394,
        0.09719259169485105,
        0.0008475486211428016
      ],
      [
        0.7942202274339619,
        0.14567442583463278,
        0.009119152287150734,
        0.014295211699445835,
        0.03625655026743855,
        0.0004344324773702483
      ],
      [
        0.12208760196579944,
        0.21326435005066197,
        0.012727016351180214,
        0.020742671613824697,
        0.6304719342253499,
        0.0007064257931838374
      ],
      [
        0.7893934560385438,
        0.14985077055365853,
        0.009240044906922852,
        0.014326637081010122,
        0.03674950103011897,
        0.0004395903897456975
      ],
      [
        0.6933789679677231,
        0.22350600462628478,
        0.0046078028740726695,
        0.020074204251053194,
        0.05758868694564947,
        0.0008443333352166679
      ],
      [
        0.6985033486892389,
        0.21885892912023128,
        0.0045102129384845336,
        0.020063916816316762,
        0.05726192540982802,
        0.0008016670259004667
      ],
      [
        0.7053208222488481,
        0.21176129187121795,
        0.0021483435131527963,
        0.020516096384648914,
        0.059314975831695815,
        0.0009384701504364691
      ],
      [
        0.7837914544668053,
        0.15294442908848102,
        0.009747552255747652,
        0.01417522988124662,
        0.03888204619981776,
        0.00045928810790160375
      ],
      [
        0.12212455811685025,
        0.2132907785467922,
        0.012733158213993583,
        0.020753538979319728,
        0.6303889256935163,
        0.0007090404495278792
      ],
      [
        0.7858917895925666,
        0.1498708091702698,
        0.009537736924477177,
        0.015526074595988476,
        0.03872206092876861,
        0.0004515287879293309
      ],
      [
        0.10139351872535904,
        0.1300008279424532,
        0.07855506242001843,
        0.01879905800955933,
        0.6702863068237622,
        0.0009652260788477409
      ],
      [
        0.13018507396303156,
        0.21420715482184943,
        0.003768509175216487,
        0.020481191714371363,
        0.6305298512328118,
        0.0008282190927194011
      ],
      [
        0.786888882164314,
        0.14947045575809517,
        0.00950256172723273,
        0.015461824136972507,
        0.03822475111513631,
        0.0004515250982492553
      ],
      [
        0.788671662191258,
        0.15011741120213704,
        0.009255806225448157,
        0.014352502934555686,
        0.037163025452109436,
        0.0004395919944916097
      ],
      [
        0.7928756522905762,
        0.14756236336908185,
        0.009095090652786431,
        0.01425575156081424,
        0.03577671207540044,
        0.000434430051340741
      ],
      [
        0.7874944516032576,
        0.1521266734235777,
        0.009234138410103714,
        0.014321624123547051,
        0.03638352264535421,
        0.0004395897941597686
      ],
      [
        0.7949993134463272,
        0.14574918133141188,
        0.009123100127096464,
        0.014300167365320724,
        0.03539380482994372,
        0.0004344328998999641
      ],
      [
        0.7973498168187574,
        0.13136168558885866,
        0.023955399444339755,
        0.013409748625012544,
        0.033510563759685794,
        0.00041278576334580333
      ],
      [
        0.9872846991732848,
        0.006592703316632449,
        0.000715190848086499,
        0.0008947858484820943,
        0.004005645603883902,
        0.0005069752096302704
      ]
    ],
    [
      [
        0.9879269949317248,
        0.006245858804863397,
        0.0006775643982657652,
        0.000847710840575754,
        0.0037949071363581654,
        0.0005069638882120968
      ],
      [
        0.06913293208665054,
        0.12095437193959883,
        0.026336320814295745,
        0.012888621240599009,
        0.7701468798273057,
        0.000540874091550246
      ],
      [
        0.1278740728957936,
        0.20970871861229018,
        0.012913141836845074,
        0.023317730731841468,
        0.6254303433418185,
        0.0007559925814111856
      ],
      [
        0.7619738620134651,
        0.16485656835741205,
        0.009990601161029775,
        0.015956319397126686,
        0.046756354748738745,
        0.0004662943222277562
      ],
      [
        0.6025810933793483,
        0.2855377268391331,
        0.006729531551348922,
        0.027763079984512447,
        0.0757592360079265,
        0.0016293322377306891
      ],
      [
        0.2615546976194329,
        0.24151818452482515,
        0.022924001718818737,
        0.017744226223900948,
        0.45410392577775066,
        0.0021549641352716737
      ],
      [
        0.6411360446215659,
        0.22466039940398255,
        0.00984454122100096,
        0.024584036617063407,
        0.09897758942702818,
        0.0007973887093589536
      ],
      [
        0.1244105857765101,
        0.21795278686408953,
        0.01157702360459981,
        0.020335628219352125,
        0.6250255290264055,
        0.0006984465090429613
      ],
      [
        0.21927976165356852,
        0.17259060236158827,
        0.08377125226159778,
        0.023724965551817842,
        0.49918090450892,
        0.0014525136625076127
      ],
      [
        0.6629579369404406,
        0.2209468455485103,
        0.009892519046882027,
        0.02506274241035542,
        0.0787591765156046,
        0.0023807795382071164
      ],
      [
        0.604633760927722,
        0.29209158271298996,
        0.006699347359591452,
        0.024263012522041886,
        0.07068297544892559,
        0.001629321028729028
      ],
      [
        0.5068187267108372,
        0.2813834550736538,
        0.0073748949422800195,
        0.030538581017983093,
        0.1718333634986645,
        0.002050978756581423
      ],
      [
        0.5703629838303002,
        0.2796323757880382,
        0.007032122946135671,
        0.05556460569730574,
        0.08514984320546101,
        0.002258068532759265
      ],
      [
        0.5442283678956702,
        0.32518756892401296,
        0.004106534632993701,
        0.03499236946506171,
        0.08938840693611395,
        0.0020967521461475384
      ],
      [
        0.6124270228286298,
        0.2638455137819132,
        0.0029656331043594365,
        0.0236104797130897,
        0.09614262609420444,
        0.0010087244778034853
      ],
      [
        0.6528273920844576,
        0.21766438092960977,
        0.009991974147654792,
        0.021530608717967935,
        0.09718065330734717,
        0.0008049908129627469
      ],
      [
        0.6153443508925311,
        0.278680095838407,
        0.006933704723635431,
        0.024349057902990322,
        0.07306338034634044,
        0.0016294102960956772
      ],
      [
        0.6118269324297426,
        0.28462458325899553,
        0.006853983799908121,
        0.022202839130347447,
        0.07286228144456804,
        0.0016293799364382184
      ],
      [
        0.6006463721962358,
        0.2797736852654924,
        0.006361379552491859,
        0.041763533698462245,
        0.06982583643902589,
        0.0016291928482917064
      ],
      [
        0.6130037027818603,
        0.2899726735955469,
        0.0026719145770818364,
        0.025435105430584627,
        0.06806548127569248,
        0.0008511223392337088
      ],
      [
        0.21711450483486552,
        0.1542799273309483,
        0.08361616077178986,
        0.026006671613104704,
        0.517580456741835,
        0.0014022787074566862
      ],
      [
        0.7860956875362654,
        0.1501688972884438,
        0.009279934146432203,
        0.01484424148483676,
        0.0391702987462479,
        0.00044094079777398654
      ],
      [
        0.7784307260426399,
        0.15601776441411197,
        0.009702673276161923,
        0.01504165089042032,
        0.04034839857301202,
        0.00045878680365381427
      ],
      [
        0.7858495945944591,
        0.15042033271720748,
        0.009302663387829306,
        0.014883142112254283,
        0.03910332405113007,
        0.000440943137119759
      ],
      [
        0.7858535582429781,
        0.15042078317475654,
        0.00930176173996724,
        0.014881171904966751,
        0.03910178189279066,
        0.00044094304454081283
      ],
      [
        0.6949454615469474,
        0.21976317372858334,
        0.004631869440450735,
        0.019768693890256487,
        0.060035965553993105,
        0.0008548358397690774
      ],
      [
        0.6426719789607277,
        0.2602627135767649,
        0.002517081532705158,
        0.023499442186594027,
        0.0700284906398353,
        0.001020293103372856
      ],
      [
        0.13417961765100517,
        0.23817328943424845,
        0.0039518227902613275,
        0.025136160143366847,
        0.5974766979529107,
        0.0010824120282074566
      ],
      [
        0.778131189632365,
        0.15454130386212794,
        0.010154907373619146,
        0.01493516574178734,
        0.04176242846019952,
        0.0004750049299009698
      ],
      [
        0.12511558540837567,
        0.21070661703808696,
        0.012698721415022318,
        0.022047912212807462,
        0.6287312452005981,
        0.0006999187251095838
      ],
      [
        0.6151878854171098,
        0.28766668328835265,
        0.002798224163165273,
        0.023716803425062292,
        0.06973918910000737,
        0.0008912146063025735
      ],
      [
        0.7776548250390399,
        0.154518324140288,
        0.010154865272070412,
        0.01492374259367155,
        0.04227323804482655,
        0.00047500491010356744
      ],
      [
        0.12325101038043332,
        0.2114822487429277,
        0.012870471935204688,
        0.02006194154054968,
        0.6315889148737782,
        0.0007454125271063865
      ],
      [
        0.677398918553338,
        0.2257227230461289,
        0.013653655012779044,
        0.019270905899784863,
        0.06327275085617114,
        0.0006810466317981009
      ],
      [
        0.6768515714714178,
        0.22243435603776388,
        0.014087731405978724,
        0.023876880949491346,
        0.06207170287000996,
        0.0006777572653383033
      ],
      [
        0.788386108088067,
        0.14762212303860045,
        0.00958552361048385,
        0.015365459971581195,
        0.03858825141875616,
        0.00045253387251128574
      ],
      [
        0.7806179131455945,
        0.15328211744660816,
        0.01025114302106204,
        0.014742332659144434,
        0.04062835591072256,
        0.0004781378168682756
      ],
      [
        0.7895177458522724,
        0.15008546720287277,
        0.009244934218835309,
        0.01435295161202445,
        0.03635931021146136,
        0.00043959090253375786
      ],
      [
        0.06871599104605794,
        0.11498548247886019,
        0.023506873193927375,
        0.013243006583449516,
        0.7790178607859793,
        0.0005307859117256299
      ],
      [
        0.9874879167990511,
        0.006482964279334409,
        0.0007032861177529837,
        0.0008798916642780807,
        0.003938969511965984,
        0.0005069716276173249
      ]
    ],
    [
      [
        0.9879269949317248,
        0.006245858804863397,
        0.0006775643982657652,
        0.000847710840575754,
        0.0037949071363581654,
        0.0005069638882120968
      ],
      [
        0.7219988552306921,
        0.18957148739391824,
        0.013588243240807277,
        0.018718380101362467,
        0.055362065227196604,
        0.0007609688060233238
      ],
      [
        0.7857880978901546,
        0.1501967913549739,
        0.009534467398521488,
        0.015522079792592083,
        0.038507035114086915,
        0.0004515284496711163
      ],
      [
        0.6185271255119821,
        0.2783163326422915,
        0.006471088732021771,
        0.02699983279815639,
        0.06805638608097835,
        0.001629234234569876
      ],
      [
        0.6826068099127073,
        0.1406502361392732,
        0.0952467727668388,
        0.022572126413612188,
        0.05814843439713506,
        0.0007756203704334495
      ],
      [
        0.6139548810239936,
        0.27009875787715054,
        0.006545393215870556,
        0.02976571193341278,
        0.07800599362042107,
        0.0016292623291513436
      ],
      [
        0.6161921954763653,
        0.2749342204770343,
        0.006564020236970962,
        0.023640518431280465,
        0.07703977610877391,
        0.001629269269575106
      ],
      [
        0.5196346469820474,
        0.2517200900145296,
        0.008012245841329773,
        0.023855752016261642,
        0.19454913717669584,
        0.002228127969135747
      ],
      [
        0.6399547500478634,
        0.22039786815960252,
        0.0107132757011163,
        0.020897476472555822,
        0.10711349412693534,
        0.0009231354919266099
      ],
      [
        0.3854585978091653,
        0.4234273263395001,
        0.007061340389222226,
        0.03944928167588257,
        0.1412900314960585,
        0.003313422290171403
      ],
      [
        0.6394472246105704,
        0.22106112422543941,
        0.010208293917050425,
        0.022623145418535297,
        0.10579200287677402,
        0.0008682089516305575
      ],
      [
        0.6060828934366492,
        0.2763494034406147,
        0.006881196972621708,
        0.024676129068442798,
        0.08438098734946547,
        0.0016293897322061214
      ],
      [
        0.15890359951184244,
        0.21009895013903568,
        0.009608706940224499,
        0.03438557251655164,
        0.5844480225567562,
        0.0025551483355896465
      ],
      [
        0.7407141573994486,
        0.1457161545441736,
        0.03502131981589662,
        0.02052013271233775,
        0.05720813631134603,
        0.0008200992167974874
      ],
      [
        0.6612172707003884,
        0.2352074745353467,
        0.009011749675506144,
        0.021070910836535568,
        0.0726785265319012,
        0.0008140677203218909
      ],
      [
        0.640163002407329,
        0.21716158849248085,
        0.010951300747260813,
        0.021478362657842653,
        0.10925557537830173,
        0.0009901703167848204
      ],
      [
        0.6808365658458938,
        0.14412196596817775,
        0.095250083600748,
        0.019200991371867666,
        0.05981477218347952,
        0.0007756210298331908
      ],
      [
        0.6790643185796791,
        0.14245379616513865,
        0.09536340087261033,
        0.023261510937117594,
        0.05908133235659788,
        0.0007756410888564044
      ],
      [
        0.6827403615071179,
        0.14147401620617914,
        0.09528811195421474,
        0.022712596911168396,
        0.05700928566382267,
        0.0007756277574971772
      ],
      [
        0.7649832495467209,
        0.1632180527872708,
        0.00950547029555367,
        0.017727370800545393,
        0.04411790593016339,
        0.0004479506397458287
      ],
      [
        0.758098354398665,
        0.1708842262361127,
        0.009736845629711124,
        0.016397770350231912,
        0.0444253902340172,
        0.0004574131512619259
      ],
      [
        0.12834372248207832,
        0.21773655264689873,
        0.012911039046865035,
        0.020430363322051056,
        0.6198208325009802,
        0.0007574900011266687
      ],
      [
        0.6524166789661554,
        0.20999717325539546,
        0.010718703033477986,
        0.022734501205437855,
        0.10321426381107199,
        0.0009186797284612977
      ],
      [
        0.1260240235641306,
        0.2155624014458002,
        0.012904009413295567,
        0.021628825753378662,
        0.6231271639566255,
        0.0007535758667695614
      ],
      [
        0.7693940894907114,
        0.16129680790301573,
        0.009484044174524826,
        0.01592627692862013,
        0.04345083309520273,
        0.00044794840792516976
      ],
      [
        0.7860400051854665,
        0.14704857626600937,
        0.006211347842684091,
        0.01709164709743384,
        0.04300392148339163,
        0.0006045021250146411
      ],
      [
        0.7817341248474978,
        0.150653479508675,
        0.006007258613332134,
        0.0160762761558449,
        0.0449758725930515,
        0.000552988281598598
      ],
      [
        0.14619669144420272,
        0.20419890979941227,
        0.003359313239607694,
        0.019322249957914324,
        0.6254323272176278,
        0.0014905083412351484
      ],
      [
        0.21109741336425472,
        0.21463206914377633,
        0.004663000858320077,
        0.020559519712015452,
        0.5479651572133116,
        0.0010828397083217775
      ],
      [
        0.7607806817732053,
        0.16811003554266093,
        0.009905809955179609,
        0.01611691669202978,
        0.044622821214143515,
        0.0004637348227808685
      ],
      [
        0.6102593701800785,
        0.2886538211085116,
        0.002836420716804074,
        0.023439119443830706,
        0.07390787781936753,
        0.000903390731407636
      ],
      [
        0.1323918687171288,
        0.21670724908708278,
        0.013064726234258408,
        0.02066211075761822,
        0.6163747458029432,
        0.00079929940096865
      ],
      [
        0.7739512166215189,
        0.1547359380306099,
        0.010346885107078761,
        0.016224320721823927,
        0.04426090315376779,
        0.0004807363652007572
      ],
      [
        0.16102146432092912,
        0.26292225535428737,
        0.0032235744058954187,
        0.020342349725616944,
        0.5514315697709669,
        0.001058786422304182
      ],
      [
        0.15947234636335755,
        0.2654744866467373,
        0.0032519381265569093,
        0.023916330364034694,
        0.5468139642243733,
        0.0010709342749403087
      ],
      [
        0.7848085876083922,
        0.15017910469328904,
        0.009749635059906059,
        0.014740097515250315,
        0.04006358731856434,
        0.00045898780459800113
      ],
      [
        0.7802520108917631,
        0.15326446644756406,
        0.010251110679204466,
        0.014733558388659484,
        0.04102071579124751,
        0.0004781378015613242
      ],
      [
        0.7893934560385438,
        0.14985077055365853,
        0.009240044906922852,
        0.014326637081010122,
        0.03674950103011897,
        0.0004395903897456975
      ],
      [
        0.7991888313012865,
        0.12910587450594357,
        0.02397723360623171,
        0.013379214677482008,
        0.03393606234034796,
        0.00041278356870830046
      ],
      [
        0.988034303933276,
        0.006187911141715462,
        0.0006712781092639764,
        0.0008398459714246475,
        0.0037596988475886296,
        0.0005069619967313197
      ]
    ],
    [
      [
        0.9884434153347018,
        0.005973791838906589,
        0.000648049979858968,
        0.0008107849151570501,
        0.003629602587707008,
        0.0004943553436685849
      ],
      [
        0.7968425783520707,
        0.1309201161109538,
        0.023856860679686648,
        0.013192864242713256,
        0.034769093482565606,
        0.0004184871320100092
      ],
      [
        0.7881066907451614,
        0.15088844432391693,
        0.00925582358379037,
        0.014357216849914357,
        0.03695223249516477,
        0.0004395920020522185
      ],
      [
        0.12405404009619393,
        0.21911822825476576,
        0.011917038455821873,
        0.02117412183554146,
        0.6230487753036278,
        0.0006877960540490565
      ],
      [
        0.7603343763115712,
        0.16846293645904273,
        0.009525841000908732,
        0.016372462503145967,
        0.04485390946010098,
        0.0004504742652303271
      ],
      [
        0.6579929726511252,
        0.21508771444048133,
        0.010220713771910774,
        0.022958188734933205,
        0.09293948809341988,
        0.000800922308129609
      ],
      [
        0.209996487319493,
        0.16172997306254874,
        0.0831863959359262,
        0.02621685399146091,
