{
  "prediction": [
    [
      [
        0.9880006824822466,
        0.006212870994120952,
        0.000673985808541898,
        0.0008432336140410366,
        0.003774864147505798,
        0.0004943629535437646
      ],
      [
        0.9844081152643425,
        0.008099494176592668,
        0.0008786508099969941,
        0.0010992930245767797,
        0.004921153233196594,
        0.0005932934912944906
      ],
      [
        0.987668415797613,
        0.006392297566663617,
        0.0006934503948311518,
        0.0008675860458496668,
        0.00388388153036182,
        0.0004943686646808133
      ],
      [
        0.9882264528012334,
        0.006090953280455658,
        0.000660759908809224,
        0.0008266864952602206,
        0.0037007884413312315,
        0.0004943590729102465
      ],
      [
        0.9882264528012334,
        0.006090953280455658,
        0.000660759908809224,
        0.0008266864952602206,
        0.0037007884413312315,
        0.0004943590729102465
      ],
      [
        0.9882264528012334,
        0.006090953280455658,
        0.000660759908809224,
        0.0008266864952602206,
        0.0037007884413312315,
        0.0004943590729102465
      ],
      [
        0.9882723229467395,
        0.006066183048076565,
        0.0006580727799257188,
        0.000823324588568544,
        0.0036857383522143467,
        0.0004943582844752346
      ],
      [
        0.9880128582111826,
        0.006206296006581672,
        0.0006732725395400133,
        0.0008423412326427638,
        0.003770869265790756,
        0.0004943627442623054
      ],
      [
        0.9878131221954783,
        0.006314154995666424,
        0.0006849733181390842,
        0.0008569802498151487,
        0.003836403063493546,
        0.0004943661774074625
      ],
      [
        0.9882723229467395,
        0.006066183048076565,
        0.0006580727799257188,
        0.000823324588568544,
        0.0036857383522143467,
        0.0004943582844752346
      ],
      [
        0.9884434153347018,
        0.005973791838906589,
        0.000648049979858968,
        0.0008107849151570501,
        0.003629602587707008,
        0.0004943553436685849
      ],
      [
        0.988122150516738,
        0.006147277318587863,
        0.0006668700634248277,
        0.0008343310000755542,
        0.0037350102354726513,
        0.000494360865701004
      ],
      [
        0.9878576009832256,
        0.006290136107208976,
        0.0006823676966844316,
        0.0008537203182732918,
        0.0038218094817200382,
        0.0004943654128876828
      ],
      [
        0.9790019710189939,
        0.011245445233535215,
        0.0009115264372998306,
        0.001579803394326017,
        0.006476142624411678,
        0.0007851112914333385
      ],
      [
        0.9775397278292893,
        0.01202854614852148,
        0.0009750025533859223,
        0.0016898164225257184,
        0.006927122831014312,
        0.0008397842152633374
      ],
      [
        0.9817381882203416,
        0.009530196794471552,
        0.0010338565533009466,
        0.0012934732256840579,
        0.005790430580671571,
        0.0006138546255302273
      ],
      [
        0.9840928999702472,
        0.00829537005099945,
        0.0008998998524623582,
        0.001125878015901366,
        0.005040165009935429,
        0.0005457871004541538
      ],
      [
        0.9845572884996662,
        0.008048562893097265,
        0.0008731256731771231,
        0.0010923804441787294,
        0.004890208010571631,
        0.0005384344793091224
      ],
      [
        0.9847361413194238,
        0.007945748557398375,
        0.0008619721495901556,
        0.0010784261058464765,
        0.004827739282338481,
        0.0005499725854027086
      ],
      [
        0.9854173784158706,
        0.007585225839151609,
        0.0008228618580703089,
        0.0010294946416427627,
        0.004608690104469045,
        0.0005363491407956083
      ],
      [
        0.9874103728384557,
        0.006524838597823907,
        0.0007078287352370731,
        0.0008855750002026184,
        0.003964411833835669,
        0.000506972994444979
      ],
      [
        0.9877228144005503,
        0.006362921901489882,
        0.000690263658544126,
        0.0008635990729457153,
        0.003866033236814699,
        0.0004943677296551516
      ],
      [
        0.9879605626057404,
        0.0062345360368870305,
        0.0006763360796773535,
        0.0008461740730216404,
        0.0037880275615327823,
        0.0004943636431407771
      ],
      [
        0.9875839406977743,
        0.0064311106560881875,
        0.0006976609235034165,
        0.0008728539005497803,
        0.003907463887030965,
        0.000506969935053272
      ],
      [
        0.988034303933276,
        0.006187911141715462,
        0.0006712781092639764,
        0.0008398459714246475,
        0.0037596988475886296,
        0.0005069619967313197
      ],
      [
        0.9788074044617124,
        0.011349644897521079,
        0.0009199725900762125,
        0.0015944417638555398,
        0.006536150198267078,
        0.0007923860885676396
      ],
      [
        0.9782062910986474,
        0.011671569751020804,
        0.0009460669783992105,
        0.001639667005339099,
        0.006721543592864727,
        0.0008148615737286839
      ],
      [
        0.9791131436357544,
        0.01118590699904759,
        0.0009067004234214485,
        0.00157143923417207,
        0.006441855133775229,
        0.0007809545738292331
      ],
      [
        0.9854666981388182,
        0.007558592847182151,
        0.0008199726529599164,
        0.0010258799143947027,
        0.004592508225492089,
        0.0005363482211530155
      ],
      [
        0.9877029003611529,
        0.006366871548445655,
        0.0006906921248682233,
        0.0008641351335012706,
        0.0038684329938195945,
        0.0005069678382122495
      ],
      [
        0.9881689877314322,
        0.006121984861388079,
        0.0006641262824527234,
        0.0008308982151178859,
        0.0037196428489654904,
        0.0004943600606436075
      ],
      [
        0.9881689877314322,
        0.006121984861388079,
        0.0006641262824527234,
        0.0008308982151178859,
        0.0037196428489654904,
        0.0004943600606436075
      ],
      [
        0.9880389082133779,
        0.006185424796035827,
        0.0006710083850567962,
        0.0008395085154795331,
        0.0037581881744757906,
        0.0005069619155740338
      ],
      [
        0.9854173784158706,
        0.007585225839151609,
        0.0008228618580703089,
        0.0010294946416427627,
        0.004608690104469045,
        0.0005363491407956083
      ],
      [
        0.9877029003611529,
        0.006366871548445655,
        0.0006906921248682233,
        0.0008641351335012706,
        0.0038684329938195945,
        0.0005069678382122495
      ],
      [
        0.9879605626057404,
        0.0062345360368870305,
        0.0006763360796773535,
        0.0008461740730216404,
        0.0037880275615327823,
        0.0004943636431407771
      ],
      [
        0.9882723229467395,
        0.006066183048076565,
        0.0006580727799257188,
        0.000823324588568544,
        0.0036857383522143467,
        0.0004943582844752346
      ],
      [
        0.9877228144005503,
        0.006362921901489882,
        0.000690263658544126,
        0.0008635990729457153,
        0.003866033236814699,
        0.0004943677296551516
      ],
      [
        0.9841050236116924,
        0.008263165444261695,
        0.0008964062264187047,
        0.001121507088683668,
        0.005020597886221784,
        0.0005932997427217378
      ],
      [
        0.9878439754233292,
        0.006297494014649735,
        0.0006831658985463935,
        0.0008547189604290556,
        0.00382628005595618,
        0.0004943656470894355
      ]
    ],
    [
      [
        0.9844314654633276,
        0.008086884932376253,
        0.000877282931657601,
        0.0010975816517539746,
        0.004913492011200399,
        0.0005932930096841628
      ],
      [
        0.7634442432446573,
        0.09366306110161574,
        0.0872876465818656,
        0.012064174845205526,
        0.04264615781167107,
        0.0008947164149847931
      ],
      [
        0.7641630469575372,
        0.14348646919364855,
        0.03589669089853105,
        0.0141279225289954,
        0.041567083838721146,
        0.0007587865825666001
      ],
      [
        0.8008824098482098,
        0.12935251519944904,
        0.0214032368596294,
        0.013310067936136727,
        0.03462516867851543,
        0.00042660147805967873
      ],
      [
        0.6929907037958027,
        0.1248729369071822,
        0.1086214411100869,
        0.01968916580085598,
        0.05305014335964621,
        0.0007756090264260051
      ],
      [
        0.7988450329674031,
        0.12987113794260036,
        0.023846787700687745,
        0.013318962828165368,
        0.03370529708543231,
        0.0004127814757111281
      ],
      [
        0.798794380072435,
        0.13037541426209623,
        0.022891788270793714,
        0.01317776256485124,
        0.0343421688894666,
        0.00041848594035727915
      ],
      [
        0.7987062301351692,
        0.13062545472257658,
        0.02294783989709649,
        0.013220280893526965,
        0.03408170689019364,
        0.0004184874614371155
      ],
      [
        0.7975101657140934,
        0.1321439238751197,
        0.022866607363604775,
        0.013184221015290617,
        0.03387659615211074,
        0.0004184858797807595
      ],
      [
        0.7968315597061889,
        0.13253059569091355,
        0.022930945020463504,
        0.013180175731461474,
        0.03410823838820526,
        0.0004184854627673338
      ],
      [
        0.7707738354645096,
        0.1383735539150568,
        0.03552626258217282,
        0.013860995795777065,
        0.040706587145094,
        0.0007587650973896226
      ],
      [
        0.7999068249151522,
        0.12969899594604778,
        0.021516949014419303,
        0.013362542876989295,
        0.03508808319801323,
        0.0004266040493781626
      ],
      [
        0.6909767491155531,
        0.12505744161505497,
        0.10873315286512836,
        0.02042162599680103,
        0.054035381772127446,
        0.0007756486353351586
      ],
      [
        0.6531733540314312,
        0.2050019903937474,
        0.05212356913626702,
        0.023878558644311813,
        0.06489004789492778,
        0.0009324798993147772
      ],
      [
        0.653442839596466,
        0.19814256839693173,
        0.05781404361906143,
        0.022435607287450123,
        0.06721803631645673,
        0.0009469047836339966
      ],
      [
        0.6798836679438188,
        0.12545732091395817,
        0.1181444186899863,
        0.018969721185103237,
        0.05690604821953604,
        0.0006388230475975008
      ],
      [
        0.6820384805415973,
        0.12306971810295383,
        0.11947542874687359,
        0.01966958545047374,
        0.05510624581022704,
        0.0006405413478744851
      ],
      [
        0.684005523947508,
        0.13017961756997337,
        0.10891768148630206,
        0.01981786757869801,
        0.05630363564795298,
        0.000775673769565607
      ],
      [
        0.6864019966368227,
        0.12214207877485803,
        0.11789423225025482,
        0.021365643785621367,
        0.05157064319925948,
        0.0006254053531836565
      ],
      [
        0.20832643395490782,
        0.16612927700391292,
        0.04097843644136627,
        0.0832368726767756,
        0.49776020735073423,
        0.0035687725723031805
      ],
      [
        0.6876689422865673,
        0.125446737461352,
        0.11252935071960038,
        0.021255114729582823,
        0.052324242366154745,
        0.0007756124367427606
      ],
      [
        0.797520512275222,
        0.1296497049771516,
        0.024713336912436358,
        0.013392570727602584,
        0.0343110884561099,
        0.00041278665147745326
      ],
      [
        0.7664479786154377,
        0.14063619729234125,
        0.035719512872043294,
        0.013986820556008316,
        0.042450711467645195,
        0.0007587791965243427
      ],
      [
        0.7978470905920378,
        0.13059305304337707,
        0.02281037072894077,
        0.013276057191237376,
        0.03504682794684561,
        0.00042660049756127903
      ],
      [
        0.1715341316229841,
        0.1493157463311936,
        0.04012454517579619,
        0.0712687229395991,
        0.5648533082756253,
        0.0029035456548015775
      ],
      [
        0.7946623148346703,
        0.13280973844988342,
        0.01566257314124375,
        0.015177458353462956,
        0.0411860392141214,
        0.000501876006618074
      ],
      [
        0.6979572714491485,
        0.2128717059040909,
        0.011840881109315944,
        0.018898042748838113,
        0.05753998334697103,
        0.0008921154416354705
      ],
      [
        0.6600220250855787,
        0.22703941852814966,
        0.019609771685458167,
        0.021554030939381352,
        0.07085455300624455,
        0.0009202007551875176
      ],
      [
        0.20617103172890028,
        0.13494379104620768,
        0.09944624718897174,
        0.023506281849721755,
        0.5345843497859162,
        0.001348298400282311
      ],
      [
        0.6875822573485781,
        0.12489135927508857,
        0.10990921665734371,
        0.019563196240813867,
        0.05727836731948608,
        0.0007756031586896677
      ],
      [
        0.79539717916328,
        0.1319416403296551,
        0.02467630250495642,
        0.013382169360748762,
        0.03418992239729102,
        0.0004127862440685805
      ],
      [
        0.7970789738542822,
        0.1301149477035495,
        0.02479671486318969,
        0.01341304105680633,
        0.0341835356337472,
        0.00041278688842505824
      ],
      [
        0.6911360225339047,
        0.12507005524730805,
        0.10874629516166148,
        0.020425460519621387,
        0.05384651789796455,
        0.000775648639539748
      ],
      [
        0.12550187246910086,
        0.20719326715822778,
        0.02278076192481043,
        0.020725829230765554,
        0.6231094759353197,
        0.0006887932817757365
      ],
      [
        0.6500853687133871,
        0.11844885589902006,
        0.15179269873193055,
        0.021433454225681985,
        0.057122021502202386,
        0.0011176009277779834
      ],
      [
        0.6793966191461404,
        0.21372424153885253,
        0.029486287735757944,
        0.01960881416411434,
        0.05713455751238884,
        0.0006494799027459851
      ],
      [
        0.7515444852261206,
        0.10096165319911442,
        0.09406813532845433,
        0.013742363777242136,
        0.03890154423899975,
        0.0007818182300687969
      ],
      [
        0.7990112670309368,
        0.1304533650461333,
        0.02289271448537204,
        0.01319467557158787,
        0.03402949133627215,
        0.0004184865296978054
      ],
      [
        0.799738224979457,
        0.12975783427271462,
        0.021880962506575657,
        0.01306565198023461,
        0.03513882966996931,
        0.0004184965910487471
      ],
      [
        0.9842113476149833,
        0.008205749859734327,
        0.0008901776584672376,
        0.0011137144351923752,
        0.004985712881890368,
        0.0005932975497323717
      ]
    ],
    [
      [
        0.9880006824822466,
        0.006212870994120952,
        0.000673985808541898,
        0.0008432336140410366,
        0.003774864147505798,
        0.0004943629535437646
      ],
      [
        0.7972661715225071,
        0.13098213771725825,
        0.023777085564845195,
        0.01319663437880891,
        0.0343594826094851,
        0.0004184882070954656
      ],
      [
        0.706473164846071,
        0.21295890566783013,
        0.002148042044492853,
        0.019627552839237734,
        0.0578539274256529,
        0.0009384071767153314
      ],
      [
        0.13937215084993387,
        0.23986175926221637,
        0.00392529223821057,
        0.024834908567150187,
        0.5909411691927621,
        0.0010647198897269475
      ],
      [
        0.19531245292049634,
        0.21809019105810115,
        0.0028859805669937616,
        0.021317156460845876,
        0.5607213630832104,
        0.0016728559103524458
      ],
      [
        0.6924145905342348,
        0.22540386628472234,
        0.004486442079568637,
        0.019073665396910966,
        0.0578301225936888,
        0.0007913131108744135
      ],
      [
        0.7656657124124087,
        0.16407179551966178,
        0.00647021907447793,
        0.017804526724730197,
        0.04536921455360384,
        0.0006185317151175596
      ],
      [
        0.6941201733236558,
        0.2245027979279126,
        0.004617859554697464,
        0.020071196093458553,
        0.05583916441483848,
        0.0008488086854370751
      ],
      [
        0.7670625912684204,
        0.1635766388129418,
        0.006475023792568862,
        0.017841788503249596,
        0.0444236342687697,
        0.000620323354049754
      ],
      [
        0.6618043568400297,
        0.24145793130437163,
        0.009153803923080316,
        0.02132328557264041,
        0.06538436547835201,
        0.0008762568815260122
      ],
      [
        0.7858794398701072,
        0.1506195557583334,
        0.005857099250009237,
        0.015323221801714828,
        0.04177802282430686,
        0.0005426604955283456
      ],
      [
        0.14730392563850395,
        0.20094198543264025,
        0.0031698637454807732,
        0.03744272804811049,
        0.6097384449165217,
        0.0014030522187428191
      ],
      [
        0.2744403940954021,
        0.25552139382262473,
        0.005583493325133947,
        0.026470408501645844,
        0.4347338621842444,
        0.003250448070948923
      ],
      [
        0.25131657803923724,
        0.27684190262075853,
        0.005051754824764389,
        0.020832665192056378,
        0.4423792268364095,
        0.0035778724867739993
      ],
      [
        0.5794745465574851,
        0.2765397843395902,
        0.0039718315245114485,
        0.05496697073958018,
        0.08276187547232612,
        0.002284991366506901
      ],
      [
        0.33590642533097287,
        0.47584920578839085,
        0.0053660545241624455,
        0.039459368162513005,
        0.13984919195364653,
        0.0035697542403142555
      ],
      [
        0.6172184069338198,
        0.2800175441026231,
        0.00479464504594043,
        0.02585374953392186,
        0.07002103555048884,
        0.002094618833206027
      ],
      [
        0.6158683933475406,
        0.28568840972017134,
        0.007018027627910255,
        0.023557560065423516,
        0.06622966132520892,
        0.0016379479137452867
      ],
      [
        0.6118602122505516,
        0.28334073608459137,
        0.006655440092112317,
        0.028983667562476743,
        0.06753063942208572,
        0.001629304588182146
      ],
      [
        0.6160293737408153,
        0.273771536061039,
        0.006948008506738734,
        0.028058201465384618,
        0.07356346468332639,
        0.0016294155426959717
      ],
      [
        0.7580763753501422,
        0.17359366974156512,
        0.01002874202108036,
        0.01617797242923031,
        0.041655832954554654,
        0.0004674075034273627
      ],
      [
        0.7616705961167751,
        0.17053136996120324,
        0.009606933811887229,
        0.015952048521295926,
        0.04178492697611066,
        0.0004541246127278197
      ],
      [
        0.12193785573164626,
        0.2131032116942777,
        0.012718107754737163,
        0.020716974275200757,
        0.6308187967061946,
        0.0007050538379435563
      ],
      [
        0.7880335614264165,
        0.14819805646227852,
        0.009709786255012525,
        0.014693391083969864,
        0.03891365788251027,
        0.00045154688981242225
      ],
      [
        0.6724420688334863,
        0.22879900420601884,
        0.014437544595383062,
        0.019771810614528897,
        0.0637690616200818,
        0.0007805101305010896
      ],
      [
        0.6937855649685407,
        0.22053202548779696,
        0.004790481752282355,
        0.019459269078769218,
        0.06050862248773788,
        0.0009240362248729402
      ],
      [
        0.6200608523610335,
        0.2712470409246055,
        0.004873368682378513,
        0.021808885698888066,
        0.07988100643449542,
        0.0021288458985989933
      ],
      [
        0.761159421818323,
        0.16771916393303596,
        0.005993040684344342,
        0.01609862766352192,
        0.048438109857975614,
        0.000591636042799247
      ],
      [
        0.12794075435793592,
        0.2170900354887053,
        0.011565803706941899,
        0.019233255149457736,
        0.6234592070944783,
        0.0007109442024807826
      ],
      [
        0.7627297613846836,
        0.16821834532354918,
        0.009961052128639198,
        0.015686010546195582,
        0.042925504208271986,
        0.00047932640866039065
      ],
      [
        0.6183619643168154,
        0.282053991618864,
        0.006505836283991604,
        0.02327272228953856,
        0.06817623794996208,
        0.0016292475408282321
      ],
      [
        0.1319695131860208,
        0.21540358204633797,
        0.013081936955468275,
        0.02122697185393956,
        0.6175154886933835,
        0.0008025072648499733
      ],
      [
        0.6143506700044665,
        0.29337376380654084,
        0.0027058617889649033,
        0.021410400603563817,
        0.06729733859885714,
        0.000861965197606781
      ],
      [
        0.15843988956933605,
        0.2050570245299743,
        0.010184452772698603,
        0.0199966299001326,
        0.603628081149848,
        0.0026939220780105074
      ],
      [
        0.7598709624475818,
        0.1716995849548886,
        0.009750365742713443,
        0.015510776217303603,
        0.04271049971335219,
        0.00045781092416032206
      ],
      [
        0.12852639781204211,
        0.22361614271956115,
        0.012465120485530464,
        0.019032084390225756,
        0.6156052764611429,
        0.0007549781314975459
      ],
      [
        0.7643041189629507,
        0.1689246374547023,
        0.009736028853384466,
        0.014697378000463859,
        0.04187874393173877,
        0.0004590927967599869
      ],
      [
        0.7825253635322129,
        0.15466609418677707,
        0.00996455043422827,
        0.014699638429510461,
        0.037677178102843455,
        0.00046717531442784423
      ],
      [
        0.7975364743749227,
        0.13100354428440522,
        0.023799388488619917,
        0.013203141855894366,
        0.03403896278521238,
        0.0004184882109453486
      ],
      [
        0.9878292165365848,
        0.006305463927329951,
        0.0006840304920727788,
        0.0008558006661781835,
        0.0038311224770629063,
        0.0004943659007712783
      ]
    ],
    [
      [
        0.9883320261286976,
        0.006033942869316422,
        0.0006545752949514207,
        0.000818948833385639,
        0.0036661496153765783,
        0.0004943572582722772
      ],
      [
        0.7225325910779922,
        0.1907615298563413,
        0.014945699573884207,
        0.018724849678128073,
        0.05227437599320678,
        0.0007609538204473902
      ],
      [
        0.6269178991861073,
        0.27047367949482787,
        0.004392836791993906,
        0.02591901580619831,
        0.0703776030325461,
        0.0019189656883265118
      ],
      [
        0.7691015448090609,
        0.15865241621077208,
        0.005941133192894885,
        0.016639510921249604,
        0.04910436499854031,
        0.0005610298674822853
      ],
      [
        0.27278668831452085,
        0.26685630741127897,
        0.005480642932323688,
        0.032669651960168175,
        0.41900543709434807,
        0.003201272287360286
      ],
      [
        0.62384640730253,
        0.27589541654562133,
        0.002584133326400656,
        0.025241422839136152,
        0.07137809684982016,
        0.0010545231364917599
      ],
      [
        0.6192083329736474,
        0.27278208483979505,
        0.004452331673678159,
        0.02606460399918143,
        0.07554767475015958,
        0.0019449717635384226
      ],
      [
        0.6614376854308911,
        0.22098607100033044,
        0.009615398321865705,
        0.02235234341444626,
        0.08466605556025314,
        0.0009424462722133749
      ],
      [
        0.6610930834985299,
        0.23915097407468025,
        0.009154466273892263,
        0.023296843546529243,
        0.06642811159138351,
        0.0008765210149847864
      ],
      [
        0.6199847167490908,
        0.2552479812591244,
        0.0030221608848150405,
        0.029438588136930687,
        0.09128152325055386,
        0.0010250297194851815
      ],
      [
        0.5462541518913261,
        0.3357348397755452,
        0.004215415110954662,
        0.02852293614811824,
        0.08312009236732763,
        0.002152564706728182
      ],
      [
        0.7613343893429223,
        0.16627361332119778,
        0.005890181566416701,
        0.017941435569986657,
        0.04801622150945451,
        0.0005441586900221652
      ],
      [
        0.14528616313988252,
        0.24181517211611017,
        0.00303204164547334,
        0.027368841764338733,
        0.5810259971896726,
        0.0014717841445226352
      ],
      [
        0.1857112309448838,
        0.21852327476368769,
        0.0032399983568164805,
        0.021814850205635096,
        0.5688651170872825,
        0.0018455286416945499
      ],
      [
        0.5929591403971253,
        0.28853596711643403,
        0.0033800545750216804,
        0.026359696440062343,
        0.08682066236562358,
        0.0019444791057330881
      ],
      [
        0.5330398059672861,
        0.3417050259351759,
        0.004245324775353455,
        0.03273534858036064,
        0.08610674472705647,
        0.002167750014767452
      ],
      [
        0.1436501866794078,
        0.24918093033759695,
        0.003260256434871384,
        0.02332286718652559,
        0.5789938809883362,
        0.0015918783732621444
      ],
      [
        0.6033793598877327,
        0.2980662661085421,
        0.006748917685413049,
        0.022488412810160775,
        0.06768770344548511,
        0.0016293400626662307
      ],
      [
        0.4238512936025157,
        0.3698765521065105,
        0.0024786253101693064,
        0.03329435621769179,
        0.1695265331744449,
        0.0009726395886677701
      ],
      [
        0.16537858254298166,
        0.23455393090266113,
        0.01033244381934471,
        0.019225649563453642,
        0.5677683586615436,
        0.002741034510015237
      ],
      [
        0.16366781062287405,
        0.2044503590454505,
        0.009728634599277997,
        0.032686065183670406,
        0.586898696582156,
        0.0025684339665709944
      ],
      [
        0.12509202914630224,
        0.21772213035004484,
        0.011353271122293564,
        0.021853694556082853,
        0.6233413697131053,
        0.000637505112171234
      ],
      [
        0.6834786744247864,
        0.14178313946472754,
        0.09558846306792165,
        0.02265724213446816,
        0.05571385574115136,
        0.0007786251669448612
      ],
      [
        0.7806497594588964,
        0.15244809175735968,
        0.009960857990391871,
        0.01497462550152393,
        0.04149136912198158,
        0.0004752961698465722
      ],
      [
        0.07920356915452677,
        0.1332825283640184,
        0.012112696494274995,
        0.014650856429099749,
        0.760096255107416,
        0.0006540944506641855
      ],
      [
        0.3088740265977795,
        0.23610343716921003,
        0.006172236913393213,
        0.022961590915595208,
        0.42226579685394405,
        0.0036229115500780195
      ],
      [
        0.08397245568986171,
        0.032846404273922575,
        0.003612228390712917,
        0.006031038498918938,
        0.02773725422501142,
        0.8458006189215724
      ],
      [
        0.6422996719122005,
        0.23079931646302246,
        0.009233872281319588,
        0.022786722633712557,
        0.09390195717702311,
        0.0009784595327217928
      ],
      [
        0.5955456596922587,
        0.3046517598015699,
        0.002820855498109619,
        0.02512030608414779,
        0.07096291789580642,
        0.0008985010281075455
      ],
      [
        0.22042384766369472,
        0.27365714963165494,
        0.007106235804262257,
        0.026413023260597485,
        0.4693782095648864,
        0.003021534074904184
      ],
      [
        0.6132871493001308,
        0.2757945467830625,
        0.007142883675280356,
        0.023811040723861476,
        0.07829765978666117,
        0.001666719731003685
      ],
      [
        0.6054105653879742,
        0.2824065378690401,
        0.006372009769736456,
        0.022994577158661832,
        0.08118711305094378,
        0.0016291967636436954
      ],
      [
        0.6057064235662801,
        0.2834370467697647,
        0.006423383572639109,
        0.02812937359630957,
        0.07467455629361515,
        0.0016292162013913044
      ],
      [
        0.6071110821106399,
        0.30158678410700435,
        0.002618822393694254,
        0.022007785079941222,
        0.06584128380660656,
        0.0008342425021138264
      ],
      [
        0.5152797505588786,
        0.28354038768446377,
        0.0076533236899874405,
        0.02560265423757019,
        0.16579531044267184,
        0.0021285733864281624
      ],
      [
        0.604870769257709,
        0.2977410217293862,
        0.0028994517918280926,
        0.02391096240032223,
        0.06965416514009458,
        0.0009236296806597802
      ],
      [
        0.6135473265120455,
        0.29074855663643584,
        0.002672896942377819,
        0.02547516665400291,
        0.0667045416578434,
        0.000851511597294526
      ],
      [
        0.6145797827556969,
        0.29489071866352407,
        0.002955528054049417,
        0.021436723093736596,
        0.06519559877909929,
        0.000941648653893705
      ],
      [
        0.7956659055264713,
        0.1307547473764705,
        0.02592164748157964,
        0.013164015946054472,
        0.03407519732294259,
        0.0004184863464815345
      ],
      [
        0.9878931247207327,
        0.0062709530149533035,
        0.0006802866729586039,
        0.0008511167187093318,
        0.0038101540703550257,
        0.000494364802291006
      ]
    ],
    [
      [
        0.9884434153347018,
        0.005973791838906589,
        0.000648049979858968,
        0.0008107849151570501,
        0.003629602587707008,
        0.0004943553436685849
      ],
      [
        0.6922367155321271,
        0.12565217626835423,
        0.11006426246833759,
        0.019598408362060452,
        0.05167285846956099,
        0.0007755788995597231
      ],
      [
        0.1477900291589669,
        0.20807193178071454,
        0.0033393929068381493,
        0.01963746840707223,
        0.6196781954980906,
        0.0014829822483175637
      ],
      [
        0.6153772101434496,
        0.26910940221949636,
        0.004352782784190316,
        0.03149849035383031,
        0.07776073840068343,
        0.0019013760983500588
      ],
      [
        0.7568467272859735,
        0.16886352674347527,
        0.0063625848617465085,
        0.016719318861524786,
        0.050598016795997604,
        0.0006098254512823787
      ],
      [
        0.2997246168231314,
        0.25371144465179607,
        0.005641912079685124,
        0.029413091216282654,
        0.4081991313354577,
        0.003309803893646992
      ],
      [
        0.6671454780568598,
        0.2300296808108276,
        0.008295804313167406,
        0.024323898119889,
        0.06946144912665393,
        0.0007436895726022185
      ],
      [
        0.6248834529231402,
        0.27228492557456335,
        0.002525557134283502,
        0.022437194166400776,
        0.07684422037694472,
        0.001024649824667527
      ],
      [
        0.624361578584244,
        0.2733687577655322,
        0.0025215274941048343,
        0.022341319632347683,
        0.07638419026331113,
        0.0010226262604601604
      ],
      [
        0.6213328972891909,
        0.2644113450390914,
        0.004353143709970235,
        0.02393440106044453,
        0.08406652175115964,
        0.0019016911501431445
      ],
      [
        0.7392553370601456,
        0.14694087447436768,
        0.03716055263010352,
        0.020193757865708303,
        0.05555014586766264,
        0.0008993321020123109
      ],
      [
        0.6998883480075663,
        0.21477558007725428,
        0.004434084296968962,
        0.019510058621092737,
        0.06067034400749574,
        0.0007215849896220614
      ],
      [
        0.5938182819257788,
        0.2465160176271534,
        0.005740038859033567,
        0.027415716912227286,
        0.12431765534269233,
        0.002192289333114611
      ],
      [
        0.5410915736356396,
        0.26804991370329434,
        0.006457567044449586,
        0.023008853215663136,
        0.15798718060404657,
        0.003404911796906688
      ],
      [
        0.1812608472234495,
        0.30229826651200475,
        0.005315975926095985,
        0.03023740853194894,
        0.477107318552501,
        0.0037801832539998644
      ],
      [
        0.6100011037643537,
        0.26847126857751114,
        0.004580680509813137,
        0.027355809686728443,
        0.08759022704057404,
        0.0020009104210195186
      ],
      [
        0.7598812983759876,
        0.16620663432944066,
        0.005842772053746125,
        0.01703289098135111,
        0.0504578635613447,
        0.000578540698129733
      ],
      [
        0.608075661248614,
        0.2834758902954476,
        0.006728989508818837,
        0.024640502951220073,
        0.07544962358723824,
        0.0016293324086611683
      ],
      [
        0.6987123897225919,
        0.1989812205712981,
        0.009908317760385933,
        0.019480042038383924,
        0.07053724056638823,
        0.002380789340951959
      ],
      [
        0.6122942812714127,
        0.28174325292293634,
        0.006533967115227373,
        0.022536202808946724,
        0.07526303758087971,
        0.0016292583005971012
      ],
      [
        0.6813851350142082,
        0.1434174474218529,
        0.09537244117383005,
        0.020343602290876964,
        0.05870573144273328,
        0.0007756426564986429
      ],
      [
        0.7620857887240873,
        0.1657968411640655,
        0.010118297473083801,
        0.01576240672384332,
        0.04574453916780312,
        0.0004921267471169416
      ],
      [
        0.7839204691324608,
        0.15045339795756327,
        0.00976608239573385,
        0.014968865455026764,
        0.04043282483028176,
        0.0004583602289336321
      ],
      [
        0.7614907623605569,
        0.16683572080185682,
        0.010062215967669808,
        0.015686472659752194,
        0.04544578751566525,
        0.0004790406944990926
      ],
      [
        0.21995446402483976,
        0.21475656540206478,
        0.008382544273284566,
        0.0888672749665503,
        0.4641904792019108,
        0.003848672131349805
      ],
      [
        0.08468462812410835,
        0.033124975425567874,
        0.0036428637873430936,
        0.006082187882767776,
        0.027972494551121458,
        0.8444928502290914
      ],
      [
        0.19809971080511385,
        0.18279780962555167,
        0.0069620254706688695,
        0.025704430255025553,
        0.5846242186820855,
        0.0018118051615545795
      ],
      [
        0.14215450635217627,
        0.24380796766799342,
        0.0033199117925645427,
        0.02223592616115792,
        0.5868606818600913,
        0.0016210061660164904
      ],
      [
        0.36951104702593623,
        0.4285343003629083,
        0.002596900931849001,
        0.03658311189522594,
        0.161586005305967,
        0.00118863447811347
      ],
      [
        0.12638196087379341,
        0.22063440411715626,
        0.012468300563518562,
        0.02138756100058676,
        0.6183270910640872,
        0.0008006823808577309
      ],
      [
        0.6799835571708999,
        0.14147282838637926,
        0.09578490654804092,
        0.020049730375278792,
        0.061884569960331794,
        0.0008244075590693601
      ],
      [
        0.6104568436032713,
        0.2774035774134505,
        0.006388690239526465,
        0.021980781313946228,
        0.08214090441119572,
        0.0016292030186096835
      ],
      [
        0.6134304233538614,
        0.2807223360327107,
        0.006672192099677766,
        0.021521037848620233,
        0.0760247002050644,
        0.0016293104600654956
      ],
      [
        0.3731157997549159,
        0.4269416103094133,
        0.0023252180220414012,
        0.03563748873175864,
        0.16088560433880647,
        0.001094278843064359
      ],
      [
        0.6057830337509801,
        0.28541139535246013,
        0.00786595178624265,
        0.02210278027294019,
        0.07700138011627713,
        0.0018354587210999
      ],
      [
        0.15663088043371937,
        0.22097468183854574,
        0.010697417262592396,
        0.036116374310215194,
        0.5727366492490548,
        0.002843996905872509
      ],
      [
        0.6066448437433536,
        0.28363378117271526,
        0.006423478928476931,
        0.028155343072396068,
        0.07351333672730301,
        0.0016292163557550423
      ],
      [
        0.7607439860345065,
        0.17242174909406432,
        0.009667918255964792,
        0.01498027830093653,
        0.04173086541069623,
        0.00045520290383160617
      ],
      [
        0.6925552326633,
        0.12616585460584676,
        0.11009829028936065,
        0.01967775973259268,
        0.050727276519799885,
        0.0007755861891000527
      ],
      [
        0.9878931247207327,
        0.0062709530149533035,
        0.0006802866729586039,
        0.0008511167187093318,
        0.0038101540703550257,
        0.000494364802291006
      ]
    ],
    [
      [
        0.9855820732480999,
        0.007496289489106762,
        0.0008132138486636332,
        0.0010174238743696456,
        0.004554653469954664,
        0.000536346069805475
      ],
      [
        0.6739503966138272,
        0.20776427413039678,
        0.038496766406358775,
        0.02019813529232906,
        0.05897611543977075,
        0.0006143121173175357
      ],
      [
        0.6593063163674152,
        0.23836376396544245,
        0.009089771507882524,
        0.02184349722467746,
        0.07054852463728346,
        0.0008481262972989143
      ],
      [
        0.6960760580420853,
        0.21717999138712316,
        0.004776496903623701,
        0.020790616723939954,
        0.060415676869885276,
        0.0007611600733426347
      ],
      [
        0.4061695202342007,
        0.3998184464000383,
        0.002518711708504245,
        0.03628964125748934,
        0.15369060795336556,
        0.001513072446401795
      ],
      [
        0.6293050408188888,
        0.27399315464223906,
        0.001960117964929625,
        0.023378681288788537,
        0.0705887176054262,
        0.0007742876797278259
      ],
      [
        0.1832511674480516,
        0.2699595443677408,
        0.0044276832818331575,
        0.058431323695024004,
        0.4812532939651373,
