[
  [
    [
      0.9838325280906994,
      0.008410314621631287,
      0.0009123692904159401,
      0.0011414787141614774,
      0.005110003920004406,
      0.0005933053630874253
    ],
    [
      0.9846811963121664,
      0.007977827980349758,
      0.000865452195423379,
      0.0010827800426620392,
      0.004847230345920267,
      0.0005455131234781782
    ],
    [
      0.9849818286821697,
      0.007815484470076161,
      0.0008478408170225049,
      0.0010607461866534967,
      0.004748592421989136,
      0.0005455074220889861
    ],
    [
      0.9872992606465303,
      0.006584840012209025,
      0.0007143378196565434,
      0.0008937186119961698,
      0.0040008679566452925,
      0.0005069749529626439
    ],
    [
      0.9879448285510155,
      0.006243032547798408,
      0.000677257799729453,
      0.000847327250612052,
      0.0037931899372603004,
      0.0004943639135842101
    ],
    [
      0.987994022090777,
      0.006216467656887476,
      0.0006743759823705583,
      0.0008437217662891638,
      0.003777049435650502,
      0.0004943630680253248
    ],
    [
      0.9874103728384557,
      0.006524838597823907,
      0.0007078287352370731,
      0.0008855750002026184,
      0.003964411833835669,
      0.000506972994444979
    ],
    [
      0.9853868940577748,
      0.007601578872418011,
      0.0008246358708187785,
      0.001031714135231928,
      0.004618626006733671,
      0.0005365510570227506
    ],
    [
      0.9855961565389033,
      0.00748857568409258,
      0.0008123770382559591,
      0.0010163769284912796,
      0.00454996665672187,
      0.0005365471535349672
    ],
    [
      0.9875604834636964,
      0.006443777737871548,
      0.0006990350761883352,
      0.0008745731232990768,
      0.003915160250422831,
      0.0005069703485219159
    ],
    [
      0.9879605626057404,
      0.0062345360368870305,
      0.0006763360796773535,
      0.0008461740730216404,
      0.0037880275615327823,
      0.0004943636431407771
    ],
    [
      0.987668415797613,
      0.006392297566663617,
      0.0006934503948311518,
      0.0008675860458496668,
      0.00388388153036182,
      0.0004943686646808133
    ],
    [
      0.9882324753993005,
      0.006087701031045955,
      0.0006604070976933884,
      0.0008262450880547433,
      0.0036988124145141527,
      0.0004943589693913427
    ],
    [
      0.9815427724830043,
      0.009834059289202508,
      0.0007971231767107248,
      0.0013815264689347859,
      0.005663339175213329,
      0.0007811794069344013
    ],
    [
      0.9810926704077989,
      0.010084465729373918,
      0.000817420469129677,
      0.001416704528667288,
      0.005807545810606053,
      0.0007811930544241232
    ],
    [
      0.9849582151048732,
      0.007832059765128917,
      0.0008496389412147701,
      0.0010629958464266286,
      0.004758663367786688,
      0.0005384269745697724
    ],
    [
      0.9843376329714673,
      0.008163212578620835,
      0.0008855631213504067,
      0.0011079411195515463,
      0.004959867752068801,
      0.0005457824569411552
    ],
    [
      0.9817767022562641,
      0.009510097674728098,
      0.0010316761569134968,
      0.0012907452995133144,
      0.005778218602250036,
      0.0006125600103308054
    ],
    [
      0.9842863096797351,
      0.008190927502540595,
      0.0008885696968006958,
      0.0011117026905678841,
      0.004976706999617085,
      0.0005457834307386043
    ],
    [
      0.9846582653406508,
      0.00799403470354437,
      0.0008672103361358567,
      0.0010849796785122102,
      0.004857077351981359,
      0.0005384325891754616
    ],
    [
      0.9879479468485983,
      0.006241348643051681,
      0.0006770751260664551,
      0.0008470987048903356,
      0.003792166817407619,
      0.0004943638599856229
    ],
    [
      0.9882324753993005,
      0.006087701031045955,
      0.0006604070976933884,
      0.0008262450880547433,
      0.0036988124145141527,
      0.0004943589693913427
    ],
    [
      0.9878439754233292,
      0.006297494014649735,
      0.0006831658985463935,
      0.0008547189604290556,
      0.00382628005595618,
      0.0004943656470894355
    ],
    [
      0.9883320261286976,
      0.006033942869316422,
      0.0006545752949514207,
      0.000818948833385639,
      0.0036661496153765783,
      0.0004943572582722772
    ],
    [
      0.9883320261286976,
      0.006033942869316422,
      0.0006545752949514207,
      0.000818948833385639,
      0.0036661496153765783,
      0.0004943572582722772
    ],
    [
      0.9815427724830043,
      0.009834059289202508,
      0.0007971231767107248,
      0.0013815264689347859,
      0.005663339175213329,
      0.0007811794069344013
    ],
    [
      0.9799812165424145,
      0.010721012587320106,
      0.0008690172958936169,
      0.001506129079313987,
      0.0061741269600021865,
      0.0007484975350556099
    ],
    [
      0.9807680251638731,
      0.010289015173804717,
      0.0008340007131717399,
      0.0014454404212805583,
      0.005925343847799602,
      0.0007381746800702745
    ],
    [
      0.9860698451620085,
      0.007232780548740535,
      0.0007846278235556262,
      0.0009816594755389927,
      0.0043945486725949605,
      0.0005365383175613927
    ],
    [
      0.985802666406817,
      0.0073770589259567814,
      0.0008002794568850839,
      0.0010012414655019507,
      0.0044822104434460355,
      0.0005365433013931874
    ],
    [
      0.9876085738822663,
      0.006417808552289127,
      0.0006962178822439406,
      0.0008710484902859192,
      0.003899381692057822,
      0.0005069695008567528
    ],
    [
      0.9876085738822663,
      0.006417808552289127,
      0.0006962178822439406,
      0.0008710484902859192,
      0.003899381692057822,
      0.0005069695008567528
    ],
    [
      0.9880579811263592,
      0.006181929284344052,
      0.0006706291843175438,
      0.0008390340918258685,
      0.0037560643444823844,
      0.0004943619686709971
    ],
    [
      0.9880579811263592,
      0.006181929284344052,
      0.0006706291843175438,
      0.0008390340918258685,
      0.0037560643444823844,
      0.0004943619686709971
    ],
    [
      0.9876085738822663,
      0.006417808552289127,
      0.0006962178822439406,
      0.0008710484902859192,
      0.003899381692057822,
      0.0005069695008567528
    ],
    [
      0.9874879880507799,
      0.006482925802868214,
      0.0007032819437419345,
      0.0008798864421111188,
      0.0039389461341374585,
      0.0005069716263614073
    ],
    [
      0.98586086646203,
      0.007345630493280706,
      0.0007968700318980799,
      0.0009969758834716513,
      0.004463114913564041,
      0.0005365422157556507
    ],
    [
      0.9853868940577748,
      0.007601578872418011,
      0.0008246358708187785,
      0.001031714135231928,
      0.004618626006733671,
      0.0005365510570227506
    ],
    [
      0.9833430040129482,
      0.008692699918096371,
      0.0009430030638418589,
      0.0011798050812010675,
      0.005281577759605701,
      0.0005599101643069029
    ],
    [
      0.9872118283021095,
      0.006632054131896032,
      0.0007194597104316702,
      0.0009001266853031989,
      0.004029554676171769,
      0.0005069764940877722
    ]
  ],
  [
    [
      0.9839558436057398,
      0.008343723521238185,
      0.0009051453424726128,
      0.0011324407260396286,
      0.005069543984870595,
      0.0005933028196390526
    ],
    [
      0.9831301842491185,
      0.008803763062078003,
      0.0009550514361590208,
      0.0011948789780154407,
      0.005349058362489982,
      0.0005670639121391202
    ],
    [
      0.17844911367600894,
      0.14887682659796697,
      0.03779639166016337,
      0.06785749529448717,
      0.5639284883822323,
      0.003091684389141263
    ],
    [
      0.7897497902153707,
      0.13544361882342476,
      0.022152438820953597,
      0.014687901107119556,
      0.03751475581302938,
      0.000451495220101924
    ],
    [
      0.798063924297226,
      0.12943892981083385,
      0.023990876859802533,
      0.013416845151389536,
      0.03467663676591086,
      0.0004127871148372447
    ],
    [
      0.7979773149370732,
      0.12943818959022663,
      0.023988728057376524,
      0.013415295185395646,
      0.03476768509781018,
      0.0004127871321176971
    ],
    [
      0.7897499357060501,
      0.1352696503433478,
      0.022122825115435372,
      0.014655988632305236,
      0.03775010640469007,
      0.00045149379817138464
    ],
    [
      0.0795043181243174,
      0.13073303283808302,
      0.02054533727738305,
      0.014036410854523063,
      0.7544557831020091,
      0.0007251178036843347
    ],
    [
      0.07432033448156548,
      0.12289433994445359,
      0.02180345771280426,
      0.01329611479193047,
      0.7670356260544515,
      0.0006501270147946186
    ],
    [
      0.799183989752568,
      0.12973622958968792,
      0.021516769114583965,
      0.013352753902052084,
      0.03578365288934377,
      0.00042660475176433543
    ],
    [
      0.7972109350893534,
      0.13063345731499956,
      0.022956393810902573,
      0.013193738422191644,
      0.035586987285574065,
      0.00041848807697883315
    ],
    [
      0.7974786034640582,
      0.13064636899630336,
      0.022956417767441673,
      0.01320015701627182,
      0.03529996466914555,
      0.00041848808677937395
    ],
    [
      0.7644945080757001,
      0.14199095761358765,
      0.03701937418318335,
      0.013985859598100087,
      0.041770171592220094,
      0.0007391289372087
    ],
    [
      0.7502902357258561,
      0.13493826895396302,
      0.048802640603402815,
      0.01658804454636294,
      0.04860296507296812,
      0.0007778450974470719
    ],
    [
      0.6751326690403319,
      0.12153065649080264,
      0.09781842811757112,
      0.020221192188180782,
      0.08393927724313517,
      0.0013577769199783663
    ],
    [
      0.686855136514288,
      0.12555161235492962,
      0.11654137567989799,
      0.02086813812521895,
      0.04953995336927501,
      0.0006437839563903419
    ],
    [
      0.6702664002958355,
      0.12292485341914061,
      0.1291663813130387,
      0.021174007206888033,
      0.055864572112834764,
      0.0006037856522624873
    ],
    [
      0.6805327282164143,
      0.12196567200545791,
      0.12193094551289724,
      0.019489520183594542,
      0.05546323753009432,
      0.0006178965515416597
    ],
    [
      0.6722047667538747,
      0.1255367835453027,
      0.12964016921690386,
      0.019632105761260184,
      0.05233920538181939,
      0.000646969340839113
    ],
    [
      0.6873398931740513,
      0.12546337412099082,
      0.11653342951863349,
      0.020844730546083285,
      0.049174791036354665,
      0.0006437816038864936
    ],
    [
      0.6907886603933098,
      0.12644203760932746,
      0.11040935923958235,
      0.019743094859894547,
      0.05184126046042315,
      0.000775587437462743
    ],
    [
      0.7983249549721342,
      0.13048322980544869,
      0.02296546416332117,
      0.013199273386296055,
      0.034608591607648564,
      0.00041848606515130886
    ],
    [
      0.7982196845907585,
      0.13050783110790812,
      0.022940540146062997,
      0.013193474973476017,
      0.03471998257779232,
      0.00041848660400192376
    ],
    [
      0.7970638343006238,
      0.1309118467465406,
      0.023789380360352875,
      0.013184525789560185,
      0.034631925471655584,
      0.00041848733126701685
    ],
    [
      0.6905126768289396,
      0.12657801560513102,
      0.11060713501038962,
      0.019724739333273084,
      0.05180184299392034,
      0.0007755902283464468
    ],
    [
      0.752151732853874,
      0.12570972598520816,
      0.058287611076922805,
      0.01616527590633252,
      0.046905315473696106,
      0.0007803387039664036
    ],
    [
      0.6698348698279583,
      0.18571690612950323,
      0.0640478537992328,
      0.021010110840734297,
      0.05800860201665272,
      0.0013816573859188087
    ],
    [
      0.16589214622545714,
      0.18317051673405893,
      0.016495337274157296,
      0.022935000435282862,
      0.6103896680446144,
      0.0011173312864295219
    ],
    [
      0.07290771492770491,
      0.12208199844697136,
      0.024876636386063314,
      0.013055936479672342,
      0.766524722279137,
      0.0005529914804509655
    ],
    [
      0.740038229914017,
      0.10208368171114247,
      0.09702948529576629,
      0.014558983309144374,
      0.045330248757125664,
      0.0009593710128041391
    ],
    [
      0.06853289033932045,
      0.11495846727624255,
      0.023590040483090744,
      0.013220565615872528,
      0.7791672505724807,
      0.000530785712992967
    ],
    [
      0.7970430023833908,
      0.13079654976852387,
      0.023938819801373704,
      0.01336828009969447,
      0.034440563330322235,
      0.00041278461669486637
    ],
    [
      0.798668333412598,
      0.12911003423168954,
      0.023904676877980632,
      0.013368951485523892,
      0.03453521911467803,
      0.00041278487752977256
    ],
    [
      0.798668333412598,
      0.12911003423168954,
      0.023904676877980632,
      0.013368951485523892,
      0.03453521911467803,
      0.00041278487752977256
    ],
    [
      0.7978470905920378,
      0.13059305304337707,
      0.02281037072894077,
      0.013276057191237376,
      0.03504682794684561,
      0.00042660049756127903
    ],
    [
      0.06871156394899097,
      0.11505294924669517,
      0.02352455783398564,
      0.013240771543197744,
      0.778937771040089,
      0.0005323863870415979
    ],
    [
      0.8000948255350296,
      0.12955427309020703,
      0.02145605261532465,
      0.013336156292210032,
      0.035132089093337975,
      0.0004266033738905954
    ],
    [
      0.06932042589862351,
      0.12106544700758956,
      0.026349932148282948,
      0.012919607940039482,
      0.7698037120599274,
      0.0005408749455371299
    ],
    [
      0.07247974557990815,
      0.11972334372291848,
      0.024451179299954554,
      0.015620467959409277,
      0.7670959887647714,
      0.000629274673038228
    ],
    [
      0.9833430040129482,
      0.008692699918096371,
      0.0009430030638418589,
      0.0011798050812010675,
      0.005281577759605701,
      0.0005599101643069029
    ]
  ],
  [
    [
      0.9846811963121664,
      0.007977827980349758,
      0.000865452195423379,
      0.0010827800426620392,
      0.004847230345920267,
      0.0005455131234781782
    ],
    [
      0.9778532674715571,
      0.01155760019308082,
      0.0012537936999349713,
      0.0015686398429445953,
      0.007022255997485069,
      0.0007444427949974048
    ],
    [
      0.07855392672236645,
      0.12492752659681877,
      0.020421903603461918,
      0.013223357069393458,
      0.7621219878641665,
      0.0007512981437929677
    ],
    [
      0.12449570002738923,
      0.20975921705420886,
      0.012682933605221986,
      0.02097686889535999,
      0.6313905150923358,
      0.0006947653254840369
    ],
    [
      0.7199526201089161,
      0.2023777130585658,
      0.003404043236308709,
      0.018840501538984658,
      0.054682298645580774,
      0.0007428234116438946
    ],
    [
      0.7882664734642165,
      0.1500722549414484,
      0.009250702887602715,
      0.014333627171308958,
      0.03763735007697964,
      0.0004395914584437552
    ],
    [
      0.10148348365573266,
      0.13003589173325625,
      0.07856006538703462,
      0.01881655009750746,
      0.6701387583192532,
      0.0009652508072158038
    ],
    [
      0.17817153405612368,
      0.19015263347526673,
      0.030111533521994308,
      0.05607853181831536,
      0.542772371080703,
      0.00271339604759699
    ],
    [
      0.1567729464348745,
      0.26508289400006496,
      0.0031460893472464433,
      0.02376419225687933,
      0.5502148488713816,
      0.0010190290895531922
    ],
    [
      0.6697617515959371,
      0.21350213489424663,
      0.011224088727021997,
      0.03545881505046417,
      0.06896445607410322,
      0.0010887536582269157
    ],
    [
      0.7892099646388552,
      0.14963147060064397,
      0.009228981256617705,
      0.014292097080532435,
      0.037197897180312876,
      0.0004395892430378211
    ],
    [
      0.7938697202023439,
      0.14565752857774403,
      0.009123626952155893,
      0.014278496320608068,
      0.03663619502760658,
      0.00043443291954143497
    ],
    [
      0.6867805117142535,
      0.20367811394997506,
      0.0045568926146146976,
      0.03500248513946523,
      0.0685188126922795,
      0.0014631838894120458
    ],
    [
      0.6336581453421952,
      0.26813307325793245,
      0.002533074394476265,
      0.02382991637353897,
      0.07081736950683085,
      0.0010284211250262611
    ],
    [
      0.13570783389157703,
      0.24056278225797942,
      0.00385638922191858,
      0.022303374200084984,
      0.5965298490673157,
      0.001039771361124332
    ],
    [
      0.13023367033254876,
      0.2212802607072196,
      0.011727053070254925,
      0.01943235410483284,
      0.6166348852467325,
      0.0006917765384113791
    ],
    [
      0.6105990283861931,
      0.2891085019062246,
      0.006603762266035616,
      0.02243333375645893,
      0.06962608886024162,
      0.0016292848248461004
    ],
    [
      0.40255806006889533,
      0.4164197901685787,
      0.004979801261071304,
      0.03675993419652318,
      0.13734926606169556,
      0.0019331482432359728
    ],
    [
      0.19095333967402223,
      0.21638561288586586,
      0.010089558758391813,
      0.021786103181202332,
      0.5581053132901008,
      0.002680072210416905
    ],
    [
      0.16497577867880595,
      0.20620585275451345,
      0.01003352583795079,
      0.019827281924654338,
      0.5963047473525932,
      0.002652813451482296
    ],
    [
      0.7598855156035431,
      0.17252837604454638,
      0.009516462271533688,
      0.015839506839240625,
      0.04177953329476713,
      0.0004506059463691406
    ],
    [
      0.7644010103342465,
      0.1684664052969103,
      0.00973599840005352,
      0.01468911186940694,
      0.042248381316468936,
      0.000459092782913888
    ],
    [
      0.7817855227367176,
      0.15460576802784778,
      0.009964482981959424,
      0.014681333596436703,
      0.03849571737381181,
      0.00046717528322671455
    ],
    [
      0.7638763175398139,
      0.16887457373697054,
      0.009735988579532676,
      0.014686446226278465,
      0.0423675811389556,
      0.0004590927784488296
    ],
    [
      0.6145453503065599,
      0.29340477303769846,
      0.0027058806278506373,
      0.021415563664606667,
      0.0670664483267917,
      0.0008619840364925156
    ],
    [
      0.20851719695655843,
      0.28483600732069914,
      0.004784481399755925,
      0.019648414393280918,
      0.47898576522150765,
      0.003228134708198009
    ],
    [
      0.7554129503712198,
      0.17011769408344718,
      0.006259880981456276,
      0.016930879567526733,
      0.050682901821323276,
      0.0005956931750266168
    ],
    [
      0.6262666196177408,
      0.2700482999299238,
      0.004359221795357406,
      0.02682359619855747,
      0.07059805108850103,
      0.001904211369919584
    ],
    [
      0.6135477895705228,
      0.29317451413302786,
      0.0026338148455456413,
      0.023082408459899353,
      0.06672246281274773,
      0.0008390101782566698
    ],
    [
      0.7918951702196959,
      0.14806246320997377,
      0.009108483425909938,
      0.014245391057682119,
      0.036254060691356074,
      0.0004344313953822046
    ],
    [
      0.7938770092207078,
      0.14570710163422426,
      0.00912777055897757,
      0.014285489981026278,
      0.03656819526378476,
      0.00043443334127935083
    ],
    [
      0.786888882164314,
      0.14947045575809517,
      0.00950256172723273,
      0.015461824136972507,
      0.03822475111513631,
      0.0004515250982492553
    ],
    [
      0.7857960344872473,
      0.15061403016561226,
      0.009760648159625051,
      0.014197856610450388,
      0.03917214107469384,
      0.0004592895023711364
    ],
    [
      0.07848426664626774,
      0.13927198741826102,
      0.012044104181342167,
      0.016241752297855,
      0.753354742605334,
      0.0006031468509401059
    ],
    [
      0.7860982050230882,
      0.15060598604477768,
      0.009761601830800931,
      0.014206017167043289,
      0.03886890032107771,
      0.0004592896132122439
    ],
    [
      0.7945774029057722,
      0.14545943527625751,
      0.009097494510236401,
      0.014230879849445786,
      0.036200357174589734,
      0.0004344302836984479
    ],
    [
      0.7933656460116887,
      0.14512100152336274,
      0.009090003731522345,
      0.01613496000392327,
      0.035853959195573396,
      0.0004344295339294702
    ],
    [
      0.786957779223086,
      0.1499222318020114,
      0.009537831080013723,
      0.015551636897627036,
      0.037578992167220215,
      0.00045152883004161045
    ],
    [
      0.06961285429189591,
      0.12142061708448892,
      0.0264273933831725,
      0.012968230621013252,
      0.7690282741854948,
      0.0005426304339345633
    ],
    [
      0.9854129432817283,
      0.007587512111170223,
      0.0008231098778499679,
      0.0010298049428575733,
      0.004610079215281531,
      0.0005365505711122954
    ]
  ],
  [
    [
      0.9833430040129482,
      0.008692699918096371,
      0.0009430030638418589,
      0.0011798050812010675,
      0.005281577759605701,
      0.0005599101643069029
    ],
    [
      0.10294381117119164,
      0.1232642821327246,
      0.08329366538598856,
      0.018349676248634535,
      0.6709654550247709,
      0.0011831100366896635
    ],
    [
      0.6698908421360289,
      0.2291540632942772,
      0.014704171710626152,
      0.020025065745719765,
      0.06536042447643872,
      0.0008654326369093447
    ],
    [
      0.7782307341017572,
      0.15454610586515127,
      0.010154916171452545,
      0.014937552802525919,
      0.04165568612507506,
      0.0004750049340379733
    ],
    [
      0.7859535518951734,
      0.15006302816979644,
      0.009274996014198829,
      0.014829773231477661,
      0.039437710406603536,
      0.00044094028275013875
    ],
    [
      0.785880599422809,
      0.14991380931120232,
      0.009274423996225318,
      0.014804353273780624,
      0.039685873779607035,
      0.0004409402163757148
    ],
    [
      0.7799786183818455,
      0.15425706853191176,
      0.00971083212183648,
      0.01500740398909852,
      0.04058728930595399,
      0.0004587876693538178
    ],
    [
      0.6655525923100922,
      0.21426728213456364,
      0.011468828730209527,
      0.0343013020524668,
      0.07324265717281124,
      0.0011673375998564708
    ],
    [
      0.12963100072486614,
      0.21166494610986453,
      0.0037967424961134408,
      0.020344777995675013,
      0.6337196422515868,
      0.00084289042189409
    ],
    [
      0.7589948545519318,
      0.1698737150040014,
      0.010069079716267183,
      0.01640721552020151,
      0.04418359768123262,
      0.0004715375263655222
    ],
    [
      0.7855679184224,
      0.1501609641871517,
      0.009289537586762842,
      0.014839264715369935,
      0.03970137331777368,
      0.00044094177054187865
    ],
    [
      0.12398326298532558,
      0.2122286491641762,
      0.012795653776222743,
      0.021129220768959803,
      0.6291347273786152,
      0.0007284859267005004
    ],
    [
      0.07696918865914461,
      0.1362645811048254,
      0.01267480522644332,
      0.013847714452489088,
      0.7595965716135453,
      0.0006471389435521658
    ],
    [
      0.13028629347790094,
      0.2383769572085672,
      0.003999329492636838,
      0.022002395990388564,
      0.6042296469037951,
      0.0011053769267113276
    ],
    [
      0.7651259818177469,
      0.16253031788863934,
      0.006326900100571501,
      0.01729649098854732,
      0.04811449112074796,
      0.0006058180837469999
    ],
    [
      0.6815885111525168,
      0.14370848867997124,
      0.09524949379217709,
      0.021890613470904673,
      0.056787272036207294,
      0.0007756208682228531
    ],
    [
      0.6582026968391624,
      0.22621897888412232,
      0.009158167310587351,
      0.027674523699334964,
      0.07636526029855327,
      0.002380372968239649
    ],
    [
      0.5997507029776077,
      0.2913729276568388,
      0.006770319461934376,
      0.025967517611385396,
      0.07450918453389428,
      0.0016293477583394997
    ],
    [
      0.12691068924915871,
      0.22357994956491745,
      0.011918676126781337,
      0.02089216590742469,
      0.6159847065142448,
      0.0007138126374731916
    ],
    [
      0.7623408544470349,
      0.16490101564007398,
      0.009990635845394131,
      0.015965731653317695,
      0.046335468075938344,
      0.00046629433824089744
    ],
    [
      0.13082887611193453,
      0.2156554426705649,
      0.012815827326135735,
      0.021928938018423157,
      0.6180417210461906,
      0.0007291948267510628
    ],
    [
      0.7853862050553841,
      0.15085245960136337,
      0.009305840279312593,
      0.014890083996126489,
      0.03912446760449831,
      0.0004409434633150267
    ],
    [
      0.6185882953785381,
      0.27927395219467877,
      0.006589189606332075,
      0.023053502577193657,
      0.07086578095071935,
      0.0016292792925380654
    ],
    [
      0.614278827572927,
      0.2749423554982787,
      0.006350076860335851,
      0.022971748310191893,
      0.0798278032009574,
      0.0016291885573091964
    ],
    [
      0.13082028320360314,
      0.2214757216435482,
      0.01180239054006948,
      0.02066692902219781,
      0.6145224917007021,
      0.0007121838898792942
    ],
    [
      0.20634085442473066,
      0.3283730260699189,
      0.005157972068834617,
      0.02823273529493229,
      0.4283795040034269,
      0.0035159081381566553
    ],
    [
      0.5985035079567149,
      0.29231402189516864,
      0.004861290209009726,
      0.02518834295166565,
      0.0770094166561472,
      0.0021234203312938777
    ],
    [
      0.6150513860499794,
      0.2665629030589974,
      0.004273036326837587,
      0.03739602995589941,
      0.07485011054432712,
      0.0018665340639591175
    ],
    [
      0.6190622033757166,
      0.27560515246114997,
      0.0064816682645063356,
      0.023248150737510957,
      0.07397358672835883,
      0.0016292384327573706
    ],
    [
      0.6186757807373505,
      0.2872634158675882,
      0.0026775386756081147,
      0.025161265116242587,
      0.06536906522625727,
      0.0008529343769532982
    ],
    [
      0.7859535518951734,
      0.15006302816979644,
      0.009274996014198829,
      0.014829773231477661,
      0.039437710406603536,
      0.00044094028275013875
    ],
    [
      0.12399523906033144,
      0.211821679039632,
      0.012789707841431294,
      0.021128657547962094,
      0.629541707991469,
      0.0007230085191741332
    ],
    [
      0.12339800700946878,
      0.21153954061241337,
      0.012878646445911256,
      0.020090522432598255,
      0.6313478305680162,
      0.0007454529315921311
    ],
    [
      0.12316729266839284,
      0.21137671937510868,
      0.012864266657850116,
      0.02004912659184532,
      0.6317988258525018,
      0.0007437688543011779
    ],
    [
      0.12561201271790517,
      0.211159240635505,
      0.012736383860555946,
      0.022152740917874177,
      0.6276307182452007,
      0.0007089036229589338
    ],
    [
      0.7881782519168911,
      0.147614671131967,
      0.009585664491554593,
      0.015358884754043447,
      0.038809993824421456,
      0.00045253388112248273
    ],
    [
      0.7804939488427215,
      0.15327613745121701,
      0.010251132063939513,
      0.014739360017373315,
      0.04076128381306612,
      0.0004781378116824219
    ],
    [
      0.7892650427437994,
      0.15011198936762327,
      0.009247459564623682,
      0.014351664913510575,
      0.03658425225561468,
      0.0004395911548283762
    ],
    [
      0.7988450329674031,
      0.12987113794260036,
      0.023846787700687745,
      0.013318962828165368,
      0.03370529708543231,
      0.0004127814757111281
    ],
    [
      0.9877029003611529,
      0.006366871548445655,
      0.0006906921248682233,
      0.0008641351335012706,
      0.0038684329938195945,
      0.0005069678382122495
    ]
  ],
  [
    [
      0.9853868940577748,
      0.007601578872418011,
      0.0008246358708187785,
      0.001031714135231928,
      0.004618626006733671,
      0.0005365510570227506
    ],
    [
      0.06955619591928784,
      0.12139853450946642,
      0.026424242600215503,
      0.01295721440355449,
      0.7691211977070439,
      0.0005426148604318011
    ],
    [
      0.07838052665923669,
      0.1392274433425823,
      0.01203636901522696,
      0.01622316477717161,
      0.7535313954082965,
      0.0006011007974858945
    ],
    [
      0.1500466182586985,
      0.19851249872100382,
      0.0035956786596108028,
      0.04027388126475794,
      0.6061375654988549,
      0.001433757597074062
    ],
    [
      0.7247691177177278,
      0.19676061704286002,
      0.003045196215917477,
      0.019963267892068752,
      0.054789556896657904,
      0.0006722442347680373
    ],
    [
      0.7247691177177278,
      0.19676061704286002,
      0.003045196215917477,
      0.019963267892068752,
      0.054789556896657904,
      0.0006722442347680373
    ],
    [
      0.12575085926077256,
      0.21541799680120366,
      0.012889589421638795,
      0.021575714128508856,
      0.6236123472464271,
      0.0007534931414490382
    ],
    [
      0.6163473587544306,
      0.2831600730044018,
      0.0028501635210405494,
      0.023562961142243627,
      0.07317165364607425,
      0.0009077899318090733
    ],
    [
      0.12814814348861747,
      0.2176330587962846,
      0.012904400752241791,
      0.020392338306464388,
      0.62016466443086,
      0.0007573942255316747
    ],
    [
      0.6162411235800211,
      0.2873621212859148,
      0.0027341088354383807,
      0.023135998669864724,
      0.06965582522356516,
      0.000870822405195773
    ],
    [
      0.7684559546383671,
      0.1616404699877735,
      0.009483994085626545,
      0.01591267754248863,
      0.044058955360045525,
      0.0004479483856987241
    ],
    [
      0.13200114821416883,
      0.2122840140404158,
      0.01306568662453871,
      0.01923340831593193,
      0.6226154571041146,
      0.0008002857008301179
    ],
    [
      0.1277543857899346,
      0.21174365077820448,
      0.013004405515245085,
      0.019157469935643805,
      0.6275610611202306,
      0.000779026860741507
    ],
    [
      0.1423043686155467,
      0.23940208532368715,
      0.00411311247418132,
      0.020775026190351382,
      0.5922546256427974,
      0.001150781753435891
    ],
    [
      0.7753273946723751,
      0.15648395529782563,
      0.006010521801795153,
      0.01677350136185237,
      0.04483590138824458,
      0.0005687254779072747
    ],
    [
      0.7601312532304759,
      0.16575569274226898,
      0.009631106652767986,
      0.01555068234121739,
      0.048477554935859035,
      0.00045371009741074767
    ],
    [
      0.6835167586447308,
      0.1402131561973236,
      0.09524497356955815,
      0.02258084685010292,
      0.057668644662187483,
      0.0007756200760969639
    ],
    [
      0.1681336200759866,
      0.2004554869227624,
      0.009882629666351273,
      0.030219539010679846,
      0.5886850918963585,
      0.0026236324278613075
    ],
    [
      0.6806090522351272,
      0.14332345513146053,
      0.09537236162525049,
      0.020323697624489,
      0.059595790783503175,
      0.0007756426001696089
    ],
    [
      0.7610147288070672,
      0.16660235397349193,
      0.010463823674337123,
      0.01555006542792427,
      0.04587903052588549,
      0.0004899975912940026
    ],
    [
      0.776975710222302,
      0.15526098435903957,
      0.009866565422292058,
      0.015838481439072273,
      0.041596373241751465,
      0.0004618853155425117
    ],
    [
      0.12827641238448084,
      0.21770097540645628,
      0.012907295919440405,
      0.02041727606524907,
      0.6199405687245545,
      0.0007574714998188725
    ],
    [
      0.6803502723757592,
      0.14406307036384303,
      0.09525003376117332,
      0.019188519159243914,
      0.06037248334544222,
      0.0007756209945384004
    ],
    [
      0.6812176244935382,
      0.14490481204229944,
      0.09542567527539335,
      0.019891001081759542,
      0.05778523499440744,
      0.0007756521126019543
    ],
    [
      0.6049528020255904,
      0.28683399371641694,
      0.007016539018030626,
      0.02459411273579107,
      0.07496523903405583,
      0.00163731347011513
    ],
    [
      0.14593208317074352,
      0.21293353548461696,
      0.003735802440743363,
      0.022157379694021585,
      0.6135750968646226,
      0.0016661023452519427
    ],
    [
      0.4107532327682806,
      0.3954561627039598,
      0.0025764214904360197,
      0.03623229110036701,
      0.15337995490820402,
      0.0016019370287525428
    ],
    [
      0.2930841460287655,
      0.25505449500512584,
      0.0060076600696741065,
      0.04029452629425389,
      0.40201521461264567,
      0.00354395798953494
    ],
    [
      0.6099499741047617,
      0.2790328506284873,
      0.006452860211235785,
      0.02215710128511522,
      0.08077798619216073,
      0.0016292275782393403
    ],
    [
      0.7599413717561849,
      0.16933796278753716,
      0.009443049030762384,
      0.015941495898856583,
      0.04489102186496106,
      0.0004450986616979794
    ],
    [
      0.20352122851006055,
      0.21742072997054554,
      0.007409796927841004,
      0.07279380023834414,
      0.4954366127051488,
      0.0034178316480599066
    ],
    [
      0.7741404898181387,
      0.1547513712626382,
      0.010346902369913653,
      0.01622900367016311,
      0.044051496505731695,
      0.0004807363734146415
    ],
    [
      0.12748293963571655,
      0.21106762039586485,
      0.012989310342597442,
      0.01910469203671094,
      0.628576485339891,
      0.0007789522492191855
    ],
    [
      0.774560849707798,
      0.1543310113729789,
      0.010346902369913655,
      0.016229003670163115,
      0.0440514965057317,
      0.0004807363734146416
    ],
    [
      0.784066177716007,
      0.15121345094691027,
      0.00955230279048697,
      0.014913606262865017,
      0.039802750822203796,
      0.0004517114615270204
    ],
    [
      0.7842882999117656,
      0.15060758923234607,
      0.009786325687437512,
      0.014800983672812252,
      0.040057809763691395,
      0.0004589917319471345
    ],
    [
      0.7804939488427215,
      0.15327613745121701,
      0.010251132063939513,
      0.014739360017373315,
      0.04076128381306612,
      0.0004781378116824219
    ],
    [
      0.7825787237423123,
      0.15410350877953902,
      0.009960732354750448,
      0.014679153735340213,
      0.03821070650515864,
      0.00046717488289940495
    ],
    [
      0.7980550645257065,
      0.13067417609723667,
      0.022956469361179573,
      0.013213980351067458,
      0.03468182155692369,
      0.0004184881078862015
    ],
    [
      0.9877878893610279,
      0.0063277809208956825,
      0.0006864514882542311,
      0.0008588296103099332,
      0.0038446820083924823,
      0.0004943666111198459
    ]
  ],
  [
    [
      0.9874879880507799,
      0.006482925802868214,
      0.0007032819437419345,
      0.0008798864421111188,
      0.0039389461341374585,
      0.0005069716263614073
    ],
    [
      0.7578140315644231,
      0.14217793677265822,
      0.04110664535169278,
      0.014041781476398944,
      0.044089051503950004,
      0.0007705533308770704
    ],
    [
      0.7876244038266124,
      0.14914695987306117,
      0.009493161766381219,
      0.015433393702537839,
      0.03785055671295086,
      0.00045152411845651084
    ],
    [
      0.6674380125055405,
      0.2178540197752089,
      0.011314062139149567,
      0.03222393847947841,
      0.07005225628440137,
      0.0011177108162213473
    ],
    [
      0.6770344970973978,
      0.2254971741899987,
      0.01413985946999328,
      0.020069250124359003,
      0.06257355439457954,
      0.000685664723671669
    ],
    [
      0.16098717540319837,
      0.19150617932189312,
      0.0034855391454347664,
      0.04190981788362685,
      0.6007216846585405,
      0.0013896035873064002
    ],
    [
      0.6741224459624727,
      0.22837042317188788,
      0.013050221918307684,
      0.021823405854938898,
      0.061994202106469394,
      0.0006393009859234036
    ],
    [
      0.6755078241026178,
      0.22660334365162746,
      0.012169818107608478,
      0.020190402926331296,
      0.0649354361921781,
      0.0005931750196368303
    ],
    [
      0.1587577374576997,
      0.26110292362426285,
      0.002695394541559723,
      0.023756456022525373,
      0.5528389129620296,
      0.000848575391922837
    ],
    [
      0.6614685439689736,
      0.21741501318728484,
      0.010125832780687646,
      0.03481792342293999,
      0.07527575283660286,
      0.0008969338035109606
    ],
    [
      0.7608024001746492,
      0.16700070707482592,
      0.008493819635076729,
      0.017088255249958776,
      0.046202219263870255,
      0.00041259860161903944
    ],
    [
      0.769489457031027,
      0.15942322740318793,
      0.00923550700789539,
      0.01592954962657187,
      0.045479784011609715,
      0.0004424749197081775
    ],
    [
      0.7917096747230872,
      0.1455246324078521,
      0.009141568090912518,
      0.014056524641723996,
      0.03912939174316082,
      0.0004382083932633521
    ],
    [
      0.7939099940119124,
      0.1428543237978693,
      0.005405372366918299,
      0.014684603807730475,
      0.04263452722590272,
      0.0005111787896667035
    ],
    [
      0.7834956352944469,
      0.1526711116440628,
      0.00502003956997585,
      0.015228126380246598,
      0.043094134314790415,
      0.0004909527964773844
    ],
    [
      0.0839192614210421,
      0.13774480738131836,
      0.013768077334296176,
      0.01578650631705426,
      0.7481200912390281,
      0.0006612563072609733
    ],
    [
      0.7746976528671097,
      0.15756437828045605,
      0.008680326678148881,
      0.016007392042748862,
      0.042629774859340115,
      0.0004204752721963697
    ],
    [
      0.7643788645527615,
      0.16450026994580227,
      0.008491302928865097,
      0.016590806431514553,
      0.04562615777923886,
      0.0004125983618177147
    ],
    [
      0.12485960751466303,
      0.21648344744152248,
      0.012363802402454714,
      0.021510223020645248,
      0.6241090552289208,
      0.0006738643917937045
    ],
    [
      0.7958829134750239,
      0.14320779656879443,
      0.008848825968129907,
      0.0139625876398741,
      0.03767078275071207,
      0.0004270935974656172
    ],
    [
      0.12485960751466303,
      0.21648344744152248,
      0.012363802402454714,
      0.021510223020645248,
      0.6241090552289208,
      0.0006738643917937045
    ],
    [
      0.7643788645527615,
      0.16450026994580227,
      0.008491302928865097,
      0.016590806431514553,
      0.04562615777923886,
      0.0004125983618177147
    ],
    [
      0.6156647421053159,
      0.2763346875829077,
      0.005471735056545771,
      0.025451151245281908,
      0.07544882911045644,
      0.0016288548994922909
    ],
    [
      0.680846312458365,
      0.1446960948890859,
      0.09493009365523913,
      0.020367661600072477,
      0.058384273074773084,
      0.000775564322464417
    ],
    [
      0.43222879429591005,
      0.3530904591384191,
      0.001912808006341892,
      0.03318945993525669,
      0.17881826597563444,
      0.0007602126484377729
    ],
    [
      0.6219649477771622,
      0.26882397078964715,
