[
  [
    [
      0.950048442243202,
      0.021925134449163008,
      0.002411525465964111,
      0.004026064382494676,
      0.01851481234228247,
      0.003074021116893772
    ],
    [
      0.9418503360664144,
      0.02552351232217576,
      0.0028073077539611316,
      0.004686826624244426,
      0.021553484292501503,
      0.0035785329407027606
    ],
    [
      0.9507753232782997,
      0.021606086052301045,
      0.002376433624876814,
      0.003967478224682222,
      0.01824538999462472,
      0.003029288825215524
    ],
    [
      0.9520207015336918,
      0.021059454737568515,
      0.002316310147001345,
      0.0038671015144867266,
      0.017783783876032626,
      0.002952648191218985
    ],
    [
      0.9493296637272892,
      0.022240626423953563,
      0.0024462261394436195,
      0.004083997482317271,
      0.018781231447820325,
      0.003118254779175999
    ],
    [
      0.9501191409485025,
      0.021894102811938744,
      0.002408112324594767,
      0.0040203661109675945,
      0.018488607488614948,
      0.0030696703153814554
    ],
    [
      0.944947187730108,
      0.024164217594548305,
      0.0026578001712813134,
      0.004437222312767894,
      0.020405619641626484,
      0.003387952549668092
    ],
    [
      0.9404251309631723,
      0.026149074665163245,
      0.0028761127833743074,
      0.004801697266154125,
      0.022081744195110855,
      0.003666240127025191
    ],
    [
      0.9413281090429862,
      0.025752732354860176,
      0.0028325194555089274,
      0.004728917796432436,
      0.0217470505349382,
      0.003610670815274101
    ],
    [
      0.9480238648643792,
      0.02281377803160232,
      0.0025092665600580538,
      0.004189244055772711,
      0.01926523278810398,
      0.003198613700083832
    ],
    [
      0.9400952678755283,
      0.026293860791386243,
      0.002892037676848262,
      0.00482828402516431,
      0.022204009714759113,
      0.003686539916313814
    ],
    [
      0.9404773764372419,
      0.026126142666747638,
      0.0028735905138624414,
      0.004797486313548358,
      0.022062379130404732,
      0.003663024938194965
    ],
    [
      0.9404773764372419,
      0.026126142666747638,
      0.0028735905138624414,
      0.004797486313548358,
      0.022062379130404732,
      0.003663024938194965
    ],
    [
      0.951121887677747,
      0.021453969253658455,
      0.0023597024374545383,
      0.003939545350363294,
      0.018116934044331387,
      0.003007961236445392
    ],
    [
      0.9445998297823648,
      0.024316682703711342,
      0.0026745696690588607,
      0.00446521914658425,
      0.020534369724844653,
      0.003409328973436138
    ],
    [
      0.9391337972399847,
      0.02671587711880193,
      0.0029384548663517187,
      0.00490577795837503,
      0.022560383953904493,
      0.003745708862582205
    ],
    [
      0.9374845327023492,
      0.02743978540822806,
      0.003018076876379588,
      0.005038707650870597,
      0.023171692685571548,
      0.0038472046766010477
    ],
    [
      0.939756077585905,
      0.026442740887179267,
      0.002908412862287262,
      0.004855622550833308,
      0.022329732411762417,
      0.0037074137020328517
    ],
    [
      0.9404940264355139,
      0.02611883451727069,
      0.002872786697191962,
      0.0047961443340782065,
      0.022056207719394743,
      0.003662000296550479
    ],
    [
      0.9441529254034738,
      0.024512841523038058,
      0.0026961449980164396,
      0.004501239360628304,
      0.020700017225777377,
      0.0034368314890660156
    ],
    [
      0.944947187730108,
      0.024164217594548305,
      0.0026578001712813134,
      0.004437222312767894,
      0.020405619641626484,
      0.003387952549668092
    ],
    [
      0.9351689766561196,
      0.028456147658337188,
      0.0031298656298061975,
      0.005225340023153848,
      0.024029965932478314,
      0.0039897041001048525
    ],
    [
      0.9395649890386075,
      0.026526614989996825,
      0.002917638098070806,
      0.004871024168495012,
      0.022400560404979293,
      0.003719173299850576
    ],
    [
      0.9380392780614335,
      0.02719629216939475,
      0.0029912952779543598,
      0.0049939955211220615,
      0.02296607334790836,
      0.003813065622187038
    ],
    [
      0.9402834063340968,
      0.02621128156494337,
      0.0028829548633317313,
      0.004813120182813126,
      0.022134275187725504,
      0.0036749618670894983
    ],
    [
      0.9455485248210664,
      0.02390027394272617,
      0.0026287692506534615,
      0.004388754918506272,
      0.02018273082907418,
      0.003350946237973512
    ],
    [
      0.9515470627267691,
      0.02126734804437349,
      0.0023391761414939274,
      0.0039052765067462843,
      0.017959340635861645,
      0.00298179594475551
    ],
    [
      0.9517212090457863,
      0.02119091035894903,
      0.0023307688304515326,
      0.0038912404221110313,
      0.017894792370272045,
      0.0029710789724301592
    ],
    [
      0.9448098020046649,
      0.02422452002828621,
      0.0026644327807622613,
      0.004448295516501849,
      0.020456542396377612,
      0.0033964072734071968
    ],
    [
      0.9368756732756904,
      0.027707030823378633,
      0.0030474709549332254,
      0.0050877813406952814,
      0.023397369692128613,
      0.0038846739131738373
    ],
    [
      0.9460810576212758,
      0.023666530416647832,
      0.0026030600142084516,
      0.004345833107141113,
      0.0199853446952925,
      0.0033181741454343283
    ],
    [
      0.9503364349819328,
      0.021798726389022093,
      0.0023976219591537082,
      0.004002852347477349,
      0.018408066291648772,
      0.003056298030765396
    ],
    [
      0.9503988309312382,
      0.02177133906340021,
      0.0023946096522812024,
      0.003997823272902061,
      0.018384938898946945,
      0.003052458181231423
    ],
    [
      0.9506494081133188,
      0.021661353736540975,
      0.00238251246686971,
      0.003977626908401232,
      0.0182920611247228,
      0.003037037650146531
    ],
    [
      0.9533590316462472,
      0.020472024255460103,
      0.002251699206057168,
      0.003759232942611281,
      0.017287724653883185,
      0.0028702872957409972
    ],
    [
      0.9533590316462472,
      0.020472024255460103,
      0.002251699206057168,
      0.003759232942611281,
      0.017287724653883185,
      0.0028702872957409972
    ],
    [
      0.9523157048205203,
      0.020929969551978306,
      0.0023020681899798318,
      0.003843324433667715,
      0.017674439328209345,
      0.0029344936756445367
    ],
    [
      0.9485043804802331,
      0.022602866301205123,
      0.0024860685719178795,
      0.004150514797004817,
      0.01908712710222349,
      0.0031690427474155647
    ],
    [
      0.9438981363389204,
      0.024624675562803327,
      0.0027084455216680003,
      0.004521775200227984,
      0.020794456156792113,
      0.0034525112195882197
    ],
    [
      0.9507753232782997,
      0.021606086052301045,
      0.002376433624876814,
      0.003967478224682222,
      0.01824538999462472,
      0.003029288825215524
    ]
  ],
  [
    [
      0.9437535895317324,
      0.024688121195414497,
      0.002715423848715472,
      0.004533425582681644,
      0.020848033204835165,
      0.003461406636620833
    ],
    [
      0.7572451971601134,
      0.1126522829131398,
      0.04686457660741006,
      0.025983498313690567,
      0.053569219431108345,
      0.0036852255745378633
    ],
    [
      0.6389640091084492,
      0.24456029443915536,
      0.04325049826643005,
      0.02096773536086078,
      0.0491405478439077,
      0.0031169149811969355
    ],
    [
      0.6572877879977341,
      0.13646904207181038,
      0.13318775067663624,
      0.020390303405699483,
      0.04964272557729279,
      0.0030223902708270828
    ],
    [
      0.6422867197690617,
      0.23846295405170603,
      0.044325765817081225,
      0.018445286916820527,
      0.053232739290963164,
      0.003246534154367306
    ],
    [
      0.5614454706709748,
      0.14932691814019594,
      0.19831924675067403,
      0.023460112650101984,
      0.06389646016442126,
      0.0035517916236319793
    ],
    [
      0.5740305171931553,
      0.25275635391454765,
      0.07638563079931854,
      0.031842379448973446,
      0.061472216402250056,
      0.0035129022417549694
    ],
    [
      0.1597217297550144,
      0.15035691465206377,
      0.22475661927553567,
      0.018626186893617214,
      0.4424155551421486,
      0.004122994281620428
    ],
    [
      0.16626714568826256,
      0.1324702005288977,
      0.05937636994665251,
      0.039580158864086244,
      0.5980888347760267,
      0.004217290196074269
    ],
    [
      0.5255876990502248,
      0.15580307135955634,
      0.216212514845622,
      0.023009207290671064,
      0.07501223729828162,
      0.004375270155644208
    ],
    [
      0.6190447797998476,
      0.23918377852418912,
      0.05536672933234867,
      0.025741805159468722,
      0.056964079843231236,
      0.0036988273409145575
    ],
    [
      0.937513371652995,
      0.027427127186969776,
      0.003016684610211782,
      0.005036383249445745,
      0.02316100337409993,
      0.0038454299262778283
    ],
    [
      0.14516201618902924,
      0.11747628892518686,
      0.18937673061880225,
      0.024881054908831225,
      0.5185565478289913,
      0.004547361529159185
    ],
    [
      0.7388796948135096,
      0.12141695316432373,
      0.0578511698617907,
      0.021053770118575565,
      0.057643154366983605,
      0.003155257674816852
    ],
    [
      0.6914890080221968,
      0.14548085339359523,
      0.07651314757647575,
      0.027216009003699648,
      0.056084536116335036,
      0.0032164458876975223
    ],
    [
      0.5231322007315857,
      0.13938751663554066,
      0.24517118053809273,
      0.021551404121854783,
      0.06698852433336556,
      0.003769173639560573
    ],
    [
      0.5269506422814755,
      0.28386410884114777,
      0.09787806007472952,
      0.01730955694387085,
      0.07000903325405508,
      0.003988598604721412
    ],
    [
      0.1661490631201749,
      0.14484057358493407,
      0.050516677251132215,
      0.019920049604583847,
      0.6139102142495882,
      0.004663422189586785
    ],
    [
      0.6701497802230025,
      0.15804320744821404,
      0.07852419357735194,
      0.02238756713446142,
      0.0669364928446409,
      0.003958758772329214
    ],
    [
      0.5491673435014596,
      0.1364646988857019,
      0.09315629255770766,
      0.1509443292486235,
      0.06663779847071057,
      0.003629537335796742
    ],
    [
      0.15240065076449907,
      0.27925672135328156,
      0.1006286222946791,
      0.02373307723838362,
      0.43998712865169587,
      0.003993799697460685
    ],
    [
      0.6940904504657293,
      0.1527817409316266,
      0.05347613905097319,
      0.023678294697632347,
      0.07175800988450366,
      0.004215364969534978
    ],
    [
      0.16884924078419522,
      0.13328637459650125,
      0.06431656457876736,
      0.019006915280733224,
      0.6102416186906284,
      0.004299286069174573
    ],
    [
      0.5395761384513748,
      0.13732946673098498,
      0.22163223658145942,
      0.021306110847408823,
      0.07637991992898785,
      0.0037761274597841094
    ],
    [
      0.6704875477016186,
      0.13007777509897792,
      0.10044366826815443,
      0.024965185786026124,
      0.07050433118771803,
      0.0035214919575049268
    ],
    [
      0.6256673298251837,
      0.21240191985275983,
      0.07106675931957551,
      0.029587875304498926,
      0.05801711588931547,
      0.0032589998086666704
    ],
    [
      0.7400470177120263,
      0.1185964187962571,
      0.05634058558017667,
      0.020501746581851353,
      0.06142669225469929,
      0.0030875390749892403
    ],
    [
      0.7500580043855449,
      0.10714552278430478,
      0.0387243470789044,
      0.022285817551708914,
      0.0786040620107685,
      0.003182246188768485
    ],
    [
      0.1350968379565875,
      0.1172143629808726,
      0.021500836253732548,
      0.02127321386901298,
      0.7007509535312418,
      0.0041637954085526506
    ],
    [
      0.1381977268571366,
      0.1205789767143867,
      0.022398479640241113,
      0.021574080198133262,
      0.6929855189748176,
      0.0042652176152847485
    ],
    [
      0.12390967632959493,
      0.13398749314604258,
      0.032142870943876606,
      0.022329336210819204,
      0.6839436322860976,
      0.003686991083569095
    ],
    [
      0.7317056752438619,
      0.12922114173194008,
      0.05565167747503863,
      0.019912648448157756,
      0.06040207984579168,
      0.0031067772552100257
    ],
    [
      0.7410358139908211,
      0.13745574204698335,
      0.042603131088732045,
      0.02041358164434165,
      0.055440589737578726,
      0.0030511414915431047
    ],
    [
      0.7317056752438619,
      0.12922114173194008,
      0.05565167747503863,
      0.019912648448157756,
      0.06040207984579168,
      0.0031067772552100257
    ],
    [
      0.13167603615518417,
      0.145731680726323,
      0.02694060014380412,
      0.021350670157889093,
      0.670783946623214,
      0.0035170661935856533
    ],
    [
      0.7276496783220838,
      0.13783166801668306,
      0.056361499531318096,
      0.0204382198562086,
      0.054662044328678855,
      0.0030568899450275247
    ],
    [
      0.7416354288856312,
      0.1254408604590623,
      0.03656109475825211,
      0.03780874976726564,
      0.05536696682946266,
      0.003186899300326155
    ],
    [
      0.7654778076853358,
      0.12489117700716815,
      0.03585163790780638,
      0.018265490528015068,
      0.05232386570699863,
      0.0031900211646760396
    ],
    [
      0.7500285782132786,
      0.11840681391599953,
      0.04865542588453758,
      0.01736193560267025,
      0.06197279647850115,
      0.0035744499050128914
    ],
    [
      0.9438981363389204,
      0.024624675562803327,
      0.0027084455216680003,
      0.004521775200227984,
      0.020794456156792113,
      0.0034525112195882197
    ]
  ],
  [
    [
      0.9496128397454753,
      0.022116332557048857,
      0.0024325551708117583,
      0.004061173671969933,
      0.018676270740447098,
      0.0031008281142471533
    ],
    [
      0.6435466326872381,
      0.1289516571174619,
      0.15062141341378685,
      0.02138401944319185,
      0.052300684389366844,
      0.003195592948954452
    ],
    [
      0.15296923101704626,
      0.3000865440092954,
      0.00593098145731976,
      0.02292848003628052,
      0.5138841844512251,
      0.004200579028832982
    ],
    [
      0.6265692825296979,
      0.2844117669714907,
      0.005769623085912577,
      0.021074352328364257,
      0.058855568414402384,
      0.003319406670132183
    ],
    [
      0.5992786429864349,
      0.30568340406528116,
      0.006037436817099272,
      0.017308367283555143,
      0.06821872980970566,
      0.0034734190379238435
    ],
    [
      0.5771898209238421,
      0.3258467449400564,
      0.006231929950764998,
      0.016842458575598258,
      0.07030373204211816,
      0.003585313567620068
    ],
    [
      0.5237427351769627,
      0.19366753739478237,
      0.007387566137815428,
      0.02469948408704298,
      0.2462525773190072,
      0.00425009988438929
    ],
    [
      0.463266718233405,
      0.38642156321816,
      0.0181747634794692,
      0.04765959478593699,
      0.07976342309540446,
      0.004713937187624333
    ],
    [
      0.523588051045095,
      0.3410543692804385,
      0.028942333577061326,
      0.018708804700493898,
      0.08293611487714135,
      0.0047703265197700144
    ],
    [
      0.4175195107515949,
      0.13592679018226686,
      0.01767525266290566,
      0.021423844824222063,
      0.40205586298119783,
      0.005398738597812731
    ],
    [
      0.9333846078491116,
      0.029239356986683288,
      0.00321601010681575,
      0.005369159035447849,
      0.024691351784988182,
      0.004099514236953341
    ],
    [
      0.5796864778895084,
      0.16482688244792298,
      0.17157390983349768,
      0.019596295243603474,
      0.06043448569781697,
      0.0038819488876504233
    ],
    [
      0.7314581804575021,
      0.16210535303653503,
      0.007053094373177173,
      0.026907281873034247,
      0.06841818938925001,
      0.004057900870501352
    ],
    [
      0.6467017905595379,
      0.2646974505924137,
      0.005545210218207013,
      0.020432415410401326,
      0.05943282628621143,
      0.003190306933228758
    ],
    [
      0.15431906533883194,
      0.3893471605732044,
      0.00534028421154957,
      0.019177920711966622,
      0.42800504006912454,
      0.003810529095322878
    ],
    [
      0.16901048419461873,
      0.37888776834605037,
      0.0065597984932284055,
      0.023794963384559477,
      0.41709326686975734,
      0.004653718711785723
    ],
    [
      0.3845487939673828,
      0.4673329206254063,
      0.0065230926595173455,
      0.039718773708677366,
      0.0973419365148565,
      0.0045344825241597185
    ],
    [
      0.6948909026094304,
      0.20427701643798127,
      0.006497516308625855,
      0.021227085967968806,
      0.06936935774367983,
      0.0037381209323138855
    ],
    [
      0.7024774374061628,
      0.19414258623863276,
      0.006405901185960678,
      0.022227793246832533,
      0.07106090370879387,
      0.0036853782136173152
    ],
    [
      0.5869949328614101,
      0.20581678493934574,
      0.005979279795772979,
      0.12558995914693907,
      0.0721791045417798,
      0.003439938714752319
    ],
    [
      0.2684524184792108,
      0.18137674700366935,
      0.005514608017043475,
      0.02011421571990501,
      0.5206205805163382,
      0.003921430263833129
    ],
    [
      0.6052895369921907,
      0.28921780620923204,
      0.006642773210252795,
      0.022508671344255275,
      0.0725195471372503,
      0.003821665106818802
    ],
    [
      0.5946963262552887,
      0.30572991819920925,
      0.005975914020869513,
      0.020197389388398865,
      0.06996236119586619,
      0.003438090940367411
    ],
    [
      0.26616267811055316,
      0.5794862493479166,
      0.005906918161508664,
      0.038031277120577245,
      0.10637961499169295,
      0.004033262267751376
    ],
    [
      0.6074468648609633,
      0.2959972261660487,
      0.005910540621915637,
      0.02001995518725788,
      0.06722486488446382,
      0.0034005482793506045
    ],
    [
      0.14626648062826028,
      0.17835715106373667,
      0.005054788103724717,
      0.018154368403065425,
      0.6485475786419923,
      0.0036196331592205345
    ],
    [
      0.7461701952533583,
      0.16156893418821985,
      0.00540345590471527,
      0.022678319827591206,
      0.06107051003077286,
      0.003108584795342471
    ],
    [
      0.2228861009465791,
      0.1255226370342778,
      0.005104440313969135,
      0.03480453116454113,
      0.6080812529584624,
      0.0036010375821704495
    ],
    [
      0.13193001925786563,
      0.12673129354015056,
      0.00520446738057326,
      0.031876003943876796,
      0.7006014862286386,
      0.003656729648895212
    ],
    [
      0.6494622204816378,
      0.2557773973776007,
      0.005772371693104461,
      0.01836815108771643,
      0.06729914619284115,
      0.0033207131670994526
    ],
    [
      0.14229853775804188,
      0.1463582589960247,
      0.005006988912620284,
      0.026551631550871355,
      0.6762384154616865,
      0.0035461673207551384
    ],
    [
      0.732276212942878,
      0.16934184500960897,
      0.00582899166315477,
      0.024533030391516684,
      0.06466650594605933,
      0.003353414046782276
    ],
    [
      0.7490831322542327,
      0.15823680774555457,
      0.0057755890431744825,
      0.02099505244436376,
      0.06258670655038033,
      0.003322711962294036
    ],
    [
      0.151471145594128,
      0.15668439932342296,
      0.005301226164146671,
      0.028252210264478723,
      0.654481854784561,
      0.0038091638692626345
    ],
    [
      0.721953728867873,
      0.1766637254341254,
      0.006074324495315788,
      0.019291387458119258,
      0.07252247300604045,
      0.0034943607385261224
    ],
    [
      0.721953728867873,
      0.1766637254341254,
      0.006074324495315788,
      0.019291387458119258,
      0.07252247300604045,
      0.0034943607385261224
    ],
    [
      0.714365932564004,
      0.18706409999311685,
      0.005735545555465114,
      0.024165032984526408,
      0.06536979383531664,
      0.003299595067570878
    ],
    [
      0.7464210234693582,
      0.16166806834603203,
      0.005897562111232873,
      0.021499903751414282,
      0.06112046240001534,
      0.003392979921947223
    ],
    [
      0.7654778076853358,
      0.12489117700716815,
      0.03585163790780638,
      0.018265490528015068,
      0.05232386570699863,
      0.0031900211646760396
    ],
    [
      0.9495026998865779,
      0.022164676018654076,
      0.002437872423896074,
      0.004070050875863327,
      0.018717094668878293,
      0.0031076061261303993
    ]
  ],
  [
    [
      0.9533877501170995,
      0.02045941891614967,
      0.002250312756326394,
      0.0037569182517826036,
      0.017277079998892143,
      0.0028685199597497067
    ],
    [
      0.7538803796159803,
      0.11969004054747798,
      0.044218463969932134,
      0.020584582661076222,
      0.05844239991211993,
      0.003184133293413367
    ],
    [
      0.628070235500953,
      0.2718313618895333,
      0.005899432666642901,
      0.02815665500239565,
      0.06264833435010514,
      0.003393980590370098
    ],
    [
      0.5913931127471003,
      0.3015351241629958,
      0.006092059091039566,
      0.027795086160332952,
      0.06967986131968901,
      0.00350475651884241
    ],
    [
      0.5968468537343182,
      0.2897872865429289,
      0.005971179679821313,
      0.02775493034508744,
      0.07620456622427285,
      0.0034351834735713315
    ],
    [
      0.17392686396430448,
      0.3635688336984882,
      0.005832417531712105,
      0.02700689073160101,
      0.425523387007918,
      0.004141607065976163
    ],
    [
      0.5340977943809979,
      0.34742517202358986,
      0.007486552111068667,
      0.023214467554366413,
      0.08346907163974623,
      0.004306942290230817
    ],
    [
      0.2089408439768401,
      0.16111263625246064,
      0.5175256938257213,
      0.030605845758616974,
      0.07483569432125596,
      0.006979285865104938
    ],
    [
      0.9066925635652521,
      0.040955241053722,
      0.004504629469650517,
      0.0075205211473249834,
      0.03458490091820409,
      0.005742143845846397
    ],
    [
      0.9152154380670073,
      0.03721431328818308,
      0.004093168249476621,
      0.00683358278125733,
      0.03142585184940208,
      0.005217645764673632
    ],
    [
      0.9326863203526228,
      0.02954585488048731,
      0.003249721529561483,
      0.0054254405718924805,
      0.024950175784459846,
      0.004142486880976192
    ],
    [
      0.5384690582666805,
      0.1288263584440992,
      0.2370842796818869,
      0.01820323870933251,
      0.07275552797047796,
      0.004661536927522849
    ],
    [
      0.5933268349913912,
      0.14574942636573174,
      0.0071775685880642506,
      0.02226387128047512,
      0.22735287983478236,
      0.004129418939555479
    ],
    [
      0.6056691506877896,
      0.2919588499367212,
      0.006863196463340371,
      0.02435859176627024,
      0.06720172141771093,
      0.003948489728167711
    ],
    [
      0.7353183638560005,
      0.15670405332758536,
      0.006535405974389641,
      0.024057179085835222,
      0.07362514943022846,
      0.003759848325960863
    ],
    [
      0.6830314674859086,
      0.19336580806359782,
      0.007286618687422555,
      0.027495384870563216,
      0.08462869652842389,
      0.004192024364083897
    ],
    [
      0.7033117386274469,
      0.18969994126402784,
      0.006866822503132692,
      0.020365095320719916,
      0.0758058885454729,
      0.003950513739199662
    ],
    [
      0.15377918334108404,
      0.18282650402266967,
      0.005867484633775619,
      0.02562993014880168,
      0.6276797133195904,
      0.0042171845340785675
    ],
    [
      0.5563236986851474,
      0.3380916262613704,
      0.0066239656429721025,
      0.020122242349745547,
      0.07502764619151857,
      0.0038108208692459442
    ],
    [
      0.3910580325296853,
      0.4670539555299146,
      0.006118454014280935,
      0.0355142039981422,
      0.0958393473905248,
      0.004416006537452158
    ],
    [
      0.44425691980194487,
      0.33169385772874543,
      0.0062490510859994795,
      0.02831084726434957,
      0.18589425023623204,
      0.003595073882728639
    ],
    [
      0.7008898905699619,
      0.18415871158463562,
      0.006756760341770222,
      0.025654416730562735,
      0.07865301419752598,
      0.0038872065755435254
    ],
    [
      0.6689825325235013,
      0.22569854341234016,
      0.006022834519526033,
      0.024331866956609008,
      0.07149917106121718,
      0.0034650515268063046
    ],
    [
      0.48703364875156635,
      0.4162498209052271,
      0.006127814589706708,
      0.01985120932470366,
      0.06721198824180147,
      0.003525518186994624
    ],
    [
      0.49068432383094196,
      0.40592721467262427,
      0.0060229956602010325,
      0.02437602982023202,
      0.06952422334851949,
      0.0034652126674813042
    ],
    [
      0.5691067320815283,
      0.253906725868385,
      0.005448197766771512,
      0.09928168960010744,
      0.06912225270442873,
      0.0031344019787790545
    ],
    [
      0.23702005253805586,
      0.3111848863915125,
      0.004998714802669358,
      0.028645973718761198,
      0.4146195460257989,
      0.0035308265232021586
    ],
    [
      0.6806033852390477,
      0.21871648145123665,
      0.005589988805621281,
      0.019517029021733905,
      0.07235737726715209,
      0.0032157382152084133
    ],
    [
      0.6583280168515427,
      0.24216908100338383,
      0.00571980995906407,
      0.019889981748010023,
      0.07060267202909244,
      0.0032904384089068625
    ],
    [
      0.6709689919963254,
      0.231902759942905,
      0.005614182534278588,
      0.01980484597674448,
      0.0684795181779853,
      0.0032297013717612825
    ],
    [
      0.747997036130919,
      0.14993423624233618,
      0.005563745043485868,
      0.025732052956476084,
      0.06757217891547582,
      0.0032007507113070936
    ],
    [
      0.7265955327240193,
      0.1631705122772945,
      0.006057602209021318,
      0.028035797002517147,
      0.0726556644039803,
      0.0034848913831674244
    ],
    [
      0.735309668180366,
      0.15748284120469647,
      0.00584385794162798,
      0.027027561624189737,
      0.07097417500297667,
      0.003361896046143092
    ],
    [
      0.737235779390539,
      0.15505835431697598,
      0.005910889906622137,
      0.02253511427024057,
      0.07585953870679836,
      0.003400323408823902
    ],
    [
      0.14734382070862997,
      0.16470863009309483,
      0.005646398993143422,
      0.028962996774731763,
      0.6493547794015971,
      0.0039833740288028364
    ],
    [
      0.14123629757312697,
      0.16034222697407172,
      0.005690167081665011,
      0.022773920004204917,
      0.6659431371954896,
      0.004014251171441703
    ],
    [
      0.14433338740873577,
      0.16162960671595897,
      0.005524239643081122,
      0.02837208288732308,
      0.6562281765596479,
      0.00391250678525318
    ],
    [
      0.7318784923092957,
      0.17021012529971882,
      0.005796305252176471,
      0.024449541875563766,
      0.06433092568146276,
      0.0033346095817825432
    ],
    [
      0.7497076621450158,
      0.13984585250000073,
      0.03653612053846925,
      0.018084082237433543,
      0.05269941931785698,
      0.00312686326122364
    ],
    [
      0.9501191409485025,
      0.021894102811938744,
      0.002408112324594767,
      0.0040203661109675945,
      0.018488607488614948,
      0.0030696703153814554
    ]
  ],
  [
    [
      0.9476592659152351,
      0.022973810698029392,
      0.002526868406531098,
      0.00421863050354258,
      0.01940037334080629,
      0.003221051135855562
    ],
    [
      0.13167603615518417,
      0.23565169339721548,
      0.02694060014380412,
      0.021350670157889093,
      0.5808639339523214,
      0.0035170661935856533
    ],
    [
      0.7482290091903697,
      0.15270175690122909,
      0.005684694151227654,
      0.027134743783317938,
      0.06297944544617388,
      0.0032703505276817273
    ],
    [
      0.13926877510395894,
      0.2877304653519704,
      0.005991957529742297,
      0.02345766493686168,
      0.5393073721420646,
      0.004243764935402054
    ],
    [
      0.6933254115188748,
      0.19634129366604788,
      0.006244359980299951,
      0.02612740861998905,
      0.0743693296094343,
      0.0035921966053539837
    ],
    [
      0.5332282141549199,
      0.3336740467994198,
      0.01714806687395727,
      0.021830889084510842,
      0.08957904299242067,
      0.004539740094771449
    ],
    [
      0.16471254721650289,
      0.3719504492103555,
      0.028068513799972414,
      0.02077827924991419,
      0.4091653030014312,
      0.005324907521823829
    ],
    [
      0.19402824745133243,
      0.38408772016865683,
      0.015590473860083753,
      0.021835381468809475,
      0.3787655430838581,
      0.005692633967259417
    ],
    [
      0.9135999034768354,
      0.03792341656118307,
      0.004171161869301527,
      0.006963793861036804,
      0.03202465839543876,
      0.0053170658362045355
    ],
    [
      0.5055227833667447,
      0.1451854704163849,
      0.23658927490307446,
      0.023932239628338802,
      0.08395192891238927,
      0.0048183027730678936
    ],
    [
      0.7250786690344417,
      0.13239108763539265,
      0.04294140685649844,
      0.01784281359739235,
      0.07706977055033669,
      0.004676252325938019
    ],
    [
      0.7563466328580885,
      0.13121964399328936,
      0.008029623903859692,
      0.023638326751497733,
      0.07614629390060672,
      0.004619478592658007
    ],
    [
      0.7388684569195072,
      0.1566158198455189,
      0.007034216721429442,
      0.0200702435523244,
      0.07336442133708464,
      0.004046841624135368
    ],
    [
      0.513080885716553,
      0.3888674538162666,
      0.006815561813918947,
      0.022195802066646602,
      0.06511914840212936,
      0.003921148184485459
    ],
    [
      0.6440622891252754,
      0.2571079051575996,
      0.006209453298753845,
      0.01844800564044134,
      0.07059996433213676,
      0.003572382445793135
    ],
    [
      0.7215157637853196,
      0.16871982005890712,
      0.006844124769567018,
      0.019782115121600455,
      0.07920069607382901,
      0.0039374801907768485
    ],
    [
      0.6138112778888982,
      0.18766544409271368,
      0.006174554055042451,
      0.019958062587870033,
      0.1688384455725816,
      0.0035522158028940105
    ],
    [
      0.5201827087828081,
      0.27433431352873855,
      0.006533400410132146,
      0.017785442891159447,
      0.17740548602173364,
      0.0037586483654281897
    ],
    [
      0.5071746686762545,
      0.2873587849485777,
      0.0063564436735036,
      0.020353076723276135,
      0.17510011265624933,
      0.0036569133221387227
    ],
    [
      0.6177586491072817,
      0.19905092457079437,
      0.005773674467137279,
      0.021382322811499203,
      0.15271278754670997,
      0.00332164149657741
    ],
    [
      0.2346632412941623,
      0.2773503574192072,
      0.005162211977686101,
      0.12707763106712358,
      0.352036136346194,
      0.0037104218956267193
    ],
    [
      0.6195815561137269,
      0.1744126175245749,
      0.0061042800550185706,
      0.03122465230007217,
      0.16516497390798152,
      0.0035119200986260006
    ],
    [
      0.14481215481243587,
      0.36719837267392824,
      0.005279693815881629,
      0.039714045213930196,
      0.43920084645508545,
      0.0037948870287386216
    ],
    [
      0.5484314486400833,
      0.2656699444390896,
      0.005674393483581846,
      0.02375815906215801,
      0.1532014356473326,
      0.003264618727754719
    ],
    [
      0.5540845211425465,
      0.3486667202255883,
      0.006129378993678223,
      0.01859100760311472,
      0.0690019300704997,
      0.0035264419645726556
    ],
    [
      0.6586695236740852,
      0.2327053910747822,
      0.005261771148823379,
      0.016459176935771955,
      0.08387705382765132,
      0.003027083338886034
    ],
    [
      0.5764633800456872,
      0.3282819635496955,
      0.005479447093513321,
      0.01859762286399564,
      0.06802533125837243,
      0.003152255188735968
    ],
    [
      0.6534302711367532,
      0.2538570969621433,
      0.0052899823093832095,
      0.019909457289064323,
      0.06447002958871348,
      0.0030431627139424107
    ],
    [
      0.1394849886284476,
      0.44548909611399085,
      0.005410829709018202,
      0.015908437096663595,
      0.3898175707485804,
      0.003889077703299352
    ],
    [
      0.7459431124746384,
      0.1525528122198526,
      0.005816489020834253,
      0.019871661579661686,
      0.07246977364574725,
      0.00334615105926581
    ],
    [
      0.7695811628557403,
      0.1290318363745718,
      0.006239488803987178,
      0.028357751920134528,
      0.06320014302793278,
      0.0035896170176334457
    ],
    [
      0.751126643641721,
      0.1386680475748736,
      0.006654847576469517,
      0.03025871822561009,
      0.06946323797335811,
      0.00382850500796766
    ],
    [
      0.7256557095908396,
      0.1637163990324375,
      0.0062119866444006935,
      0.021398325504900506,
      0.0794439656521646,
      0.003573613575256999
    ],
    [
      0.7188989393319162,
      0.17752535275380518,
      0.005803915414802995,
      0.02191131425477382,
      0.07252172069503397,
      0.0033387575496678715
    ],
    [
      0.6970969059418549,
      0.17421597272789444,
      0.006541107726384782,
      0.02794980530562265,
      0.0904334438078985,
      0.003762764490344683
    ],
    [
      0.16529157279300688,
      0.1614280071866865,
      0.006017398549761247,
      0.017889029439526607,
      0.6451122086587133,
      0.004261783372305415
    ],
    [
      0.13802006672000486,
      0.15754725215303422,
      0.005542991439911447,
      0.02221719486922983,
      0.6727173251451593,
      0.003955169672660439
    ],
    [
      0.7425465180260891,
      0.15640101556756378,
      0.005805506418255819,
      0.027650313408334317,
      0.0642567939028452,
      0.0033398526769118065
    ],
    [
      0.7497076621450158,
      0.13984585250000073,
      0.03653612053846925,
      0.018084082237433543,
      0.05269941931785698,
      0.00312686326122364
    ],
    [
      0.9501191409485025,
      0.021894102811938744,
      0.002408112324594767,
      0.0040203661109675945,
      0.018488607488614948,
      0.0030696703153814554
    ]
  ],
  [
    [
      0.9471484384280539,
      0.023198027155728433,
      0.002551529769446943,
      0.0042598028802230655,
      0.01958971428409558,
      0.003252487482452209
    ],
    [
      0.12496327999562677,
      0.1352000361369737,
      0.1561810069996786,
      0.022582185093898238,
      0.5573687589909584,
      0.0037047327828643307
    ],
    [
      0.6117521113767195,
      0.287690519695758,
      0.006074393374942886,
      0.01931026488666349,
      0.0716782810477629,
      0.0034944296181532194
    ],
    [
      0.6255795228397114,
      0.269831064498379,
      0.0059092425678433326,
      0.02269647527162847,
      0.07258420375827353,
      0.0033994910641641706
    ],
    [
      0.7243716889404949,
      0.17274401883990465,
      0.005847663816805397,
      0.024517431512622506,
      0.06915518900003424,
      0.003364007890138405
    ],
    [
      0.3383540996279863,
      0.12136926291772021,
      0.017299772346962488,
      0.04715119989302841,
      0.4710110936197217,
      0.0048145715945808795
    ],
    [
      0.9166963374606552,
      0.036564305164923,
      0.004021674451070972,
      0.006714223214297433,
      0.03087694855984533,
      0.005126511149208127
    ],
    [
      0.9148206055532028,
      0.03738761631092791,
      0.004112229690292263,
      0.00686540603547132,
      0.03157219863472787,
      0.005241943775377938
    ],
    [
      0.5218276479456183,
      0.31848796163917786,
      0.052965738264795614,
      0.023756815596824465,
      0.07864785082578482,
      0.004313985727798896
    ],
    [
      0.5491767366590639,
      0.3236641158185189,
      0.017976406268175267,
      0.02236943517918482,
      0.08215081623836046,
      0.0046624898366968695
    ],
    [
      0.15365588147192727,
      0.15083020793667581,
      0.00644023356773274,
      0.024520558637454885,
      0.6599525721280549,
      0.00460054625815433
    ],
    [
      0.3262679772748413,
      0.14123843561801683,
      0.006414927946494168,
      0.024761152678365827,
      0.4967080989601182,
      0.004609407522163708
    ],
    [
      0.5783835061132654,
      0.31405702816860565,
      0.0071584314457498795,
      0.023401540995531926,
      0.07288122834867249,
      0.004118264928174591
    ],
    [
      0.5595887296010268,
      0.332646648083339,
      0.005578589941399,
      0.02110439342642397,
      0.0778722311526177,
      0.0032094077951935343
    ],
    [
      0.673720967669463,
      0.2211713345763319,
      0.005160958266317066,
      0.021863538896430012,
      0.0751140503339176,
      0.0029691502575403383
    ],
    [
      0.2682170097924576,
      0.17591795907133126,
      0.0049141185990729756,
      0.027567599287590946,
      0.5198644107229625,
      0.003518902526584642
    ],
    [
      0.6344610946736121,
      0.1711639047572634,
      0.005592070022320236,
      0.018592446312983072,
      0.16697340024811488,
      0.0032170839857063207
    ],
    [
      0.5592672621857815,
      0.29195768339386596,
      0.00527048135369778,
      0.03817387491359448,
      0.10152671759536952,
      0.0038039805576906677
    ],
    [
      0.6233753256963249,
      0.1947081507102709,
      0.0054393494587131495,
      0.018491911503519174,
      0.15485603785994378,
      0.003129224771228075
    ],
    [
      0.6260523689185469,
      0.2686898668334278,
      0.005548383143084481,
      0.02197313227588979,
      0.07454426863004703,
      0.0031919801990040126
    ],
    [
      0.5802130658213062,
      0.24633165617342892,
      0.0049121481804594155,
      0.025751132912400203,
      0.13996598955437742,
      0.0028260073580279846
    ],
    [
      0.5705011915233997,
      0.25985167516301794,
      0.004900793680856148,
      0.022146686790701572,
      0.13978015096266194,
      0.0028195018793626373
    ],
    [
      0.4430322951973926,
      0.31490176510910944,
      0.004755770336354272,
      0.03623157752108771,
      0.1977154932399278,
      0.003363098596128171
    ],
    [
      0.5832705834275704,
      0.3138765477384598,
      0.0048962511926248335,
      0.022364827652546163,
      0.07277488332871564,
      0.002816906660083198
    ],
    [
      0.587623622454777,
      0.2455725492074334,
      0.004973812398561798,
      0.02233693513545442,
      0.13663158836833883,
      0.002861492435434656
    ],
    [
      0.7504343503530673,
      0.15702199037132852,
      0.004730854121661495,
      0.020615704061817706,
      0.06447541106325506,
      0.002721690028869924
    ],
    [
      0.5996112690110489,
      0.2541371796027212,
      0.004479627334919639,
      0.023617567387378715,
      0.11557732970419221,
      0.002577026959739316
    ],
    [
      0.7321155027978289,
