[
  [
    [
      0.9485043804802331,
      0.022602866301205123,
      0.0024860685719178795,
      0.004150514797004817,
      0.01908712710222349,
      0.0031690427474155647
    ],
    [
      0.9276280838508,
      0.03176605621871357,
      0.0034939194421952455,
      0.005833131277302999,
      0.026825038227591306,
      0.004453770983397004
    ],
    [
      0.939756077585905,
      0.026442740887179267,
      0.002908412862287262,
      0.004855622550833308,
      0.022329732411762417,
      0.0037074137020328517
    ],
    [
      0.9391106737700912,
      0.02672602665585569,
      0.0029395712046405282,
      0.004907641695618043,
      0.022568954791832404,
      0.003747131881962191
    ],
    [
      0.9410860148154536,
      0.025858994275937002,
      0.0028442071069271295,
      0.004748430440090555,
      0.021836784056638126,
      0.0036255693049535714
    ],
    [
      0.9400760355800036,
      0.026302302383282086,
      0.002892966159812747,
      0.004829834136181517,
      0.022211138268072392,
      0.003687723472647673
    ],
    [
      0.9402639110739414,
      0.026219838579363445,
      0.0028838960415139897,
      0.004814691488615471,
      0.022141501210287202,
      0.0036761616062785953
    ],
    [
      0.9406763278890917,
      0.02603881731541625,
      0.002863985678414422,
      0.004781450950686647,
      0.021988636709514526,
      0.0036507814568765137
    ],
    [
      0.9389497630432878,
      0.02679665487002779,
      0.002947339537258351,
      0.004920610999780661,
      0.022628597214299596,
      0.0037570343353458607
    ],
    [
      0.9407694091491939,
      0.0259979613494747,
      0.0028594919681234746,
      0.004773948659210575,
      0.021954135642065,
      0.0036450532319323692
    ],
    [
      0.943396152595788,
      0.02484501025412683,
      0.0027326799326538934,
      0.004562234776657144,
      0.0209805191189969,
      0.003483403321777294
    ],
    [
      0.94980665365126,
      0.022031262218239006,
      0.0024231983621265563,
      0.004045552392114924,
      0.018604432578514234,
      0.003088900797745212
    ],
    [
      0.9518972927055152,
      0.021113622320552822,
      0.0023222679898642594,
      0.0038770481890234147,
      0.01782952601897432,
      0.0029602427760700356
    ],
    [
      0.9537386005511036,
      0.020305420857179454,
      0.002233374650802945,
      0.0037286399257531375,
      0.017147035406941274,
      0.0028469286082196746
    ],
    [
      0.9491955630485011,
      0.022299486958923677,
      0.0024527001557991326,
      0.004094805913340908,
      0.018830936582439447,
      0.0031265073409958285
    ],
    [
      0.945954917273217,
      0.023721896940032728,
      0.0026091497274284164,
      0.004355999940475675,
      0.020032099290704118,
      0.0033259368281421033
    ],
    [
      0.9448098020046649,
      0.02422452002828621,
      0.0026644327807622613,
      0.004448295516501849,
      0.020456542396377612,
      0.0033964072734071968
    ],
    [
      0.9498619198493493,
      0.022007004339645902,
      0.002420530260267789,
      0.004041097971038281,
      0.018583947866276113,
      0.003085499713422598
    ],
    [
      0.9492555729490071,
      0.022273146936791006,
      0.0024498030408786164,
      0.004089969152809823,
      0.018808693591500957,
      0.0031228143290125718
    ],
    [
      0.9511593907077778,
      0.021437508125865826,
      0.0023578918930785187,
      0.0039365226295469055,
      0.018103033345444934,
      0.0030056532982861185
    ],
    [
      0.9509336055987726,
      0.02153661151911052,
      0.0023687921845739787,
      0.003954720768429564,
      0.018186721805037432,
      0.0030195481240759617
    ],
    [
      0.9498614518602576,
      0.022007209753134836,
      0.0024205528535093837,
      0.00404113569066702,
      0.018584121328938746,
      0.0030855285134924054
    ],
    [
      0.9526558061201206,
      0.020780689588450894,
      0.0022856490234547987,
      0.0038159124811630966,
      0.017548378960480185,
      0.0029135638263304347
    ],
    [
      0.9505051004793236,
      0.021724694389354857,
      0.002389479247285385,
      0.003989258013644815,
      0.01834554952194134,
      0.0030459183484500777
    ],
    [
      0.951045503218611,
      0.02148749652711276,
      0.002363390071568111,
      0.003945701890101261,
      0.01814524635310168,
      0.0030126619395051332
    ],
    [
      0.9513594634577791,
      0.021349690605444324,
      0.0023482329244028503,
      0.003920396890753933,
      0.018028875309390985,
      0.0029933408122288546
    ],
    [
      0.9484106149333371,
      0.022644022619740866,
      0.0024905953177156944,
      0.004158072241569436,
      0.019121881804237077,
      0.0031748130833998585
    ],
    [
      0.9520155226624504,
      0.021061727888864727,
      0.0023165601688313825,
      0.003867518928276864,
      0.01778570345238791,
      0.0029529668991887196
    ],
    [
      0.9496128397454753,
      0.022116332557048857,
      0.0024325551708117583,
      0.004061173671969933,
      0.018676270740447098,
      0.0031008281142471533
    ],
    [
      0.9485043804802331,
      0.022602866301205123,
      0.0024860685719178795,
      0.004150514797004817,
      0.01908712710222349,
      0.0031690427474155647
    ],
    [
      0.9485136258753168,
      0.022598808238967438,
      0.002485622229367446,
      0.004149769623930738,
      0.019083700247032327,
      0.003168473785385196
    ],
    [
      0.9480538565489313,
      0.02280061384322278,
      0.0025078186430297854,
      0.004186826744714382,
      0.019254116209637802,
      0.003196768010464035
    ],
    [
      0.9482132337101201,
      0.022730658753849903,
      0.0025001243467923946,
      0.004173981044983262,
      0.019195042211476946,
      0.003186959932777441
    ],
    [
      0.9493502419590489,
      0.022231594063035952,
      0.0024452326783352693,
      0.004082338889679468,
      0.0187736040160349,
      0.0031169883938655454
    ],
    [
      0.944947187730108,
      0.024164217594548305,
      0.0026578001712813134,
      0.004437222312767894,
      0.020405619641626484,
      0.003387952549668092
    ],
    [
      0.9533590316462472,
      0.020472024255460103,
      0.002251699206057168,
      0.003759232942611281,
      0.017287724653883185,
      0.0028702872957409972
    ],
    [
      0.9526558061201206,
      0.020780689588450894,
      0.0022856490234547987,
      0.0038159124811630966,
      0.017548378960480185,
      0.0029135638263304347
    ],
    [
      0.9496128397454753,
      0.022116332557048857,
      0.0024325551708117583,
      0.004061173671969933,
      0.018676270740447098,
      0.0031008281142471533
    ],
    [
      0.9417255207973039,
      0.025578297231384824,
      0.002813333495970355,
      0.004696886657042685,
      0.021599747740305972,
      0.0035862140779923065
    ],
    [
      0.9507753232782997,
      0.021606086052301045,
      0.002376433624876814,
      0.003967478224682222,
      0.01824538999462472,
      0.003029288825215524
    ]
  ],
  [
    [
      0.9358917928476572,
      0.028138883434893916,
      0.003094970028319841,
      0.005167081489195642,
      0.02376205024085087,
      0.003945221959082599
    ],
    [
      0.690989822579548,
      0.15409583760148735,
      0.04793270304843115,
      0.039305484018975004,
      0.06338724688687207,
      0.004288905864686328
    ],
    [
      0.5439241069796663,
      0.1331418722545132,
      0.22334884465752383,
      0.02562272517700815,
      0.070324317683142,
      0.003638133248146562
    ],
    [
      0.15890839907248702,
      0.1364659105714433,
      0.22631007269708464,
      0.01954081979084699,
      0.4543464132682686,
      0.004428384599869414
    ],
    [
      0.6609204274152497,
      0.14194793958547083,
      0.10423188756914464,
      0.021947869980902125,
      0.06711702001204455,
      0.0038348554371881224
    ],
    [
      0.6935400417375311,
      0.13682792679959135,
      0.07525178454051955,
      0.03136148823939595,
      0.059561000341337926,
      0.0034577583416240017
    ],
    [
      0.6661975583783227,
      0.1590757555791973,
      0.08419940433657114,
      0.024717815324946546,
      0.06224574501847238,
      0.0035637213624900026
    ],
    [
      0.6914723081357548,
      0.13440928492369092,
      0.08637582556025834,
      0.022097037147747665,
      0.06196944817077107,
      0.003676096061777216
    ],
    [
      0.6673078614774003,
      0.13742870943597463,
      0.09632072501221811,
      0.021338845008941898,
      0.07385618226513659,
      0.003747676800328546
    ],
    [
      0.16859325834335914,
      0.13012917436104798,
      0.06425258407557978,
      0.018957144027093784,
      0.6137686234848065,
      0.004299215708112898
    ],
    [
      0.6774862689545623,
      0.14320318118549785,
      0.08241630287635342,
      0.029992558055350088,
      0.06332713061619458,
      0.003574558312041719
    ],
    [
      0.7158888567010496,
      0.13546258261463934,
      0.05982146839213456,
      0.022665210540028114,
      0.06287085589935736,
      0.0032910258527909407
    ],
    [
      0.746952986243297,
      0.120971043929369,
      0.04461733831319947,
      0.020649105062958754,
      0.0635826240735233,
      0.0032269023776525193
    ],
    [
      0.7623128011224208,
      0.11292508558458947,
      0.041676884332348306,
      0.01920030755867361,
      0.060874507087429225,
      0.0030104143145385635
    ],
    [
      0.11548512704019921,
      0.12536345991269285,
      0.029865751968996816,
      0.020821670906371274,
      0.704985359713457,
      0.003478630458282857
    ],
    [
      0.12413887574286091,
      0.25829712332906196,
      0.03197038209158722,
      0.02239120297350341,
      0.5594827209864655,
      0.0037196948765209842
    ],
    [
      0.6307231378497837,
      0.11495155284914504,
      0.15571931276892417,
      0.023960634066530494,
      0.07120077548406671,
      0.0034445869815498326
    ],
    [
      0.15642182891588982,
      0.14915494281714153,
      0.034115682040031015,
      0.1498647857259323,
      0.506622113566547,
      0.0038206469344584707
    ],
    [
      0.7501568233710132,
      0.1252533670905298,
      0.042946018632031534,
      0.020634922018247213,
      0.05790555043137962,
      0.0031033184567986903
    ],
    [
      0.6458756838996081,
      0.12784796419275912,
      0.14589786737637006,
      0.018621648842420308,
      0.05848613409273347,
      0.0032707015961088363
    ],
    [
      0.7552020096626282,
      0.12527275099563615,
      0.043532433054794366,
      0.02068701745238348,
      0.052250152032777615,
      0.003055636801780201
    ],
    [
      0.12285617526570142,
      0.10775792467008444,
      0.02735581995270109,
      0.02480696370140556,
      0.7134885404796047,
      0.0037345759305028223
    ],
    [
      0.734644057372493,
      0.13646904207181035,
      0.05583148130187719,
      0.02039030340569948,
      0.04964272557729278,
      0.0030223902708270823
    ],
    [
      0.7415126655086736,
      0.1316148961850626,
      0.05129071338854432,
      0.021190642802913974,
      0.051193351945644054,
      0.0031977301691614056
    ],
    [
      0.7425518145096022,
      0.12521560402767043,
      0.05245383805099283,
      0.020810546679319777,
      0.05570352172387149,
      0.0032646750085432107
    ],
    [
      0.14555610612143097,
      0.32920739961049694,
      0.03534167482764141,
      0.02096046050806505,
      0.46537858194549975,
      0.0035557769868658296
    ],
    [
      0.6168074209084374,
      0.12492897641401889,
      0.1690092463551669,
      0.02118661740353079,
      0.06391280146971656,
      0.004154937449129514
    ],
    [
      0.6604603735181962,
      0.220875126635864,
      0.03169065794519553,
      0.018847321444583662,
      0.06455219683545632,
      0.003574323620704332
    ],
    [
      0.7441450245249236,
      0.11599755680429,
      0.05551307064780388,
      0.02578450379127988,
      0.05486095652738371,
      0.003698887704318834
    ],
    [
      0.7400030040056128,
      0.1314953424037774,
      0.051166147744753185,
      0.021154297752003278,
      0.05298352930598706,
      0.003197678787866303
    ],
    [
      0.7544896085420401,
      0.11504397656148717,
      0.04064703958236112,
      0.024093212759630403,
      0.06228985275252903,
      0.0034363098019522596
    ],
    [
      0.124525704538382,
      0.26171659182361817,
      0.035707280766018826,
      0.022460676391359288,
      0.5518578277342112,
      0.003731918746410605
    ],
    [
      0.2479444635700706,
      0.13681642691115067,
      0.035465049706322194,
      0.022272241744695682,
      0.5537701657092916,
      0.003731652358469252
    ],
    [
      0.6040717839881075,
      0.1352976800945246,
      0.16938442440497092,
      0.02261507920646055,
      0.06534007732422092,
      0.003290954981715529
    ],
    [
      0.5915108519657627,
      0.13463530080228317,
      0.06498043178366004,
      0.023423151224066657,
      0.18207769119973655,
      0.0033725730244909516
    ],
    [
      0.15396332452941397,
      0.27610697844570575,
      0.03836530510447196,
      0.022078446365491042,
      0.5057109700793373,
      0.0037749754755800093
    ],
    [
      0.631585131134588,
      0.21980699574574694,
      0.050915236725448745,
      0.0367069365751685,
      0.057801834335267276,
      0.003183865483780539
    ],
    [
      0.7497771563402308,
      0.13074071385159958,
      0.04420076788529386,
      0.018510548703740377,
      0.0534975930364479,
      0.0032732201826875147
    ],
    [
      0.7657832236396592,
      0.12100284741865171,
      0.02723716700197876,
      0.017741484288668438,
      0.06457257694815546,
      0.00366270070288648
    ],
    [
      0.9438981363389204,
      0.024624675562803327,
      0.0027084455216680003,
      0.004521775200227984,
      0.020794456156792113,
      0.0034525112195882197
    ]
  ],
  [
    [
      0.9447072976503673,
      0.024269512053570835,
      0.0026693814124338594,
      0.004456557303489506,
      0.02049453618414551,
      0.003402715395993056
    ],
    [
      0.5482401102304891,
      0.26688187455593615,
      0.09522156295675854,
      0.024652234653669027,
      0.06138573611074871,
      0.00361848149239855
    ],
    [
      0.6708818368336846,
      0.21073280555006096,
      0.006410187527600758,
      0.03725614070274285,
      0.07103096538216136,
      0.003688064003749346
    ],
    [
      0.47132991995272605,
      0.3405029288440625,
      0.0069385192258740154,
      0.04442464687556233,
      0.1321542828008202,
      0.004649702300954829
    ],
    [
      0.20003832182393755,
      0.3517212439120249,
      0.005988993101456003,
      0.023168070219701065,
      0.4148562036856959,
      0.004227167257184585
    ],
    [
      0.6739002324541585,
      0.2123700304687379,
      0.006091198646405312,
      0.030445339943142382,
      0.07368880439714258,
      0.0035043940904132104
    ],
    [
      0.6917892882340714,
      0.20436429589322455,
      0.006232725981911175,
      0.021837512597497357,
      0.07219033608852482,
      0.003585841204770789
    ],
    [
      0.6712272647473494,
      0.22307124429326408,
      0.006405872652117158,
      0.02167394913303538,
      0.07393617572334754,
      0.0036854934508864534
    ],
    [
      0.43380655810484614,
      0.3967566463109989,
      0.006466955777162522,
      0.042203859127518,
      0.1164322866767087,
      0.004333694002765841
    ],
    [
      0.668612043542951,
      0.22263156677704668,
      0.006405617651864822,
      0.021604062734906636,
      0.07706147084259664,
      0.0036852384506341177
    ],
    [
      0.6726852025682487,
      0.2074660604507177,
      0.0061292772013155665,
      0.03047920772016238,
      0.07971414758951698,
      0.0035261044700385853
    ],
    [
      0.16798784228388655,
      0.18280045510797216,
      0.005956147354063996,
      0.018149597509378806,
      0.6208512158732167,
      0.004254741871481772
    ],
    [
      0.7059625099991963,
      0.1834588339765851,
      0.00606312569542383,
      0.02406351998659403,
      0.07696413016665478,
      0.003487880175545931
    ],
    [
      0.14229853775804188,
      0.1463582589960247,
      0.005006988912620284,
      0.026551631550871355,
      0.6762384154616865,
      0.0035461673207551384
    ],
    [
      0.72927763571507,
      0.17063169968944347,
      0.005771926760720351,
      0.018246211123142255,
      0.07275225847690855,
      0.0033202682347153426
    ],
    [
      0.5920028614631133,
      0.30096793749749845,
      0.006172051231295558,
      0.019511084339367817,
      0.07779562789460898,
      0.003550437574115857
    ],
    [
      0.17591114341701736,
      0.19751946631007944,
      0.005837911337939,
      0.03638063939632595,
      0.5801658882224922,
      0.00418495131614619
    ],
    [
      0.5711868897636512,
      0.32254389341122053,
      0.006287861695835585,
      0.01633484379632883,
      0.08002939778750007,
      0.0036171135454637383
    ],
    [
      0.5629591463463771,
      0.3306114500552964,
      0.00632580512525526,
      0.015166648115955101,
      0.08129795102707912,
      0.003638999330037087
    ],
    [
      0.7274792702702131,
      0.172432780792016,
      0.005828849258372388,
      0.024494002362227738,
      0.06641182567517086,
      0.0033532716419998948
    ],
    [
      0.6179661380605209,
      0.28462537675469396,
      0.005823082889691639,
      0.024527815064699875,
      0.06370754156520708,
      0.0033500456651865736
    ],
    [
      0.7473152899590921,
      0.16171119840700526,
      0.005897640358133614,
      0.021521348412772492,
      0.06016146469414848,
      0.003393058168847965
    ],
    [
      0.7328706341122992,
      0.1592237693411033,
      0.00569761151161129,
      0.04121829983984399,
      0.05771167592894198,
      0.0032780092662002287
    ],
    [
      0.7187619889930741,
      0.1900711770466149,
      0.006037759949356356,
      0.01739692621383048,
      0.06425840562694325,
      0.0034737421701809264
    ],
    [
      0.16833135319857137,
      0.3341550633486154,
      0.005894440179567059,
      0.027500563585229863,
      0.4599329302613535,
      0.004185649426662783
    ],
    [
      0.741075055238124,
      0.1654230234253231,
      0.006743940269431176,
      0.017381013687445497,
      0.06549696032433246,
      0.0038800070553437313
    ],
    [
      0.7488066467914822,
      0.13799170956594722,
      0.026228264977358914,
      0.017057501871371065,
      0.06559680570853138,
      0.0043190710853091285
    ],
    [
      0.9164113391316294,
      0.03668939889497443,
      0.00403543339591808,
      0.0067371939017612315,
      0.03098258471648869,
      0.005144049959228231
    ],
    [
      0.7096291150079724,
      0.145465930426037,
      0.06011136080119409,
      0.017605816622305412,
      0.06292240245214152,
      0.0042653746903494804
    ],
    [
      0.15243900680552475,
      0.1628398545658644,
      0.005901495587321218,
      0.022825387325580468,
      0.6517938224278823,
      0.004200433287826972
    ],
    [
      0.738057253569446,
      0.15884379961326275,
      0.0058852147019859665,
      0.028281013741918014,
      0.06554701027825548,
      0.003385708095131835
    ],
    [
      0.2800973751021488,
      0.16011906806747234,
      0.005393411813661445,
      0.028574522900890433,
      0.5220060025968141,
      0.0038096195190128576
    ],
    [
      0.6755724661232051,
      0.21215783491367504,
      0.006359998554307647,
      0.0157944949492402,
      0.08645645444286916,
      0.0036587510167028527
    ],
    [
      0.5574076180617766,
      0.21290884780311814,
      0.006128592825412247,
      0.025589945421502072,
      0.19443931619122543,
      0.0035256796969655112
    ],
    [
      0.678405447794821,
      0.1988041141096739,
      0.006322152208564546,
      0.02194732244289354,
      0.09088410480348746,
      0.0036368586405595253
    ],
    [
      0.17493075542012368,
      0.3390342167702641,
      0.005713795585729067,
      0.01735301938195865,
      0.4588957820163233,
      0.0040724308256011865
    ],
    [
      0.5567013669216623,
      0.21254976807629353,
      0.006360301411941781,
      0.015877497334537437,
      0.20485201238122788,
      0.003659053874336985
    ],
    [
      0.6298492003095638,
      0.27823989150582645,
      0.005897562111232873,
      0.021499903751414282,
      0.06112046240001534,
      0.003392979921947223
    ],
    [
      0.7654778076853358,
      0.12489117700716815,
      0.03585163790780638,
      0.018265490528015068,
      0.05232386570699863,
      0.0031900211646760396
    ],
    [
      0.9495026998865779,
      0.022164676018654076,
      0.002437872423896074,
      0.004070050875863327,
      0.018717094668878293,
      0.0031076061261303993
    ]
  ],
  [
    [
      0.9454859795057996,
      0.023927726829242102,
      0.0026317887685086833,
      0.004393796031884834,
      0.02020591358506936,
      0.0033547952794954847
    ],
    [
      0.6706607391649881,
      0.15528989095970885,
      0.0846377791617799,
      0.02470451905403334,
      0.061169073413868846,
      0.0035379982456208874
    ],
    [
      0.6783970285047234,
      0.21705009587728716,
      0.006280363694164271,
      0.022621752652786185,
      0.07203740118687953,
      0.0036133580841594486
    ],
    [
      0.31866187700372556,
      0.24364633349135778,
      0.005882002650802216,
      0.019217739807073468,
      0.40838839887921957,
      0.004203648167821443
    ],
    [
      0.6510716892948103,
      0.21883233035184313,
      0.006097302521743498,
      0.0349240267587597,
      0.08556681271830942,
      0.0035078383545339526
    ],
    [
      0.6695751682331476,
      0.20880011004365526,
      0.006084451402477523,
      0.032963082622392295,
      0.0790768078763756,
      0.0035003798219518036
    ],
    [
      0.325149466337755,
      0.1934355925430368,
      0.006068512985433578,
      0.024167384968819493,
      0.44681727613529226,
      0.004361767029662857
    ],
    [
      0.6225850950386737,
      0.22997768326463236,
      0.005897846911580322,
      0.051376665487436406,
      0.08676974407919062,
      0.003392965218486605
    ],
    [
      0.6431097098931804,
      0.22333998648160663,
      0.006184180448890728,
      0.04167336201319187,
      0.08213508197115996,
      0.0035576791919704536
    ],
    [
      0.6390877497763984,
      0.2249589474807365,
      0.005916663756494134,
      0.04464964045025164,
      0.0819832182444009,
      0.0034037802917184666
    ],
    [
      0.5509502715669992,
      0.32142574838605875,
      0.006083950628957254,
      0.032825838610713275,
      0.08521431175883999,
      0.0034998790484315357
    ],
    [
      0.6949255742519104,
      0.18602644298197515,
      0.006117222833462614,
      0.02606679385227114,
      0.08334502241200405,
      0.0035189436683767867
    ],
    [
      0.6824747929516055,
      0.19592565027429468,
      0.006357295045441951,
      0.02671233209238445,
      0.0848729596284066,
      0.003656970007866873
    ],
    [
      0.15200100971686586,
      0.16080567049736055,
      0.005329088382568361,
      0.019050797296993195,
      0.6590204158950314,
      0.003793018211180737
    ],
    [
      0.6420221491926047,
      0.24880299353496252,
      0.0058502819836727,
      0.020339977906791165,
      0.07961925574826956,
      0.0033653416336994033
    ],
    [
      0.5420109790712838,
      0.34356786390644584,
      0.006385907974658585,
      0.02884933589552564,
      0.07551234889718662,
      0.0036735642548996143
    ],
    [
      0.17462529003846278,
      0.19433977811519687,
      0.005579854184591043,
      0.1700783438071462,
      0.451385489106042,
      0.003991244748561125
    ],
    [
      0.17473376295563903,
      0.19537798314487878,
      0.005881980322826376,
      0.17866324609200418,
      0.4411821953092456,
      0.004160832175406005
    ],
    [
      0.1729487458844671,
      0.35573356076096707,
      0.005768407602251889,
      0.03237813246556383,
      0.4290749997526419,
      0.004096153534108179
    ],
    [
      0.18050462446588195,
      0.1836887639053066,
      0.00567873577805609,
      0.035097312895747336,
      0.5909980854966761,
      0.004032477458331883
    ],
    [
      0.603310751228797,
      0.28702295037481756,
      0.0060754650344774985,
      0.028138516952579663,
      0.07195711708163348,
      0.0034951993276948244
    ],
    [
      0.7165229719945276,
      0.174221452181769,
      0.006371435987941084,
      0.02342868697754871,
      0.07578985609757498,
      0.0036655967606385336
    ],
    [
      0.6857895018277763,
      0.20310986587360688,
      0.006470627688099052,
      0.028548942421048804,
      0.0723583256175644,
      0.003722736571904659
    ],
    [
      0.7114422454824483,
      0.17880017544524704,
      0.005971480872286437,
      0.027837476367446778,
      0.072513137166535,
      0.003435484666036454
    ],
    [
      0.7162213507762242,
      0.16941347651180902,
      0.007053232794256444,
      0.02601218879220302,
      0.07724191796336652,
      0.004057833162140815
    ],
    [
      0.726679911792592,
      0.16638255138012015,
      0.006871341304524646,
      0.022777045504589907,
      0.07333596182387554,
      0.003953188194297712
    ],
    [
      0.4483896664625135,
      0.27458231907470665,
      0.18060119682504774,
      0.01706825377401486,
      0.07493837360985416,
      0.0044201902538630825
    ],
    [
      0.9277777405588543,
      0.0317003677078309,
      0.0034866944230200103,
      0.005821069040028376,
      0.026769567167431715,
      0.004444561102834636
    ],
    [
      0.711250923186097,
      0.14015556525548575,
      0.053181314951619804,
      0.023041108171838704,
      0.06831483826324093,
      0.004056250171717766
    ],
    [
      0.7154066459145998,
      0.16501618391791503,
      0.01570280144979543,
      0.026539578240514696,
      0.07327422670359936,
      0.004060563773575618
    ],
    [
      0.7231036771497787,
      0.17483132037586238,
      0.005899535569653578,
      0.020811470339257187,
      0.07196013859846398,
      0.003393857966984148
    ],
    [
      0.69435579341003,
      0.19574772085828795,
      0.006217174655982516,
      0.02603542874420781,
      0.07406732464350267,
      0.003576557687989094
    ],
    [
      0.5530554369158242,
      0.32700643073222585,
      0.006253282124192988,
      0.028806485027895304,
      0.0812810954336205,
      0.00359726976624123
    ],
    [
      0.6499082201538715,
      0.21463969287170034,
      0.006096855433749811,
      0.0348014960191267,
      0.09104634425501146,
      0.003507391266540267
    ],
    [
      0.3189638046597408,
      0.22145758937563206,
      0.005855455583272604,
      0.018730546565191922,
      0.43078387633778603,
      0.004208727478376662
    ],
    [
      0.5327453157335507,
      0.3366336332721393,
      0.006839459386660563,
      0.02713440968941315,
      0.09271275994971197,
      0.003934421968524468
    ],
    [
      0.1729487458844671,
      0.35573356076096707,
      0.005768407602251889,
      0.03237813246556383,
      0.4290749997526419,
      0.004096153534108179
    ],
    [
      0.7045237004341046,
      0.19457245221614372,
      0.005859716665683964,
      0.02010948258629263,
      0.0715636187823457,
      0.0033710293154293964
    ],
    [
      0.6608005799666797,
      0.2263515457840502,
      0.036121071083620615,
      0.018222426625082472,
      0.05531765187307911,
      0.0031867246674878616
    ],
    [
      0.9523157048205203,
      0.020929969551978306,
      0.0023020681899798318,
      0.003843324433667715,
      0.017674439328209345,
      0.0029344936756445367
    ]
  ],
  [
    [
      0.9488813785677533,
      0.022437391306487205,
      0.002467868128738487,
      0.0041201289864196185,
      0.018947390742492323,
      0.0031458422681090318
    ],
    [
      0.6790471934105956,
      0.14883008260714323,
      0.08073752018212746,
      0.023212237030708058,
      0.06468090255509222,
      0.003492064214333343
    ],
    [
      0.6960463250518261,
      0.20930190831412107,
      0.006206684521190624,
      0.016838946820234544,
      0.06803527638342959,
      0.0035708589091981643
    ],
    [
      0.6910452248818496,
      0.19012943168892538,
      0.006919986265396487,
      0.02698963203061233,
      0.08093456346402496,
      0.003981161669191256
    ],
    [
      0.6976225661871545,
      0.18041667113430382,
      0.0060760149556954406,
      0.03156631197333748,
      0.080822887949025,
      0.003495547800483767
    ],
    [
      0.5896750764142501,
      0.28005759115227813,
      0.006060036213041701,
      0.033351264664633846,
      0.08736970838918591,
      0.003486323166610283
    ],
    [
      0.5777554188205192,
      0.2924741226452423,
      0.006090223603184942,
      0.018743068959157193,
      0.10143361978735982,
      0.0035035461845366015
    ],
    [
      0.683594334221958,
      0.1872367739810561,
      0.0060372056864167155,
      0.023393237860915257,
      0.0962654503462801,
      0.0034729979033738378
    ],
    [
      0.1676992222921834,
      0.190598289379436,
      0.0051699371736218976,
      0.0337468224254341,
      0.5990926118774506,
      0.003693116851874124
    ],
    [
      0.6823182798715977,
      0.18664552650567545,
      0.006077278235878905,
      0.023445683925778924,
      0.09801723814516962,
      0.0034959933158994413
    ],
    [
      0.4936069304990412,
      0.3745713512534843,
      0.006077212666118383,
      0.023427713612624322,
      0.09882086422259284,
      0.0034959277461389204
    ],
    [
      0.16705383617818556,
      0.28752120655461905,
      0.005137824496951195,
      0.13117212229345937,
      0.4054221084715889,
      0.003692902005195897
    ],
    [
      0.2741930568645395,
      0.1736808042776982,
      0.005278488850434977,
      0.026428783549852095,
      0.5166260403469108,
      0.0037928261105643853
    ],
    [
      0.3251871868850688,
      0.16476832095987762,
      0.005013512436481542,
      0.02505212275022657,
      0.47637535427458344,
      0.003603502693761968
    ],
    [
      0.14357215946673424,
      0.33187582354806733,
      0.005044915844066221,
      0.02097739511469708,
      0.4949036275515764,
      0.003626078474858698
    ],
    [
      0.6016010502213205,
      0.19077712369084163,
      0.005621435436996012,
      0.11568985809886848,
      0.08307674834530301,
      0.003233784206670424
    ],
    [
      0.6825599745709017,
      0.19585033812608396,
      0.005877614132260819,
      0.020164132030989743,
      0.09216678770185031,
      0.0033811534379135145
    ],
    [
      0.6992464816789806,
      0.1828346392182881,
      0.00650700579957974,
      0.018400572153748258,
      0.08926815375215691,
      0.0037431473972464055
    ],
    [
      0.15446171911053228,
      0.2865123211091011,
      0.005536945205748056,
      0.028102390812608315,
      0.5214200007824471,
      0.003966622979563193
    ],
    [
      0.6914799441442028,
      0.1882697921153248,
      0.006585300896915415,
      0.020035637899953725,
      0.08984107817196131,
      0.0037882467716419802
    ],
    [
      0.7018296307656293,
      0.17624791128111114,
      0.005875847933218742,
      0.020269131211621116,
      0.09239719913398835,
      0.00338027967443123
    ],
    [
      0.5452806257401518,
      0.18945387917659168,
      0.006648862148547178,
      0.02016180514013088,
      0.23462965965035631,
      0.0038251681442221107
    ],
    [
      0.5582090604400617,
      0.20347227905150403,
      0.005987619379339542,
      0.019182095006950055,
      0.20970418772978577,
      0.0034447583923589635
    ],
    [
      0.5103461407374693,
      0.20519775817339786,
      0.007204620617297677,
      0.02350410844100018,
      0.2496024431288256,
      0.004144928902009384
    ],
    [
      0.17779223265655003,
      0.18043441952494882,
      0.006538507339907117,
      0.032445853276561326,
      0.5981007969686067,
      0.004688190233425937
    ],
    [
      0.5883162509435212,
      0.18668367547655149,
      0.0068671494736835675,
      0.020454706189280518,
      0.19372737720721253,
      0.0039508407097505385
    ],
    [
      0.4037267564602125,
      0.4304213174925998,
      0.022370425720350303,
      0.04614943151620152,
      0.09238916123263742,
      0.0049429075779984545
    ],
    [
      0.7224703999228006,
      0.1315549652424116,
      0.0533256574422742,
      0.01676246296487963,
      0.07178425208484626,
      0.00410226234278773
    ],
    [
      0.9149999741860754,
      0.03730888640603001,
      0.004103570260128474,
      0.00685094903559834,
      0.03150571469054545,
      0.005230905421622419
    ],
    [
      0.7161738566814684,
      0.13526743363624988,
      0.05222024201943857,
      0.022612170858756046,
      0.0697020740730996,
      0.004024222730987554
    ],
    [
      0.7250899817178088,
      0.1617982177439956,
      0.007052537165878889,
      0.02675457139243116,
      0.07524734831668245,
      0.0040573436632030686
    ],
    [
      0.17348716246219356,
      0.317452513886871,
      0.0055449674073650606,
      0.03434739061071626,
      0.46520694794781975,
      0.003961017685034318
    ],
    [
      0.31253699182994255,
      0.19930679542628027,
      0.005536382706310289,
      0.03620566043441447,
      0.44243482581697624,
      0.003979343786076177
    ],
    [
      0.658091538225311,
      0.21462046079223154,
      0.006623228745540739,
      0.019208227631298362,
      0.09764652010710922,
      0.0038100244985090834
    ],
    [
      0.48570031374853545,
      0.35680779037240434,
      0.006911168516371411,
      0.04237135299067893,
      0.10349040680872258,
      0.004718967563287306
    ],
    [
      0.162290389259742,
      0.3507829685948163,
      0.00619853103261662,
      0.024912991936859488,
      0.45136973911520045,
      0.0044453800607650714
    ],
    [
      0.17204189200821274,
      0.3647958547249248,
      0.005711432738947833,
      0.034989525294682584,
      0.41843204174491044,
      0.004029253488321662
    ],
    [
      0.7103993727638511,
      0.18322189250789828,
      0.006028589570207026,
      0.025224535193960163,
      0.0716575103991331,
      0.003468099564950344
    ],
    [
      0.7166036266383619,
      0.1355191869915685,
      0.059880445704083865,
      0.02268241860270202,
      0.06202327188331409,
      0.0032910501799695863
    ],
    [
      0.9520674367837993,
      0.021038941330416918,
      0.002314053896128427,
      0.0038633346824936024,
      0.017766461205341904,
      0.0029497721018198683
    ]
  ],
  [
    [
      0.9485136258753168,
      0.022598808238967438,
      0.002485622229367446,
      0.004149769623930738,
      0.019083700247032327,
      0.003168473785385196
    ],
    [
      0.7229575837451189,
      0.12232207482781339,
      0.07080989232312368,
      0.020254229704939078,
      0.060462481133093215,
      0.0031937382659118193
    ],
    [
      0.583693031008827,
      0.3161768103650085,
      0.005985678584987616,
      0.020572573173387725,
      0.07012831917091218,
      0.003443587696877132
    ],
    [
      0.6674696970835311,
      0.20945485427721,
      0.006099883214124251,
      0.02383088770555304,
      0.0896353984456139,
      0.0035092792739677154
    ],
    [
      0.48784549064261856,
      0.3973553846268505,
      0.006253324166478796,
      0.021502623372833665,
      0.08344560060282454,
      0.003597576588394003
    ],
    [
      0.6302870628863826,
      0.19092417006841475,
      0.004981171083907173,
      0.02265165549095552,
      0.14829033703859662,
      0.00286560343174336
    ],
    [
      0.6944575150678265,
      0.1935481460087653,
      0.004921629390449088,
      0.0240402217079753,
      0.08020117910710726,
      0.0028313087178765788
    ],
    [
      0.255058843533977,
      0.2645215564543386,
      0.004402020801794749,
      0.028052967792066227,
      0.44481241193195104,
      0.0031521994858723723
    ],
    [
      0.562893537289701,
      0.24653592545827682,
      0.005041633122704194,
      0.02313680000112328,
      0.15949193317967855,
      0.00290017094851604
    ],
    [
      0.15981334701699929,
      0.27304595930006953,
      0.004394056720579522,
      0.023000992144502897,
      0.5365883220435965,
      0.0031573227742522484
    ],
    [
      0.14950237485474924,
      0.17680920796405017,
      0.004577198401716666,
      0.02784211429144017,
      0.6379793126182979,
      0.003289791869745793
    ],
    [
      0.5844228656038262,
      0.29050308102917055,
      0.00548966066910003,
      0.023525595999041592,
      0.09290097200318229,
      0.0031578246956794243
    ],
    [
      0.6817745269927736,
      0.19444151557847258,
      0.005112218886055579,
      0.02898777966856,
      0.08674309836729066,
      0.0029408605068475878
    ],
    [
      0.5968957432138101,
      0.2289272249536452,
      0.0049030174882096845,
      0.08679324342798339,
      0.0796602091882156,
      0.0028205617281359895
    ],
    [
      0.6013529529151678,
      0.2298123640012922,
      0.004638513562434532,
      0.08554036868310315,
      0.07598736263483422,
      0.002668438203168173
    ],
    [
      0.6087300010301393,
      0.27168023158182647,
      0.005163563620569023,
      0.028839069858632948,
      0.08261665407565337,
      0.002970479833178854
    ],
    [
      0.6076890978700276,
      0.28080175740873886,
      0.00517996704625624,
      0.023491782989433812,
      0.07985738206319277,
      0.00298001262235075
    ],
    [
      0.4021137354356881,
      0.4207322799371283,
      0.005173486266553576,
      0.05290237197553132,
      0.11554565371811812,
      0.00353247266698057
    ],
    [
      0.1501850129807494,
      0.20565499727872305,
      0.004483530809061628,
      0.021775706989281413,
      0.6147080969364943,
      0.0031926550056901857
    ],
    [
      0.17315860615115194,
      0.18740186203510925,
      0.004626758571008012,
      0.029301874968695244,
      0.6022095012971236,
      0.003301396976911981
    ],
    [
      0.6988178250768684,
      0.19682747393500305,
      0.00490044046576667,
      0.023014695475060593,
      0.0736203965770305,
      0.0028191684702706904
    ],
    [
      0.6710378148420792,
      0.2084338234175595,
      0.005013707076613121,
      0.02774751278454264,
      0.08488276915975257,
      0.0028843727194529157
    ],
    [
      0.6917080225657859,
      0.19769894263332077,
      0.005969359380182247,
      0.02341542331000586,
      0.07777398797166192,
      0.003434264139043412
    ],
    [
      0.16242305893394854,
      0.381601470777397,
      0.005651780466330232,
      0.023044540082049328,
      0.4232801851665506,
      0.003998964573724348
    ],
    [
      0.5243330380080177,
      0.3444016949077663,
      0.007005278910051897,
      0.02274045864572349,
      0.09748924592759796,
      0.004030283600842631
    ],
    [
      0.5830901696373714,
      0.30523947015215175,
      0.00675207479940407,
      0.025854563658504345,
      0.07517908634525775,
      0.0038846354073107116
    ],
    [
      0.09941605754830579,
      0.03888727548485228,
      0.004276563101775484,
      0.0071402231310113105,
      0.03283848780664692,
      0.8174413929274083
    ],
    [
      0.14700219027283296,
