[
  [
    [
      0.9507753232782997,
      0.021606086052301045,
      0.002376433624876814,
      0.003967478224682222,
      0.01824538999462472,
      0.003029288825215524
    ],
    [
      0.9437535895317324,
      0.024688121195414497,
      0.002715423848715472,
      0.004533425582681644,
      0.020848033204835165,
      0.003461406636620833
    ],
    [
      0.9485043804802331,
      0.022602866301205123,
      0.0024860685719178795,
      0.004150514797004817,
      0.01908712710222349,
      0.0031690427474155647
    ],
    [
      0.9522761251733612,
      0.020947342165053527,
      0.002303978987787634,
      0.003846514528528715,
      0.017689109736353414,
      0.002936929408915531
    ],
    [
      0.9522761251733612,
      0.020947342165053527,
      0.002303978987787634,
      0.003846514528528715,
      0.017689109736353414,
      0.002936929408915531
    ],
    [
      0.9522761251733612,
      0.020947342165053527,
      0.002303978987787634,
      0.003846514528528715,
      0.017689109736353414,
      0.002936929408915531
    ],
    [
      0.9525769888229172,
      0.02081528470251159,
      0.0022894541083790776,
      0.003822265106131079,
      0.017577593013706577,
      0.0029184142463545637
    ],
    [
      0.9508571187374653,
      0.021570183739739197,
      0.002372484762386112,
      0.003960885561718644,
      0.018215072069720867,
      0.00302425512896995
    ],
    [
      0.9495026998865779,
      0.022164676018654076,
      0.002437872423896074,
      0.004070050875863327,
      0.018717094668878293,
      0.0031076061261303993
    ],
    [
      0.9525769888229172,
      0.02081528470251159,
      0.0022894541083790776,
      0.003822265106131079,
      0.017577593013706577,
      0.0029184142463545637
    ],
    [
      0.9536873628285905,
      0.02032791052527825,
      0.0022358482688082113,
      0.003732769654212347,
      0.017166026943137094,
      0.0028500817799736694
    ],
    [
      0.9515869341901866,
      0.021249847344988547,
      0.002337251255590179,
      0.0039020628916769744,
      0.01794456206445894,
      0.0029793422530988195
    ],
    [
      0.94980665365126,
      0.022031262218239006,
      0.0024231983621265563,
      0.004045552392114924,
      0.018604432578514234,
      0.003088900797745212
    ],
    [
      0.9449376940311199,
      0.024168384644307695,
      0.0026582585012694835,
      0.0044379874989817015,
      0.020409138531989276,
      0.0033885367923319263
    ],
    [
      0.9436583649983955,
      0.02472991790386621,
      0.002720021030413878,
      0.0045411006206429,
      0.020883328687985016,
      0.0034672667586964872
    ],
    [
      0.9370230292791817,
      0.02764235215601522,
      0.003040357007522178,
      0.005075904538772683,
      0.02334275140043425,
      0.003875605618074043
    ],
    [
      0.9391337972399847,
      0.02671587711880193,
      0.0029384548663517187,
      0.00490577795837503,
      0.022560383953904493,
      0.003745708862582205
    ],
    [
      0.9400760355800036,
      0.026302302383282086,
      0.002892966159812747,
      0.004829834136181517,
      0.022211138268072392,
      0.003687723472647673
    ],
    [
      0.9441529254034738,
      0.024512841523038058,
      0.0026961449980164396,
      0.004501239360628304,
      0.020700017225777377,
      0.0034368314890660156
    ],
    [
      0.944947187730108,
      0.024164217594548305,
      0.0026578001712813134,
      0.004437222312767894,
      0.020405619641626484,
      0.003387952549668092
    ],
    [
      0.9493502419590489,
      0.022231594063035952,
      0.0024452326783352693,
      0.004082338889679468,
      0.0187736040160349,
      0.0031169883938655454
    ],
    [
      0.9488813785677533,
      0.022437391306487205,
      0.002467868128738487,
      0.0041201289864196185,
      0.018947390742492323,
      0.0031458422681090318
    ],
    [
      0.9505051004793236,
      0.021724694389354857,
      0.002389479247285385,
      0.003989258013644815,
      0.01834554952194134,
      0.0030459183484500777
    ],
    [
      0.9504892735667523,
      0.02173164126351902,
      0.002390243327614952,
      0.003990533652921137,
      0.018351415851829218,
      0.0030468923373634204
    ],
    [
      0.9533590316462472,
      0.020472024255460103,
      0.002251699206057168,
      0.003759232942611281,
      0.017287724653883185,
      0.0028702872957409972
    ],
    [
      0.9425579047744583,
      0.02521294064528405,
      0.002773148259543065,
      0.0046297970279404865,
      0.02129122016227185,
      0.0035349891305022866
    ],
    [
      0.9405604800920435,
      0.026089666150567428,
      0.0028695784952414293,
      0.004790788210832904,
      0.02203157631578379,
      0.0036579107355309546
    ],
    [
      0.9437146483803258,
      0.02470521355486308,
      0.0027173038216834478,
      0.004536564215183456,
      0.02086246695110984,
      0.0034638030768344296
    ],
    [
      0.9452483952040865,
      0.024032009217860115,
      0.00264325869296397,
      0.004412945178336362,
      0.020293975478616433,
      0.003369416228136652
    ],
    [
      0.9512591579898215,
      0.021393717478072848,
      0.0023530753998173854,
      0.003928481448874812,
      0.01806605406816324,
      0.002999513615250186
    ],
    [
      0.9518972927055152,
      0.021113622320552822,
      0.0023222679898642594,
      0.0038770481890234147,
      0.01782952601897432,
      0.0029602427760700356
    ],
    [
      0.9518972927055152,
      0.021113622320552822,
      0.0023222679898642594,
      0.0038770481890234147,
      0.01782952601897432,
      0.0029602427760700356
    ],
    [
      0.9533877501170995,
      0.02045941891614967,
      0.002250312756326394,
      0.0037569182517826036,
      0.017277079998892143,
      0.0028685199597497067
    ],
    [
      0.944947187730108,
      0.024164217594548305,
      0.0026578001712813134,
      0.004437222312767894,
      0.020405619641626484,
      0.003387952549668092
    ],
    [
      0.9512591579898215,
      0.021393717478072848,
      0.0023530753998173854,
      0.003928481448874812,
      0.01806605406816324,
      0.002999513615250186
    ],
    [
      0.9505051004793236,
      0.021724694389354857,
      0.002389479247285385,
      0.003989258013644815,
      0.01834554952194134,
      0.0030459183484500777
    ],
    [
      0.9525769888229172,
      0.02081528470251159,
      0.0022894541083790776,
      0.003822265106131079,
      0.017577593013706577,
      0.0029184142463545637
    ],
    [
      0.9488813785677533,
      0.022437391306487205,
      0.002467868128738487,
      0.0041201289864196185,
      0.018947390742492323,
      0.0031458422681090318
    ],
    [
      0.9418503360664144,
      0.02552351232217576,
      0.0028073077539611316,
      0.004686826624244426,
      0.021553484292501503,
      0.0035785329407027606
    ],
    [
      0.9497136846699169,
      0.0220720689018959,
      0.002427686651904131,
      0.004053045633993083,
      0.018638892029240524,
      0.00309462211304946
    ]
  ],
  [
    [
      0.9438981363389204,
      0.024624675562803327,
      0.0027084455216680003,
      0.004521775200227984,
      0.020794456156792113,
      0.0034525112195882197
    ],
    [
      0.6585512769742532,
      0.11840681391599953,
      0.14013272712356303,
      0.01736193560267025,
      0.06197279647850115,
      0.0035744499050128914
    ],
    [
      0.6450717547777945,
      0.23358891485573158,
      0.04413876024744186,
      0.02124621580558082,
      0.05280075463006666,
      0.003153599683384523
    ],
    [
      0.7577444551270933,
      0.11847403353377962,
      0.04366384275136723,
      0.02023345320833155,
      0.056742181276529476,
      0.0031420341028987934
    ],
    [
      0.7288997490775893,
      0.12650098175022342,
      0.05402639705956646,
      0.022590885628735402,
      0.06462226928518028,
      0.003359717198705178
    ],
    [
      0.7523533812707524,
      0.13238476082955583,
      0.04219638060022784,
      0.020066529762787142,
      0.0500180485652371,
      0.0029808989714396788
    ],
    [
      0.7665783046148779,
      0.1253928171684865,
      0.036086779823776324,
      0.01834655197854364,
      0.05040264346319722,
      0.0031929029511185026
    ],
    [
      0.7656344945843333,
      0.12763834654569406,
      0.036658161406331,
      0.018772981060084678,
      0.04804863223503898,
      0.0032473841685180696
    ],
    [
      0.7547497002712295,
      0.14169414196784363,
      0.03585214499178818,
      0.018404464010248676,
      0.04610902051023219,
      0.003190528248657851
    ],
    [
      0.748561518243932,
      0.14524283752413036,
      0.036430635195639785,
      0.018358570963434122,
      0.048230650102630196,
      0.003175787970233429
    ],
    [
      0.6760571766139231,
      0.20868096548638523,
      0.042196380600227845,
      0.020066529762787146,
      0.05001804856523711,
      0.002980898971439679
    ],
    [
      0.7486461577713278,
      0.12140139823508088,
      0.04487676341280368,
      0.02077614518334039,
      0.06107105256068053,
      0.003228482836766735
    ],
    [
      0.7219020318967287,
      0.12259049569813388,
      0.05789906341795635,
      0.02584506838226885,
      0.0681958348491562,
      0.003567505755755949
    ],
    [
      0.6013999843098057,
      0.131639734430729,
      0.17659598358852285,
      0.02736610036190362,
      0.0597405214041137,
      0.003257675904925114
    ],
    [
      0.5937093076741427,
      0.12354354863866256,
      0.18465763128434282,
      0.02368102516384637,
      0.07103502649216306,
      0.0033734607468424997
    ],
    [
      0.6859228658001743,
      0.14530741100202263,
      0.07807075157948591,
      0.017657964786038184,
      0.06909510176983526,
      0.003945905062443673
    ],
    [
      0.6909206989544286,
      0.146246323633204,
      0.06775324743175391,
      0.023451604438026134,
      0.06740728479720647,
      0.004220840745380776
    ],
    [
      0.6854851348197141,
      0.15027548476197394,
      0.05372279650141419,
      0.0234049848907271,
      0.08300314486639052,
      0.004108454159780295
    ],
    [
      0.6856620613234113,
      0.12916659584339385,
      0.0869793141841874,
      0.03184136956040739,
      0.0627846184476311,
      0.003566040640968981
    ],
    [
      0.15730847147861934,
      0.1353731492055626,
      0.046394805961510056,
      0.192689603095507,
      0.4639004095598619,
      0.004333560698939136
    ],
    [
      0.7020180956766751,
      0.12953903061882943,
      0.07223812597370433,
      0.030599323554424702,
      0.062104086516518386,
      0.0035013376598480154
    ],
    [
      0.7390961924272972,
      0.1302445705668798,
      0.05064404808113039,
      0.020911034726193104,
      0.055937266820065105,
      0.003166887378434496
    ],
    [
      0.655881973559683,
      0.22015402887349908,
      0.04324663316569146,
      0.020620098181107088,
      0.05700348550222285,
      0.0030937807177964624
    ],
    [
      0.7309711777868454,
      0.12953485647396776,
      0.05606203061219508,
      0.01990591031533644,
      0.06041623625015477,
      0.0031097885615006386
    ],
    [
      0.1444594576334853,
      0.12407574454091091,
      0.020284654263233958,
      0.201889891277645,
      0.5047952775868512,
      0.004494974697873738
    ],
    [
      0.7344131011570979,
      0.12559349734591774,
      0.03955782108544176,
      0.024894065455984323,
      0.07203679256279856,
      0.003504722392759756
    ],
    [
      0.6596236463713077,
      0.22443716544618325,
      0.033874631176901336,
      0.017994827675149396,
      0.060428227702757714,
      0.0036415016277007157
    ],
    [
      0.6095281306248289,
      0.2425522963796531,
      0.04316343597020277,
      0.019575878791529163,
      0.08144718728178985,
      0.0037330709519962464
    ],
    [
      0.3256814579209749,
      0.12961604498686666,
      0.036950884803839644,
      0.025555154132896992,
      0.4776697450992343,
      0.004526713056187492
    ],
    [
      0.7027229762424766,
      0.12675065696012736,
      0.06022543499771094,
      0.021927272129850177,
      0.08507402476506717,
      0.0032996349047677794
    ],
    [
      0.7192946813021508,
      0.15172480153490964,
      0.05025638438725382,
      0.020799730076599337,
      0.05477257514228723,
      0.003151827556799144
    ],
    [
      0.7348956271534378,
      0.13461057999220546,
      0.05145089165259206,
      0.021111353514613226,
      0.05475591494620975,
      0.003175632740941647
    ],
    [
      0.7226730345530437,
      0.12265155328141099,
      0.05796268062092127,
      0.02586363024579868,
      0.0672815693020115,
      0.003567531996813914
    ],
    [
      0.15304260526160993,
      0.14123370211983632,
      0.04247588090776369,
      0.025525678251648923,
      0.6339125333566851,
      0.003809600102456038
    ],
    [
      0.606110916899188,
      0.12262137432083331,
      0.17682853442833066,
      0.025827378437723366,
      0.06506849739952311,
      0.0035432985144015538
    ],
    [
      0.6047261902196244,
      0.25477421573638903,
      0.059458156235158745,
      0.02236023653259395,
      0.0554665207183106,
      0.0032146805579234294
    ],
    [
      0.6364519507812925,
      0.13173823560703438,
      0.15803740265806393,
      0.021228138710803042,
      0.049346489065373804,
      0.0031977831774324113
    ],
    [
      0.7685344932598716,
      0.1260847873200998,
      0.03611489692151206,
      0.01851501944607002,
      0.04753697318837838,
      0.003213829864068085
    ],
    [
      0.7747714508775773,
      0.11888272817836508,
      0.02670086373626587,
      0.017497986858799542,
      0.05855605365233161,
      0.0035909166966606337
    ],
    [
      0.9425237578353122,
      0.025227928691011325,
      0.002774796780971299,
      0.004632549249925975,
      0.021303876908102138,
      0.0035370905346771815
    ]
  ],
  [
    [
      0.9507753232782997,
      0.021606086052301045,
      0.002376433624876814,
      0.003967478224682222,
      0.01824538999462472,
      0.003029288825215524
    ],
    [
      0.7521749698027349,
      0.1309306025555758,
      0.04439861699056834,
      0.018568275983791155,
      0.05065423287511543,
      0.003273301792214464
    ],
    [
      0.6773555688080181,
      0.2391240307565807,
      0.005531463623298484,
      0.020225799574159983,
      0.05458068569759583,
      0.003182451540346862
    ],
    [
      0.16108426598494133,
      0.2523040247287392,
      0.00518026698224747,
      0.031120033323267283,
      0.54666700715727,
      0.003644401823534638
    ],
    [
      0.2433167631049035,
      0.2538909158371871,
      0.005007713533858629,
      0.02253105737392706,
      0.47173054247560126,
      0.0035230076745225236
    ],
    [
      0.6387435563007323,
      0.27034062605808473,
      0.005581020316636776,
      0.01928997194870324,
      0.06283394755828232,
      0.003210877817560602
    ],
    [
      0.7348008067271885,
      0.176898992199648,
      0.005808531068742446,
      0.022728853904491336,
      0.056420899972460394,
      0.003341916127469406
    ],
    [
      0.6481247336554097,
      0.2663241684423976,
      0.005830246313543923,
      0.022882758786253246,
      0.05348357453547112,
      0.003354518266924442
    ],
    [
      0.7423803427408758,
      0.1741965147725415,
      0.00583042393945482,
      0.022931439660146696,
      0.0513065829941458,
      0.003354695892835337
    ],
    [
      0.6192058779347428,
      0.293235002529843,
      0.005966971059571676,
      0.018794417052906652,
      0.059364546555421074,
      0.003433184867514754
    ],
    [
      0.7621800701408231,
      0.1545586265346835,
      0.005510547425570782,
      0.02018713262082125,
      0.05439320558452811,
      0.003170417693573224
    ],
    [
      0.15742676956102228,
      0.15266924245439176,
      0.005054010256131755,
      0.06258019262649014,
      0.618699900808634,
      0.0035698842933300453
    ],
    [
      0.2592175014891588,
      0.2967026933563919,
      0.005377071665792721,
      0.025060762709268963,
      0.40983923115501825,
      0.003802739624369453
    ],
    [
      0.2384046069967286,
      0.33741147810292366,
      0.005072696609301872,
      0.017776298530353944,
      0.3977422153912713,
      0.0035927043694206602
    ],
    [
      0.4784508852888372,
      0.3358440126164194,
      0.005707227802529969,
      0.10605398697766129,
      0.07066052391532718,
      0.0032833633992250524
    ],
    [
      0.26586123695211766,
      0.5805989563094313,
      0.005801847093001514,
      0.037430887763921346,
      0.1062739581999868,
      0.0040331136815414835
    ],
    [
      0.5910030316179317,
      0.31051588585831097,
      0.006527495715445814,
      0.02151877115819966,
      0.06667931074057395,
      0.003755504909537957
    ],
    [
      0.675287666041626,
      0.21683900340537862,
      0.006936360090440092,
      0.02429847583735497,
      0.07264775521922388,
      0.003990739405976275
    ],
    [
      0.6633540992671269,
      0.2144340219701028,
      0.006364153419893604,
      0.037108997952293575,
      0.07507729670512701,
      0.00366143068545628
    ],
    [
      0.6765501808247729,
      0.19134705193488002,
      0.00658347413630973,
      0.03439554307809944,
      0.08733623609054225,
      0.0037875139353957276
    ],
    [
      0.6994736766645503,
      0.19403987946893766,
      0.006551179760325832,
      0.024550347252132846,
      0.07161604007442295,
      0.0037688767796304227
    ],
    [
      0.6908765076612386,
      0.20522533850765487,
      0.005968890719990357,
      0.023801214965201434,
      0.07069420203273737,
      0.0034338461131773385
    ],
    [
      0.1371363346753917,
      0.17116956634641417,
      0.00544725465973281,
      0.02667464944400223,
      0.6556995607878396,
      0.0038726340866194996
    ],
    [
      0.7500038124373091,
      0.1437087841243139,
      0.006910007950328764,
      0.02147659634996761,
      0.07392557242590575,
      0.0039752267121748565
    ],
    [
      0.5812027263701851,
      0.3074512747505329,
      0.007236905228046552,
      0.022220157978521383,
      0.07772568602872963,
      0.004163249643984464
    ],
    [
      0.6437433369256408,
      0.2542868880945397,
      0.006499836955198401,
      0.020303902251312515,
      0.07142683915790561,
      0.003739196615402968
    ],
    [
      0.5855989744038157,
      0.3004797736000534,
      0.006680991754271587,
      0.015523039163463337,
      0.0878736284931271,
      0.0038435925852689477
    ],
    [
      0.7181477971123301,
      0.18128127858038462,
      0.006602674963806715,
      0.016655118182366237,
      0.07351475267641595,
      0.003798378484696421
    ],
    [
      0.18853094525235672,
      0.16323915400592026,
      0.006437180683299549,
      0.021849034175939138,
      0.6153556720742709,
      0.004588013808213376
    ],
    [
      0.7063726314141224,
      0.18032339313930756,
      0.007521834474121552,
      0.01879594631703738,
      0.08265899307459922,
      0.004327201580811941
    ],
    [
      0.6636033478558567,
      0.22345351597120153,
      0.006164572638466046,
      0.024489070924387762,
      0.07874308307068802,
      0.0035464095394000363
    ],
    [
      0.17992312381575162,
      0.1745114338883812,
      0.006020880679662028,
      0.02777902843604704,
      0.6074693683880857,
      0.004296164792072431
    ],
    [
      0.5638753950064136,
      0.3302493259881835,
      0.0063221643407712505,
      0.017106956805355077,
      0.078809010847107,
      0.003637147012169538
    ],
    [
      0.16748620575118378,
      0.20378848206007963,
      0.00581236227235618,
      0.020869114401351117,
      0.5979272677521834,
      0.004116567762845911
    ],
    [
      0.6847596828845536,
      0.20968465791655097,
      0.0062781168932763325,
      0.017196784530886258,
      0.07846895129998288,
      0.003611806474749991
    ],
    [
      0.17466132836849,
      0.18662200863708187,
      0.005950108938891126,
      0.01826153395245597,
      0.6102908941598729,
      0.004214125943208158
    ],
    [
      0.7161447555002872,
      0.19369691335550593,
      0.006037844131679931,
      0.017419997561120847,
      0.06322666309890157,
      0.003473826352504502
    ],
    [
      0.7194207417301958,
      0.19016377687956995,
      0.006238753776137913,
      0.024511531076209965,
      0.056075597471627145,
      0.00358959906625916
    ],
    [
      0.7546900770867062,
      0.13112978004372602,
      0.04460614427890185,
      0.018628827108726438,
      0.04767178408810553,
      0.0032733873938339737
    ],
    [
      0.9496128397454753,
      0.022116332557048857,
      0.0024325551708117583,
      0.004061173671969933,
      0.018676270740447098,
      0.0031008281142471533
    ]
  ],
  [
    [
      0.952966564788582,
      0.020644288925624095,
      0.0022706464394230386,
      0.0037908655264167553,
      0.017433194596094336,
      0.0028944397238598162
    ],
    [
      0.6362244723127866,
      0.23631935169061835,
      0.0516921147086579,
      0.020986901122224646,
      0.051622064750303884,
      0.0031550954154086126
    ],
    [
      0.6038596133115913,
      0.2939392712611387,
      0.005765711175883889,
      0.02298188394876959,
      0.07013644972397849,
      0.0033170705786379874
    ],
    [
      0.7197345753330369,
      0.15897728247382434,
      0.006048246381138321,
      0.022817363226673156,
      0.08894308500253939,
      0.0034794475827879287
    ],
    [
      0.25755600946430873,
      0.3092039428260721,
      0.005260691078724625,
      0.03231961351524407,
      0.39192411972704716,
      0.0037356233886033006
    ],
    [
      0.5210883108494636,
      0.37169437763340785,
      0.005843326286721029,
      0.02702706460690095,
      0.07098531053564143,
      0.003361610087865102
    ],
    [
      0.593385687949737,
      0.2976931172330272,
      0.005843659920577469,
      0.02241491669691769,
      0.07730068163059929,
      0.0033619365691413363
    ],
    [
      0.6450692323997466,
      0.16636502862277258,
      0.005946323321835692,
      0.021952483108337393,
      0.15724577377757204,
      0.003421158769735636
    ],
    [
      0.6193789724929842,
      0.2811522306859374,
      0.0059926914943952345,
      0.026629993095972422,
      0.06339820361443997,
      0.0034479086162706746
    ],
    [
      0.5401515518291984,
      0.25975084514820174,
      0.0057640617823116625,
      0.04114815069344274,
      0.149869024552945,
      0.00331636599390046
    ],
    [
      0.5066530335945271,
      0.3864705417867468,
      0.005848373014085216,
      0.022332550401952225,
      0.07533078775376774,
      0.0033647134489210684
    ],
    [
      0.6927586061464167,
      0.20003795499336285,
      0.005806767390890706,
      0.027045664840742688,
      0.07101042852610041,
      0.00334057810248655
    ],
    [
      0.1609056804488872,
      0.2899636194746576,
      0.005400750061384322,
      0.03684805756847453,
      0.5030334578708241,
      0.0038484345757722753
    ],
    [
      0.25694286034967234,
      0.15671625633908032,
      0.005444561214522168,
      0.02145353752134178,
      0.5555765947707955,
      0.0038661898045878494
    ],
    [
      0.521637547559924,
      0.3668999913042357,
      0.005814733586241061,
      0.022920031548058155,
      0.07938259381076428,
      0.0033451021907768
    ],
    [
      0.4893007625174321,
      0.39407059433266783,
      0.005800499946068711,
      0.028519251239494947,
      0.078971838367754,
      0.0033370535965823174
    ],
    [
      0.15433830886166172,
      0.3121151843653416,
      0.005775794781275127,
      0.025855955101512312,
      0.49776328722918745,
      0.0041514696610218385
    ],
    [
      0.6439332390841468,
      0.2500940050314156,
      0.006580463620865106,
      0.021269895866023285,
      0.07433653021732312,
      0.0037858661802261094
    ],
    [
      0.46630708481881156,
      0.36042359620800735,
      0.006842833524599778,
      0.04043027092414196,
      0.12132390630809808,
      0.004672308216341277
    ],
    [
      0.17866851014148108,
      0.24084898314940065,
      0.005888619329555081,
      0.01924087398451161,
      0.5511493325227036,
      0.0042036808723479825
    ],
    [
      0.1745682416157351,
      0.20345188179081294,
      0.0055748007006135285,
      0.039682018700760616,
      0.5727951200848778,
      0.003927937107199991
    ],
    [
      0.17348716246219356,
      0.18542772182579811,
      0.0055449674073650606,
      0.03434739061071626,
      0.5972317400088927,
      0.003961017685034318
    ],
    [
      0.6786234285650514,
      0.19434627126596654,
      0.007089721872893899,
      0.03780857749341018,
      0.07805346943246459,
      0.004078531370213275
    ],
    [
      0.7393842179371365,
      0.14383592161919057,
      0.007368383294058887,
      0.02068283933848845,
      0.08448982365893544,
      0.004238814152190166
    ],
    [
      0.1511877772169272,
      0.14273013505790927,
      0.006567185325960673,
      0.0253129841422842,
      0.6695330882985062,
      0.004668829958412511
    ],
    [
      0.29821957490270523,
      0.27916822441226624,
      0.006051294741507594,
      0.020681323577440448,
      0.3915568724694218,
      0.004322709896658677
    ],
    [
      0.09701605824471644,
      0.03794849923095805,
      0.004173322752890899,
      0.006967851273139426,
      0.03204573510843633,
      0.8218485333898589
    ],
    [
      0.5807703993292737,
      0.1718644668795631,
      0.006758405192926415,
      0.02543904917218048,
      0.21127986345588737,
      0.0038878159701690542
    ],
    [
      0.49905276054362996,
      0.37339246162469597,
      0.007591798285285508,
      0.02244037954063009,
      0.0931553221135525,
      0.004367277892205995
    ],
    [
      0.16968923250188955,
      0.36540319532410276,
      0.006461973269668899,
      0.02834072441428266,
      0.4255087068710332,
      0.004596167619022917
    ],
    [
      0.6572569210599752,
      0.2017556722885068,
      0.007118589840257272,
      0.025823682842270365,
      0.10395005275520679,
      0.004095081213783466
    ],
    [
      0.6386215828516029,
      0.2210630861689431,
      0.0060042782504853036,
      0.023276974679317386,
      0.10757986352462126,
      0.003454214525030093
    ],
    [
      0.6473532821520047,
      0.21805284638135405,
      0.006096927071205275,
      0.03482112926924158,
      0.09016835222219857,
      0.0035074629039957305
    ],
    [
      0.5203601879611717,
      0.3706573831202318,
      0.00653361906049885,
      0.021227297404475307,
      0.07746270377677442,
      0.00375880867684789
    ],
    [
      0.5076612069423038,
      0.242128856448095,
      0.0065455280010495625,
      0.025821497532100713,
      0.21407736435897973,
      0.0037655467174712498
    ],
    [
      0.5212376362771073,
      0.35880548043386495,
      0.0068065033355685185,
      0.026788871549418593,
      0.08244573270663424,
      0.003915775697406387
    ],
    [
      0.5605411933900136,
      0.3218072281976336,
      0.006046679626826462,
      0.03296688159776971,
      0.075159235821239,
      0.0034787813665176958
    ],
    [
      0.5607579453545033,
      0.3473585434390925,
      0.006751698117779107,
      0.016442694883868347,
      0.06480447158849578,
      0.0038846466162609436
    ],
    [
      0.7376723129520532,
      0.12887875356875952,
      0.06406543124894855,
      0.01822622206569432,
      0.047951135448650255,
      0.0032061447158941996
    ],
    [
      0.950048442243202,
      0.021925134449163008,
      0.002411525465964111,
      0.004026064382494676,
      0.01851481234228247,
      0.003074021116893772
    ]
  ],
  [
    [
      0.9536873628285905,
      0.02032791052527825,
      0.0022358482688082113,
      0.003732769654212347,
      0.017166026943137094,
      0.0028500817799736694
    ],
    [
      0.7260515100129735,
      0.13127251918121619,
      0.05925695852513215,
      0.02193519727211933,
      0.05833067891843459,
      0.00315313609012427
    ],
    [
      0.16114022823472068,
      0.16945882975234733,
      0.00548387988005457,
      0.01682443729679443,
      0.6431985147973712,
      0.003894110038711751
    ],
    [
      0.5869108866044588,
      0.2879363267735793,
      0.005706277349825326,
      0.032608299751283425,
      0.08355545212391574,
      0.0032827573969374936
    ],
    [
      0.6991421846354977,
      0.19135579865961208,
      0.005919066809172187,
      0.01759824514561649,
      0.08257956195981071,
      0.0034051427902908617
    ],
    [
      0.28856280761017933,
      0.29546435099012136,
      0.0054411901378450984,
      0.028483878524943173,
      0.37816349602870747,
      0.003884276708203536
    ],
    [
      0.6148425244219338,
      0.2629535272095779,
      0.005716647729608211,
      0.03380064205452449,
      0.07939793522417211,
      0.0032887233601836294
    ],
    [
      0.5262426903132209,
      0.35665855597444185,
      0.00575615840375797,
      0.018044769564596472,
      0.08998626137996779,
      0.0033115643640150264
    ],
    [
      0.5250774003337505,
      0.36068794830128453,
      0.0056392588245684095,
      0.017871778363389018,
      0.08747920928640399,
      0.003244404890603591
    ],
    [
      0.5972874442288806,
      0.28124533756747255,
      0.0055943613882845095,
      0.019637628633143556,
      0.09301665389566915,
      0.003218574286549663
    ],
    [
      0.6983862265092287,
      0.18057312344764306,
      0.006076091759863326,
      0.031587361233507014,
      0.07988157244510638,
      0.003495624604651652
    ],
    [
      0.6729400531917963,
      0.20473018111344551,
      0.005942776705393894,
      0.024798765118602465,
      0.08816932839522762,
      0.0034188954755342855
    ],
    [
      0.5744627181931751,
      0.20501757767900342,
      0.006178760592201259,
      0.024666909284959414,
      0.18611949385404555,
      0.0035545403966153076
    ],
    [
      0.5043902221924015,
      0.2896311200622885,
      0.006253038279313975,
      0.01985337578076764,
      0.1762750846746227,
      0.003597159010605688
    ],
    [
      0.1502394346340456,
      0.36822953503235323,
      0.005507393277206776,
      0.027426866427222033,
      0.44468047075702866,
      0.003916299872143661
    ],
    [
      0.5760208097385064,
      0.2905166592054144,
      0.0060617802090131515,
      0.02538649997814198,
      0.09852699719520643,
      0.003487253673717623
    ],
    [
      0.7117396158753808,
      0.17686782955110006,
      0.006790267705947575,
      0.019666342331977286,
      0.08102950918238033,
      0.003906435353213861
    ],
    [
      0.6502891481387661,
      0.2195974897842144,
      0.006367829326416242,
      0.026594202120393918,
      0.09348786705010312,
      0.003663463580106248
    ],
    [
      0.6894135946657585,
      0.20152521018115224,
      0.006488480512023766,
      0.019507176028904682,
      0.07933266343169394,
      0.0037328751804668616
    ],
    [
      0.6680183532873477,
      0.21018522643924797,
      0.00618968465501587,
      0.021597189121946102,
      0.09044862607199122,
      0.003560920424451085
    ],
    [
      0.6773148975279991,
      0.19696823853220458,
      0.006288160352871026,
      0.02477383682560857,
      0.09103737989518616,
      0.0036174868661305194
    ],
    [
      0.7139961734260735,
      0.1573775470520956,
      0.007589777724107629,
      0.02172935545341933,
      0.09494100685990535,
      0.004366139484398513
    ],
    [
      0.7365062833505923,
      0.1474951781800281,
      0.007232640158697458,
      0.023639538544840327,
      0.08096564625735424,
      0.0041607135084875
    ],
    [
      0.7092218283659305,
      0.16689123563277883,
      0.007247654496802688,
      0.020970487159340353,
      0.09149946664965325,
      0.004169327695494434
    ],
    [
      0.1667269281462397,
      0.19245107740701273,
      0.006661606267323353,
      0.21024785700029752,
      0.41915918032781396,
      0.00475335085131269
    ],
    [
      0.09796791414823341,
      0.038320824222058826,
      0.004214268571258419,
      0.00703621511402478,
      0.032360146172927984,
      0.8201006317714966
    ],
    [
      0.292593187793381,
      0.1589248085850596,
      0.005878502102982637,
      0.029161104698126016,
      0.5092525736436573,
      0.0041898231767934745
    ],
    [
      0.15159942340380833,
      0.303326598205444,
      0.006031031665398901,
      0.023156903287660874,
      0.5115511170887226,
      0.004334926348965253
    ],
    [
      0.2910093609390403,
      0.544231766609629,
      0.007706338672054185,
      0.04620744600222209,
      0.10568084747030888,
      0.005164240306745551
    ],
    [
      0.16799958113861735,
      0.18772054866711332,
      0.006637642387060401,
      0.025737036430741243,
      0.6071668089512481,
      0.0047383824252195655
    ],
    [
      0.6725937543663877,
      0.1872757192927904,
      0.007297724553783177,
      0.02371583095972564,
      0.10491894137649485,
      0.00419802945081812
    ],
    [
      0.6597635184146098,
      0.20525162621523815,
      0.005945860716759501,
      0.020447156424208357,
      0.105171291281388,
      0.0034205469477962746
    ],
    [
      0.6662759339340298,
      0.2108143577224886,
      0.0063690584090952095,
      0.0188740439882851,
      0.0940027445132819,
      0.0036638614328193264
    ],
    [
      0.2936276155874849,
      0.543411437397059,
      0.0071488685156450545,
      0.04375091193136209,
      0.10706998860682532,
      0.004991177961623712
    ],
    [
      0.6514576175976866,
      0.22203324551584316,
      0.007303264153502043,
      0.02046576072756234,
      0.09453877070364246,
      0.004201341301763436
    ],
    [
      0.16589837786360556,
      0.22451848820518772,
      0.006050052296663597,
      0.04548759397170201,
      0.5537010219221886,
      0.004344465740652341
    ],
    [
      0.6495490505497797,
      0.21851314193351912,
      0.0060971487796936405,
      0.03488189159219791,
      0.08745108253232556,
      0.003507684612484096
    ],
    [
      0.7009303869333888,
      0.20665136863644462,
      0.00616328642844341,
      0.016830772753042886,
      0.06587822314469342,
      0.0035459621039869264
    ],
    [
      0.7274358129121233,
      0.13365226416839293,
      0.05952432255351724,
      0.022379906425305067,
      0.0537813070710366,
      0.0032263868696248543
    ],
    [
      0.950048442243202,
      0.021925134449163008,
      0.002411525465964111,
      0.004026064382494676,
      0.01851481234228247,
      0.003074021116893772
    ]
  ],
  [
    [
      0.9459484118338702,
      0.023724752359137437,
      0.0026094637923616544,
      0.004356524274827248,
      0.020034510566630605,
      0.0033263371731728627
    ],
    [
      0.5943494684389858,
      0.2473168942247475,
      0.0652146525594739,
      0.023491490822066658,
      0.06625482431798767,
      0.0033726696367383977
    ],
    [
      0.613911317483172,
      0.2768683601596938,
      0.005834589637720709,
      0.02062551694875415,
      0.07940366151642839,
      0.003356554254230991
    ],
    [
      0.6718805041362557,
      0.20727848232989066,
      0.005800148328680025,
      0.028422885559110173,
      0.08328127766686975,
      0.003336701979193632
    ],
    [
      0.40431899976576513,
      0.4504243436017332,
      0.006145708547429658,
      0.038641523199356195,
      0.09627311579268197,
      0.004196309093033776
    ],
    [
      0.5281973343619815,
      0.3614020974083621,
      0.005154778716056896,
      0.024177608133258352,
      0.07810276374585488,
      0.002965417634486319
    ],
    [
      0.16274503899176884,
      0.2605581587928028,
      0.004370191834637785,
      0.10989225139323013,
      0.4593125359231002,
      0.003121823064460293
    ],
    [
      0.6375511440343133,
      0.1771971596091147,
      0.0048602218430470545,
      0.027230710831449862,
      0.15036470751757103,
      0.0027960561645040396
    ],
    [
      0.6321642234994588,
      0.18941055168424828,
      0.004817757374306614,
      0.023836590693478252,
      0.14699922494548517,
      0.0027716518030229554
    ],
    [
      0.15890541680269482,
      0.2747478527037373,
      0.004382168248218961,
      0.027363308526974755,
      0.5314515196915937,
      0.0031497340267805586
    ],
    [
      0.5977965855474707,
      0.28714853744045354,
      0.00490647718576504,
      0.02696923416142504,
      0.08035648202442079,
      0.0028226836404648685
    ],
    [
      0.6959114653678451,
      0.19739463526295795,
      0.005316471429104871,
      0.020418012968522446,
      0.07790081563511733,
      0.003058599336452318
    ],
    [
      0.41647002839426783,
      0.2947727167118038,
      0.005184881954458847,
      0.039109445530168235,
      0.24072072839082936,
      0.0037421990184719686
    ],
    [
      0.6136294419320906,
      0.2612828049969032,
      0.00530689720612325,
      0.03305194953844436,
      0.08367596996583167,
      0.0030529363606069267
    ],
    [
      0.6287610356664353,
      0.25694700178349145,
      0.004986101009198988,
      0.025543679656806026,
      0.08089387208201666,
      0.002868309802051536
    ],
    [
      0.23728835991358038,
      0.19329219860404134,
      0.004434585170166359,
      0.022086903990894184,
      0.5397108354904276,
      0.003187116830890135
    ],
    [
      0.708263599813384,
      0.1788779474109502,
      0.005036916561530872,
      0.02557346992847432,
      0.07935035872070477,
      0.002897707564955803
    ],
    [
      0.5849394250247348,
      0.3059767674815932,
      0.005518712036635458,
      0.023833882094988677,
      0.07655617243747463,
      0.003175040924573224
    ],
    [
      0.579279409157588,
      0.30668500016476796,
      0.005498875064955908,
      0.024694943395815277,
      0.08067820508950765,
      0.0031635671273652043
    ],
    [
      0.6915915525688321,
      0.18784113091271748,
      0.005059749324406731,
      0.027551490983504363,
      0.08504521550496179,
      0.0029108607055775243
    ],
    [
      0.6878653766752494,
      0.17906270690568263,
      0.005993561711816336,
      0.03818892719906345,
      0.08544131528141294,
      0.0034481122267753465
    ],
    [
      0.7438893302070133,
      0.1525691190318638,
      0.005873079628581825,
      0.01942467247129069,
      0.0748651981487283,
      0.0033786005125220997
    ],
    [
      0.17064656308089554,
      0.1481936813445039,
      0.0055352613453977335,
      0.020539407055339964,
      0.6511170928156592,
      0.003967994358203702
    ],
    [
      0.577457672918963,
      0.1750943538807303,
      0.00605310817338084,
      0.033365381786955466,
      0.20454736575487434,
      0.003482117485095986
    ],
    [
      0.08164173827744815,
      0.031934728108833965,
      0.0035119683287832804,
      0.005863642579282113,
      0.026967386286010787,
      0.8500805364196417
    ],
    [
      0.07877623773982463,
      0.030813867841825146,
      0.0033887035950015756,
      0.005657837664812203,
      0.026020872143474327,
      0.8553424810150622
    ],
    [
      0.08045001813780332,
      0.031468578570076636,
      0.0034607043126622283,
      0.005778051298390196,
      0.02657374477336433,
      0.8522689029077032
    ],
    [
      0.2618868449769345,
