[
  [
    [
      0.9485043804802331,
      0.022602866301205123,
      0.0024860685719178795,
      0.004150514797004817,
      0.01908712710222349,
      0.0031690427474155647
    ],
    [
      0.9400952678755283,
      0.026293860791386243,
      0.002892037676848262,
      0.00482828402516431,
      0.022204009714759113,
      0.003686539916313814
    ],
    [
      0.9480238648643792,
      0.02281377803160232,
      0.0025092665600580538,
      0.004189244055772711,
      0.01926523278810398,
      0.003198613700083832
    ],
    [
      0.9351689766561196,
      0.028456147658337188,
      0.0031298656298061975,
      0.005225340023153848,
      0.024029965932478314,
      0.0039897041001048525
    ],
    [
      0.9291900410885885,
      0.031080469542736473,
      0.0034185123913478307,
      0.005707238498690203,
      0.026246090414089086,
      0.0043576480645478085
    ],
    [
      0.9263169840052012,
      0.032341534575784724,
      0.0035572157798485484,
      0.0059388051066550105,
      0.02731100440549195,
      0.004534456127018533
    ],
    [
      0.9291900410885885,
      0.031080469542736473,
      0.0034185123913478307,
      0.005707238498690203,
      0.026246090414089086,
      0.0043576480645478085
    ],
    [
      0.9351689766561196,
      0.028456147658337188,
      0.0031298656298061975,
      0.005225340023153848,
      0.024029965932478314,
      0.0039897041001048525
    ],
    [
      0.9449692064910424,
      0.024154552945124495,
      0.002656737165339016,
      0.004435447614377574,
      0.02039745826998926,
      0.003386597514127259
    ],
    [
      0.9451058007290659,
      0.02409459791733084,
      0.002650142766719832,
      0.004424438204035703,
      0.020346828884288126,
      0.0033781914985596463
    ],
    [
      0.9351689766561196,
      0.028456147658337188,
      0.0031298656298061975,
      0.005225340023153848,
      0.024029965932478314,
      0.0039897041001048525
    ],
    [
      0.9342920705102653,
      0.02884104626832174,
      0.0031722002755500624,
      0.0052960181112688175,
      0.024354995890729782,
      0.004043668943864373
    ],
    [
      0.9315805170557364,
      0.030031222845918987,
      0.003303106707732938,
      0.00551456762753537,
      0.0253600476973441,
      0.00421053806573222
    ],
    [
      0.940462354167359,
      0.026132736360752504,
      0.0028743157482296186,
      0.004798697099126144,
      0.022067947215171812,
      0.003663949409360982
    ],
    [
      0.9445199334674919,
      0.02435175142877716,
      0.00267842684602401,
      0.004471658739703023,
      0.020563983721747715,
      0.003414245796256305
    ],
    [
      0.9351689766561196,
      0.028456147658337188,
      0.0031298656298061975,
      0.005225340023153848,
      0.024029965932478314,
      0.0039897041001048525
    ],
    [
      0.9403574343619694,
      0.026178788595014078,
      0.002879380991315987,
      0.004807153569964429,
      0.022106836302820183,
      0.0036704061789159625
    ],
    [
      0.9380392780614335,
      0.02719629216939475,
      0.0029912952779543598,
      0.0049939955211220615,
      0.02296607334790836,
      0.003813065622187038
    ],
    [
      0.9410860148154536,
      0.025858994275937002,
      0.0028442071069271295,
      0.004748430440090555,
      0.021836784056638126,
      0.0036255693049535714
    ],
    [
      0.9416620591034216,
      0.025606152342080572,
      0.0028163972540948853,
      0.004702001629965776,
      0.021623270156941595,
      0.003590119513495595
    ],
    [
      0.950624238051675,
      0.021672401579899987,
      0.002383727609046649,
      0.003979655599662133,
      0.01830139054284123,
      0.0030385866168751267
    ],
    [
      0.950624238051675,
      0.021672401579899987,
      0.002383727609046649,
      0.003979655599662133,
      0.01830139054284123,
      0.0030385866168751267
    ],
    [
      0.9533590316462472,
      0.020472024255460103,
      0.002251699206057168,
      0.003759232942611281,
      0.017287724653883185,
      0.0028702872957409972
    ],
    [
      0.951045503218611,
      0.02148749652711276,
      0.002363390071568111,
      0.003945701890101261,
      0.01814524635310168,
      0.0030126619395051332
    ],
    [
      0.9530940947734026,
      0.020588312451835115,
      0.0022644896383165283,
      0.0037805866892264067,
      0.017385924924376305,
      0.002886591522843054
    ],
    [
      0.9550657735506247,
      0.019722887543734587,
      0.0021693023449567946,
      0.0036216706102255645,
      0.016655111628477447,
      0.0027652543219809428
    ],
    [
      0.9530869295650178,
      0.020591457462005937,
      0.0022648355551060117,
      0.0037811642005507124,
      0.0173885807472294,
      0.002887032470090167
    ],
    [
      0.9546637151157165,
      0.019899362225158958,
      0.0021887126336069982,
      0.0036540762691711077,
      0.016804136740150643,
      0.002789997016195816
    ],
    [
      0.9533590316462472,
      0.020472024255460103,
      0.002251699206057168,
      0.003759232942611281,
      0.017287724653883185,
      0.0028702872957409972
    ],
    [
      0.9506024089316363,
      0.02168198299063564,
      0.0023847814596418397,
      0.003981415013114593,
      0.01830948162306499,
      0.003039929981906676
    ],
    [
      0.9506024089316363,
      0.02168198299063564,
      0.0023847814596418397,
      0.003981415013114593,
      0.01830948162306499,
      0.003039929981906676
    ],
    [
      0.9518972927055152,
      0.021113622320552822,
      0.0023222679898642594,
      0.0038770481890234147,
      0.01782952601897432,
      0.0029602427760700356
    ],
    [
      0.9518972927055152,
      0.021113622320552822,
      0.0023222679898642594,
      0.0038770481890234147,
      0.01782952601897432,
      0.0029602427760700356
    ],
    [
      0.9533877501170995,
      0.02045941891614967,
      0.002250312756326394,
      0.0037569182517826036,
      0.017277079998892143,
      0.0028685199597497067
    ],
    [
      0.9533877501170995,
      0.02045941891614967,
      0.002250312756326394,
      0.0037569182517826036,
      0.017277079998892143,
      0.0028685199597497067
    ],
    [
      0.9449692064910424,
      0.024154552945124495,
      0.002656737165339016,
      0.004435447614377574,
      0.02039745826998926,
      0.003386597514127259
    ],
    [
      0.951045503218611,
      0.02148749652711276,
      0.002363390071568111,
      0.003945701890101261,
      0.01814524635310168,
      0.0030126619395051332
    ],
    [
      0.9486110808244447,
      0.022556032538702652,
      0.002480917369255771,
      0.004141914815848642,
      0.019047578048327067,
      0.0031624764034211875
    ],
    [
      0.943146474150407,
      0.024954601100336045,
      0.0027447337294998304,
      0.004582358703540849,
      0.021073063771651145,
      0.0034987685445651627
    ],
    [
      0.9493814287543099,
      0.02221790530717244,
      0.002443727064609672,
      0.0040798252534438246,
      0.018762044463385405,
      0.0031150691570788333
    ]
  ],
  [
    [
      0.9404517351158315,
      0.026137397359186142,
      0.0028748284071802668,
      0.004799552988052346,
      0.022071883223478923,
      0.003664602906270842
    ],
    [
      0.7482234474360908,
      0.11260329776620259,
      0.047009364347299326,
      0.02586590687338059,
      0.06260203907719006,
      0.0036959444998366565
    ],
    [
      0.5992575548075041,
      0.24125213768616052,
      0.05759454600809552,
      0.02575621803455064,
      0.07257216331639511,
      0.003567380147294228
    ],
    [
      0.16829128616259437,
      0.14127602169665934,
      0.040423584972494944,
      0.027295035979235677,
      0.6179449179864978,
      0.004769153202517843
    ],
    [
      0.17208181920444565,
      0.337899024374348,
      0.04903487079025084,
      0.020364750285441574,
      0.4157157585551888,
      0.004903776790325166
    ],
    [
      0.16651681164160875,
      0.16403796539763016,
      0.03277135665188232,
      0.020044347644745632,
      0.6116798471188869,
      0.004949671545246215
    ],
    [
      0.19655480918125187,
      0.13846774158676156,
      0.07375910680315886,
      0.019780175073597486,
      0.56703359257862,
      0.004404574776610263
    ],
    [
      0.3067161735264264,
      0.13528437668504548,
      0.05934687029558253,
      0.0395572107073427,
      0.4548781110310798,
      0.004217257754523095
    ],
    [
      0.7144286738150569,
      0.1253181909725378,
      0.05753622214800083,
      0.0257392006323205,
      0.07341035634243018,
      0.003567356089653807
    ],
    [
      0.14116688704444766,
      0.14710700344709773,
      0.04788480132857483,
      0.026055891189133856,
      0.6339092619698025,
      0.003876155020943507
    ],
    [
      0.6960646148773613,
      0.143312071431474,
      0.058213786224525145,
      0.022610196522815637,
      0.07585399011987691,
      0.003945340823947045
    ],
    [
      0.19580916186665417,
      0.13770101854516337,
      0.22038488954687144,
      0.01963519715441211,
      0.42206536306394293,
      0.0044043698229559464
    ],
    [
      0.1583672671411415,
      0.13905676908170891,
      0.07857762725333471,
      0.01943560626714032,
      0.6001344943959807,
      0.004428235860693901
    ],
    [
      0.7186887508693566,
      0.1241689587831925,
      0.062213399600034455,
      0.02086114479659721,
      0.07020250479555014,
      0.003865241155269198
    ],
    [
      0.2440312847166963,
      0.14452768250988732,
      0.07194118456500588,
      0.022525805458744448,
      0.51320518752145,
      0.003768855228216204
    ],
    [
      0.7015654734279074,
      0.14416252165643306,
      0.05869939108849789,
      0.02275188353190111,
      0.06887518916723236,
      0.003945541128028168
    ],
    [
      0.16935580858374974,
      0.13080743023793123,
      0.06444317663312649,
      0.0191054084209457,
      0.6119887508164272,
      0.004299425307819498
    ],
    [
      0.5555678005689519,
      0.13415728030070614,
      0.09470630168938361,
      0.020820342984287164,
      0.1910817034552223,
      0.0036665710014487703
    ],
    [
      0.5231322007315857,
      0.13938751663554066,
      0.24517118053809273,
      0.021551404121854783,
      0.06698852433336556,
      0.003769173639560573
    ],
    [
      0.15568506849391356,
      0.15296815504505362,
      0.21316384113423306,
      0.02426273193785365,
      0.44985251161250095,
      0.004067691776445094
    ],
    [
      0.6183235032923386,
      0.12675065696012736,
      0.06022543499771094,
      0.021927272129850177,
      0.1694734977152051,
      0.0032996349047677794
    ],
    [
      0.6494010826327798,
      0.13783166801668306,
      0.1346100952206221,
      0.020438219856208605,
      0.05466204432867886,
      0.003056889945027525
    ],
    [
      0.13538947627336306,
      0.13113322166650637,
      0.026863402728728197,
      0.02185735240730985,
      0.681097740900817,
      0.0036588060232754624
    ],
    [
      0.7517228363678312,
      0.1218212113074641,
      0.04494374918533926,
      0.020844351866106153,
      0.05743026279251718,
      0.003237588480742027
    ],
    [
      0.7556941707312725,
      0.12511953358097969,
      0.04272393961233574,
      0.020720839347699593,
      0.05263896905351577,
      0.003102547674196686
    ],
    [
      0.6991494077936133,
      0.19481539924519103,
      0.03437389537544674,
      0.01729330401471997,
      0.0513657726636467,
      0.003002220907382175
    ],
    [
      0.6908898689260365,
      0.11928097444219027,
      0.1160735795184865,
      0.019739071953256006,
      0.05105813545717344,
      0.002958369702857264
    ],
    [
      0.11459721040102136,
      0.10080461469644812,
      0.02605850808814312,
      0.02314459013984152,
      0.7319461255134311,
      0.003448951161114823
    ],
    [
      0.7449332655712914,
      0.12918655247670666,
      0.04321553870575398,
      0.019956762411729185,
      0.05960421515218559,
      0.0031036656823332323
    ],
    [
      0.7433650429967701,
      0.12862370739116524,
      0.04400263915911198,
      0.021220959835478472,
      0.05959265263752981,
      0.0031949979799443724
    ],
    [
      0.7510914629544964,
      0.11825633850426875,
      0.043644472048839617,
      0.020106764217094668,
      0.06374842471134629,
      0.0031525375639542648
    ],
    [
      0.744390063095333,
      0.12181556422213577,
      0.04494450001000033,
      0.020744795627312695,
      0.06485537592039796,
      0.0032497011248203895
    ],
    [
      0.6521753435134569,
      0.12922114173194008,
      0.13518200920544357,
      0.019912648448157756,
      0.06040207984579168,
      0.0031067772552100257
    ],
    [
      0.7449332655712914,
      0.12918655247670666,
      0.04321553870575398,
      0.019956762411729185,
      0.05960421515218559,
      0.0031036656823332323
    ],
    [
      0.12232957814259401,
      0.10750254075945799,
      0.02788098320018151,
      0.02467299500763069,
      0.7139045865737138,
      0.0037093163164218916
    ],
    [
      0.7486088987945254,
      0.12237876996381714,
      0.045056295563263994,
      0.020941447165439154,
      0.05975236614749282,
      0.0032622223654614167
    ],
    [
      0.12317246619012263,
      0.10771164123562792,
      0.027303634980793356,
      0.024865334009276506,
      0.7132248422278155,
      0.0037220813563642275
    ],
    [
      0.7517466422844692,
      0.12865047655668724,
      0.043885513742087816,
      0.021348666584545484,
      0.05118158286192539,
      0.0031871179702849853
    ],
    [
      0.7679997729692305,
      0.12110975057205402,
      0.027237360946532615,
      0.01779463751570098,
      0.06219558334904151,
      0.003662894647440337
    ],
    [
      0.943146474150407,
      0.024954601100336045,
      0.0027447337294998304,
      0.004582358703540849,
      0.021073063771651145,
      0.0034987685445651627
    ]
  ],
  [
    [
      0.9484079052270387,
      0.02264521198555005,
      0.002490726134972202,
      0.004158290642206077,
      0.0191228861713854,
      0.0031749798388476585
    ],
    [
      0.7287301906851023,
      0.11966657439587745,
      0.050257207471990216,
      0.025993636183401975,
      0.0717878343935434,
      0.003564556870084715
    ],
    [
      0.17121367846290306,
      0.3457323676606667,
      0.00579214446428596,
      0.027013322930743412,
      0.4461413192391197,
      0.004107167242281184
    ],
    [
      0.1907161580563152,
      0.17979166354947876,
      0.006025970499327384,
      0.021235862064221497,
      0.5979512965575761,
      0.00427904927308111
    ],
    [
      0.16251438451657155,
      0.22647921856773826,
      0.006156542980290198,
      0.022876056460663406,
      0.5775632996365178,
      0.004410497838218766
    ],
    [
      0.2875156807210818,
      0.5481210986063982,
      0.0070716485053438725,
      0.04397005595703158,
      0.10858260013072708,
      0.004738916079417406
    ],
    [
      0.6767555802696255,
      0.19684387352608257,
      0.007050706177284874,
      0.022894163222529896,
      0.09239985965572135,
      0.0040558171487558164
    ],
    [
      0.6770410780855911,
      0.19496500007186246,
      0.007180190136240382,
      0.023877871739567683,
      0.0928054961875555,
      0.004130363779182821
    ],
    [
      0.3265682534971578,
      0.18650966662104745,
      0.0059390512385283575,
      0.018069920641807246,
      0.45864436679306064,
      0.004268741208398532
    ],
    [
      0.6847360501094021,
      0.19049420324960892,
      0.0065511285711628495,
      0.029549630069142904,
      0.08490045903122101,
      0.003768528969462199
    ],
    [
      0.17620618931557294,
      0.17901436972593182,
      0.0064669315772042935,
      0.022438129479667935,
      0.6112375103709522,
      0.00463686953067084
    ],
    [
      0.6795317583210485,
      0.19754776003927743,
      0.007347074298625474,
      0.02333894244776775,
      0.08800790917931346,
      0.0042265557139673695
    ],
    [
      0.2914294093818255,
      0.5248223654862756,
      0.0065017120695698375,
      0.05315710523362956,
      0.1196500184129365,
      0.004439389415762989
    ],
    [
      0.5923688822785084,
      0.18687788134697933,
      0.006245875556709804,
      0.031136293229676492,
      0.17977790654801876,
      0.0035931610401072713
    ],
    [
      0.15431906533883194,
      0.18804446515203166,
      0.00534028421154957,
      0.019177920711966622,
      0.6293077354902973,
      0.003810529095322878
    ],
    [
      0.6828056056801335,
      0.2032939247649415,
      0.006322894277100502,
      0.022150696740243007,
      0.08178927782848593,
      0.0036376007090954832
    ],
    [
      0.5603988082409299,
      0.3344745284685406,
      0.006217062302010642,
      0.02137387095570147,
      0.07395890052998393,
      0.0035768295028335176
    ],
    [
      0.28923249637323817,
      0.5423019110863564,
      0.006532679056043415,
      0.04197218333204384,
      0.11558299308055,
      0.004377737071768117
    ],
    [
      0.6655735560870993,
      0.20984036414200027,
      0.006409669937376432,
      0.03711428783729074,
      0.07737457558270824,
      0.0036875464135250197
    ],
    [
      0.17904069136120032,
      0.19096909268122755,
      0.005618893942481369,
      0.020241608492949682,
      0.6001105438093228,
      0.004019169712818284
    ],
    [
      0.714387517300913,
      0.1800737227590898,
      0.006028659685062721,
      0.025243751154238596,
      0.07079817942088994,
      0.0034681696798060397
    ],
    [
      0.5870147129102561,
      0.19443792829871648,
      0.005985386069229536,
      0.020492405124372667,
      0.18862627241630617,
      0.0034432951811190515
    ],
    [
      0.7322544230748865,
      0.1693635088675253,
      0.005797923239193146,
      0.024606242007395182,
      0.06464236240263478,
      0.003335540408365042
    ],
    [
      0.1379825339004951,
      0.17204470941835526,
      0.005484419842331159,
      0.026827379529877807,
      0.6537766526384919,
      0.003884304670448695
    ],
    [
      0.7502725530381616,
      0.1592125440195079,
      0.005807985935928278,
      0.02117334862386413,
      0.0601921233420487,
      0.0033414450404892675
    ],
    [
      0.6453685915434678,
      0.26216478704211144,
      0.005792172719403093,
      0.02290036791227193,
      0.06044171168933806,
      0.0033323690934077615
    ],
    [
      0.667009788453779,
      0.24192801428200966,
      0.005428218627361043,
      0.022915783888821387,
      0.0595953162613655,
      0.0031228784866634187
    ],
    [
      0.6763641492951291,
      0.23346820539282126,
      0.005390225211123519,
      0.022704544936079672,
      0.058971854460698435,
      0.0031010207041479985
    ],
    [
      0.7012177683755526,
      0.19822486269692488,
      0.006074393374942886,
      0.01931026488666349,
      0.0716782810477629,
      0.0034944296181532194
    ],
    [
      0.13823241197138167,
      0.17217092770078513,
      0.005495289438959674,
      0.02690987084946879,
      0.6532847164343586,
      0.003906783605046148
    ],
    [
      0.7333238614191623,
      0.15867348574290396,
      0.0059219773982854464,
      0.028094536681037622,
      0.07057945570351573,
      0.0034066830550949063
    ],
    [
      0.1521437532794106,
      0.15694654786365203,
      0.0053386300064030496,
      0.028382986920856765,
      0.6533787331829262,
      0.003809348746751389
    ],
    [
      0.15249880770891736,
      0.2840534482578243,
      0.005358374651259612,
      0.02845202096869642,
      0.5258279020738937,
      0.0038094463394086468
    ],
    [
      0.7420527713896882,
      0.15536328033180688,
      0.005734099544011119,
      0.027408518107145365,
      0.06614264394410757,
      0.003298686683240905
    ],
    [
      0.7438235110231083,
      0.16154279151695303,
      0.005897334833010004,
      0.021437614964544792,
      0.06390599501865957,
      0.0033927526437243544
    ],
    [
      0.7209429148201941,
      0.1857484696436954,
      0.005660254124353145,
      0.024164547449835948,
      0.060227382824323376,
      0.003256431137598068
    ],
    [
      0.7338622244540972,
      0.17894290872380866,
      0.005774819462675067,
      0.021115630325590856,
      0.05698195405733736,
      0.003322462976490879
    ],
    [
      0.7390774139016489,
      0.17005172429895354,
      0.005820972855841872,
      0.024665721308977397,
      0.05703510485537011,
      0.003349062779208216
    ],
    [
      0.7376808114071801,
      0.1462715603796058,
      0.04347556762074964,
      0.021044162932212142,
      0.04839267568702412,
      0.003135221973228277
    ],
    [
      0.9485136258753168,
      0.022598808238967438,
      0.002485622229367446,
      0.004149769623930738,
      0.019083700247032327,
      0.003168473785385196
    ]
  ],
  [
    [
      0.9526862087191684,
      0.020767345038217415,
      0.0022841812685913338,
      0.003813462050652853,
      0.017537110074356,
      0.0029116928490140457
    ],
    [
      0.1226177801363734,
      0.13235353301265382,
      0.03152799960875923,
      0.02214896557829742,
      0.687698206750796,
      0.003653514913120109
    ],
    [
      0.16182512719774622,
      0.1453718286680987,
      0.0057707746168042945,
      0.03944701748258573,
      0.6434932379949101,
      0.004092014039854963
    ],
    [
      0.6938846834399199,
      0.16990590559537214,
      0.006488511447577075,
      0.024341061475974625,
      0.10164732949804557,
      0.0037325085431106067
    ],
    [
      0.644635962146924,
      0.22060649462932008,
      0.00614321849854501,
      0.03332562925478453,
      0.09175474102325173,
      0.0035339544471746907
    ],
    [
      0.3180418498174459,
      0.2401916522435731,
      0.005848143251480765,
      0.01909718676971003,
      0.41261769632621953,
      0.004203471591570649
    ],
    [
      0.5282026198336025,
      0.21761339578944508,
      0.006096715403015164,
      0.03476311863093901,
      0.2098168991071926,
      0.003507251235805619
    ],
    [
      0.1716701756842974,
      0.18589135958091668,
      0.006382807605819703,
      0.02532661854332506,
      0.6061412886012579,
      0.004587749984383222
    ],
    [
      0.31075290435651465,
      0.2265778147383361,
      0.005612266391850562,
      0.02586276367163307,
      0.4271603451836988,
      0.004033905657966866
    ],
    [
      0.6315313986637353,
      0.2348661029687308,
      0.006396344579300593,
      0.029412849131008393,
      0.09411382457800928,
      0.003679480079215599
    ],
    [
      0.6447593046330955,
      0.237389051936396,
      0.0064593281889958765,
      0.025984992057519005,
      0.08169132197259692,
      0.0037160012113966394
    ],
    [
      0.4833859142889311,
      0.23740082682561356,
      0.0065941985212661525,
      0.03503515488214118,
      0.23379053005815187,
      0.0037933754238962144
    ],
    [
      0.5439578614658039,
      0.21908065876272356,
      0.005968750454353146,
      0.14958160126054143,
      0.07797732135094394,
      0.0034338067056339278
    ],
    [
      0.5091078302680639,
      0.3654721485859908,
      0.00558234622984842,
      0.03201716235384805,
      0.08460913493333562,
      0.0032113776289132735
    ],
    [
      0.5231324199316092,
      0.276821942980017,
      0.00570896742003555,
      0.02213213387811842,
      0.16892021128650178,
      0.003284324503718074
    ],
    [
      0.5714435335873937,
      0.20368063338875914,
      0.005971620760091297,
      0.023210597184802378,
      0.19225809348322725,
      0.0034355215957260796
    ],
    [
      0.6675805099404023,
      0.2111424903790497,
      0.00652261707167494,
      0.026118161730427584,
      0.08488357333207004,
      0.003752647546375452
    ],
    [
      0.6643432058804404,
      0.21945206021949235,
      0.006560323597421574,
      0.021252220421692343,
      0.08461792282828863,
      0.0037742670526648347
    ],
    [
      0.6380028878383948,
      0.2076973582280247,
      0.00594635158761743,
      0.06604997466160252,
      0.07888244364740257,
      0.0034209840369580696
    ],
    [
      0.5583485563246846,
      0.3186049516512628,
      0.00604340272658366,
      0.032801866196494625,
      0.08072452125367065,
      0.003476701847303657
    ],
    [
      0.31194039791652445,
      0.1742523082331855,
      0.005601529554130414,
      0.0322432144105735,
      0.4719611273348093,
      0.00400142255077681
    ],
    [
      0.741932833511885,
      0.15514560113861411,
      0.005856654791439664,
      0.02255222786728321,
      0.07114341483728041,
      0.0033692678534976033
    ],
    [
      0.7231036771497787,
      0.17483132037586238,
      0.005899535569653578,
      0.020811470339257187,
      0.07196013859846398,
      0.003393857966984148
    ],
    [
      0.73953581019006,
      0.15730151677138632,
      0.005985961900891112,
      0.022954468448849547,
      0.07077852379505715,
      0.0034437188937559136
    ],
    [
      0.7395809610767315,
      0.1573064569092878,
      0.0059807933756073,
      0.02293464861829956,
      0.0707563945746069,
      0.0034407454454668312
    ],
    [
      0.6511497586286261,
      0.24788035742219422,
      0.0058833989843639885,
      0.02167673488168971,
      0.0700249294085644,
      0.0033848206745615817
    ],
    [
      0.5833109644549909,
      0.31891900169326215,
      0.005624850580325254,
      0.02155099582691904,
      0.06735824500248606,
      0.0032359424420166914
    ],
    [
      0.14460156597207152,
      0.24610355237005768,
      0.005139239204352682,
      0.03169143224113722,
      0.5688243774829568,
      0.0036398327294241447
    ],
    [
      0.7207685340437485,
      0.16478310174401556,
      0.00626193168520608,
      0.021825496547595007,
      0.08275870992142187,
      0.0036022260580129196
    ],
    [
      0.15272436752449994,
      0.15889639649304946,
      0.005402114321886995,
      0.03343650807433236,
      0.6457000712636182,
      0.003840542322613041
    ],
    [
      0.5621330482972674,
      0.31472032687695367,
      0.006357165907693163,
      0.02667694007985642,
      0.08645567796811116,
      0.0036568408701180837
    ],
    [
      0.716999736549547,
      0.16460133437647276,
      0.006261601921397605,
      0.021735120147586023,
      0.08680031071079218,
      0.003601896294204445
    ],
    [
      0.14091938099041776,
      0.16057457341531972,
      0.0056652296344289225,
      0.022696460717610265,
      0.6661167555133183,
      0.004027599728905001
    ],
    [
      0.5989984295751437,
      0.2849383323979449,
      0.006261796887535881,
      0.02178855335416654,
      0.08441079652486627,
      0.0036020912603427213
    ],
    [
      0.6127423217356713,
      0.261991511603671,
      0.0058626012578300015,
      0.04320193047553998,
      0.07282900510616794,
      0.0033726298211198043
    ],
    [
      0.7292476106785252,
      0.16326439625205522,
      0.006054778707304285,
      0.028100774408186244,
      0.06984907692034487,
      0.00348336303358425
    ],
    [
      0.7220748441498896,
      0.17070065592021635,
      0.006371605527069153,
      0.023475151555109514,
      0.0737119765479487,
      0.003665766299766604
    ],
    [
      0.75131065031453,
      0.16125523749788484,
      0.005835725487600779,
      0.021414077947475806,
      0.05682676977954237,
      0.003357538972966057
    ],
    [
      0.12496597157066805,
      0.1092455309651321,
      0.02770120123696391,
      0.02522739634117672,
      0.7090836215719986,
      0.003776278314060625
    ],
    [
      0.9498614518602576,
      0.022007209753134836,
      0.0024205528535093837,
      0.00404113569066702,
      0.018584121328938746,
      0.0030855285134924054
    ]
  ],
  [
    [
      0.9526862087191684,
      0.020767345038217415,
      0.0022841812685913338,
      0.003813462050652853,
      0.017537110074356,
      0.0029116928490140457
    ],
    [
      0.6376071075987725,
      0.2297245496925078,
      0.0448086165055077,
      0.02073553246305596,
      0.06388143504473505,
      0.0032427586954209323
    ],
    [
      0.7324977117580148,
      0.1614074663347184,
      0.005904365239610168,
      0.02804659706867169,
      0.06874725196627146,
      0.0033966076327135272
    ],
    [
      0.6641384269687655,
      0.21512645112472226,
      0.006209558497386555,
      0.032988894163900565,
      0.07796447282048334,
      0.003572196424741821
    ],
    [
      0.6834838430524955,
      0.18432823247035987,
      0.005979012996841794,
      0.03534249276360967,
      0.08742690653223399,
      0.00343951218445916
    ],
    [
      0.6653411743676224,
      0.19161873145220995,
      0.006092344528623294,
      0.03780786415220886,
      0.09563520635838185,
      0.003504679140953541
    ],
    [
      0.6642263000832538,
      0.20251330372721463,
      0.006287530674834825,
      0.02460126472213937,
      0.09875474360446297,
      0.0036168571880943203
    ],
    [
      0.5144236372463137,
      0.18494885984460932,
      0.006958485847542113,
      0.022717841865003335,
      0.2669483455559096,
      0.004002829640621931
    ],
    [
      0.5227899336545567,
      0.22107874731996754,
      0.006623088927046286,
      0.019169908410514983,
      0.2265284370078997,
      0.0038098846800146313
    ],
    [
      0.3192703217763933,
      0.523446396879667,
      0.006574379574641874,
      0.041405092991578456,
      0.10473367451097546,
      0.004570134266743955
    ],
    [
      0.5177504032321505,
      0.2160726722613608,
      0.00663925342075064,
      0.026443040618821797,
      0.22927527394041042,
      0.0038193565265057933
    ],
    [
      0.6457862258582477,
      0.2052442923464408,
      0.006456131538287875,
      0.027047769368432797,
      0.11175167936540467,
      0.003713901523186134
    ],
    [
      0.1651874457342449,
      0.21284686054088195,
      0.005500511782998367,
      0.04280748890987788,
      0.5697053336914436,
      0.003952359340553325
    ],
    [
      0.7027873718495565,
      0.1728645483518401,
      0.005681830320928397,
      0.03360162005885275,
      0.08179602119700544,
      0.0032686082218168037
    ],
    [
      0.6205723278505061,
      0.26422334884282017,
      0.005580467745487512,
      0.01745608149983615,
      0.08895734539431596,
      0.00321042866703422
    ],
    [
      0.5254075458206489,
      0.20127225922014438,
      0.007291819675566598,
      0.021507253725996576,
      0.24032603909972236,
      0.004195082457921187
    ],
    [
      0.6731511188146875,
      0.2015343286910021,
      0.006055951353513336,
      0.019039218468917266,
      0.09673534500547196,
      0.003484037666407933
    ],
    [
      0.672007123747092,
      0.19268050279204454,
      0.006092989581344718,
      0.03798464990394999,
      0.08772940978189382,
      0.0035053241936749647
    ],
    [
      0.6836940435138598,
      0.18842146586608702,
      0.006109066119430872,
      0.03618139068800168,
      0.08207946071458584,
      0.0035145730980348988
    ],
    [
      0.6926413412274316,
      0.17680908566826356,
      0.00620858769219872,
      0.03665330121744494,
      0.08411595328821929,
      0.0035717309064418885
    ],
    [
      0.6912895157726816,
      0.19314589126813544,
      0.006255323249751792,
      0.02400532559668715,
      0.08170544066098265,
      0.0035985034517614185
    ],
    [
      0.1642496173080274,
      0.18922851362909074,
      0.005774598401317949,
      0.024043877746551923,
      0.6125783395628119,
      0.0041250533522000565
    ],
    [
      0.5697237985662539,
      0.17768355114395215,
      0.00654124853677801,
      0.02798839637018645,
      0.2143001000820915,
      0.0037629053007379094
    ],
    [
      0.15734789830886278,
      0.18371841946649517,
      0.005836485933498964,
      0.031064793412201388,
      0.6178937934254124,
      0.0041386094535294
    ],
    [
      0.730941083520943,
      0.160302388680599,
      0.006087392802957057,
      0.021038491020732093,
      0.0781286037959208,
      0.003502040178848029
    ],
    [
      0.7703554317402644,
      0.12922582658209775,
      0.006235515015730139,
      0.02834004505170115,
      0.06225581690507412,
      0.0035873647051324967
    ],
    [
      0.7576942564425083,
      0.1464135074311719,
      0.005647209299989247,
      0.021383368004954443,
      0.06561288261140773,
      0.003248776209968375
    ],
    [
      0.1535973975261112,
      0.16171642367353886,
      0.005372284161546239,
      0.016076192499281966,
      0.6594282547646195,
      0.003809447374902249
    ],
    [
      0.324929840450643,
      0.16389730785404455,
      0.005969221660440601,
      0.01788290329877598,
      0.48307208891303294,
      0.004248637823063029
    ],
    [
      0.7047948363540062,
      0.1782245653891504,
      0.0063598145529646394,
      0.02431044110565612,
      0.08265178887300861,
      0.003658553725214049
    ],
    [
      0.5478444474453983,
      0.31531329133862385,
      0.006358699052256675,
      0.025260318868842856,
      0.10156549327502831,
      0.0036577500198499598
    ],
    [
      0.18096151569011795,
      0.17994670796737378,
      0.005890065269711596,
      0.024743688569374027,
      0.6042356842430803,
      0.004222338260342396
    ],
    [
      0.6915005489761046,
      0.17737245388342152,
      0.0065409040636764,
      0.027893988681946306,
      0.09292954356721483,
      0.0037625608276363005
    ],
    [
      0.16463178895195904,
      0.31096558128304386,
      0.005773081277157688,
      0.016983693609882562,
      0.4974964305239655,
      0.0041494243539912665
    ],
    [
      0.15560900035077002,
      0.31800469425262573,
      0.005757096622418162,
      0.030726703076170273,
      0.4857645458445261,
      0.0041379598534896644
    ],
    [
      0.73254063915092,
      0.16060055702279835,
      0.006123331081676434,
      0.020919967794909598,
      0.07629283161329037,
      0.0035226733364052765
    ],
    [
      0.7191918156757863,
      0.17056160878459953,
      0.006371353266646293,
      0.023406016045702673,
      0.07680369218792142,
      0.003665514039343744
    ],
    [
      0.7502725530381616,
      0.1592125440195079,
      0.005807985935928278,
      0.02117334862386413,
      0.0601921233420487,
      0.0033414450404892675
    ],
    [
      0.7552020096626282,
      0.12527275099563615,
      0.043532433054794366,
      0.02068701745238348,
      0.052250152032777615,
      0.003055636801780201
    ],
    [
      0.9533590316462472,
      0.020472024255460103,
      0.002251699206057168,
      0.003759232942611281,
      0.017287724653883185,
      0.0028702872957409972
    ]
  ],
  [
    [
      0.9536873628285905,
      0.02032791052527825,
      0.0022358482688082113,
      0.003732769654212347,
      0.017166026943137094,
      0.0028500817799736694
    ],
    [
      0.7484067732744589,
      0.13038333902589283,
      0.045063008566448924,
      0.018509749137445103,
      0.05440267627914527,
      0.003234453716608973
    ],
    [
      0.7388863769119285,
      0.1682804590797449,
      0.0058974851281675495,
      0.021478805461890682,
      0.06206397047938655,
      0.0033929029388819003
    ],
    [
      0.15655817693795337,
      0.17215962200609564,
      0.005674888520872355,
      0.027971797840778554,
      0.6335771876144787,
      0.004058327079821349
    ],
    [
      0.708671912561307,
      0.18132076163587876,
      0.005991400253679263,
      0.020741142621519153,
      0.07982799752007148,
      0.0034467854075443498
    ],
    [
      0.5954790456382557,
      0.1981031287440444,
      0.005017959549040353,
      0.028101956017913533,
      0.17041118464132754,
      0.002886725409418441
    ],
    [
      0.29275442503188237,
      0.19892599758508336,
      0.0049828419663740745,
      0.03320388245928884,
      0.46655143714928965,
      0.003581415808081641
    ],
    [
      0.6743853661988203,
      0.19815546636111975,
      0.0053920032836904915,
      0.028201052389563414,
      0.09076423345125395,
      0.003101878315552051
    ],
    [
      0.1755511887954077,
      0.33953621274950496,
      0.004861353183678157,
      0.021588585710488276,
      0.4549686591472797,
      0.0034940004136411722
    ],
    [
      0.6598652951558982,
      0.21307363549396557,
      0.005491837392836093,
      0.028199969468439525,
      0.09021004777593009,
      0.0031592147129306065
    ],
    [
      0.3044405109646583,
      0.19929682490465456,
      0.004950033874356049,
      0.02190689810058597,
      0.4658479054354247,
      0.0035578267203203416
    ],
    [
      0.16973946652064323,
      0.31376438273647117,
      0.004680387409891117,
      0.02440144261367484,
      0.4840503174085904,
      0.0033640033107292353
    ],
    [
      0.7032199574081786,
      0.1774478964518042,
      0.005344370490362154,
      0.024556657295560193,
      0.08635675129136697,
      0.0030743670627279493
    ],
    [
      0.5617144908279662,
      0.2456843556419189,
      0.005498562382064164,
      0.1049723781434752,
      0.07896702506766075,
      0.003163187936914769
    ],
    [
      0.13399595186575106,
      0.13379081620862204,
      0.005310632227650828,
      0.023918023065239588,
      0.6991735169996599,
      0.0038110596330765576
    ],
    [
      0.7441823420842203,
      0.15157459084244596,
      0.005933472877003125,
      0.016635280605847395,
      0.07826064008847186,
      0.0034136735020113235
    ],
    [
      0.7083222179823271,
      0.17219026061422082,
      0.005977088881041086,
      0.03456974594228281,
      0.07550191971368517,
      0.0034387668664429823
    ],
    [
      0.16630307712506448,
      0.2811313095796345,
      0.0047139944809966375,
      0.02801423230067275,
      0.5164783161725729,
      0.0033590703410587195
    ],
    [
      0.17025761349984386,
      0.18680069526163015,
      0.004851862866040213,
      0.019274495812160192,
      0.6153533137079248,
      0.0034620188524007857
    ],
    [
      0.684947849556805,
      0.19374350605123652,
      0.005164009778097535,
      0.02807787269714146,
      0.08509586543384849,
      0.0029708964828710064
    ],
    [
      0.6890389178759964,
      0.18822540893922973,
      0.0050812239213910045,
      0.029402438859863864,
      0.08532889034615834,
      0.0029231200573606436
    ],
    [
      0.17248055194819445,
      0.30283881247756184,
      0.0047038970467153255,
      0.023304762826817853,
      0.4933155370079634,
      0.003356438692747229
    ],
    [
      0.5786430539677615,
      0.19099654942225136,
      0.005420506510617564,
      0.12991616761523445,
      0.09190550762135859,
      0.003118214862776543
    ],
    [
      0.15406745779746261,
      0.28859864248405254,
      0.004732452105496199,
      0.030829782023626948,
      0.5184119371690458,
      0.003359728420315964
    ],
    [
      0.7143563044080691,
      0.1749117394617854,
      0.005202160309470909,
      0.025528711934869216,
      0.0770083569928877,
      0.002992726892917783
    ],
    [
      0.6034544611028747,
      0.3002219705864071,
      0.005040060262701548,
      0.022335307503227632,
      0.0660485949384285,
      0.002899605606360526
    ],
    [
      0.6835615088201352,
      0.22176700431736027,
      0.004955929588958474,
      0.020873252112969237,
      0.06599117168040192,
      0.002851133480174867
    ],
    [
