[
  [
    [
      0.9400952678755283,
      0.026293860791386243,
      0.002892037676848262,
      0.00482828402516431,
      0.022204009714759113,
      0.003686539916313814
    ],
    [
      0.937513371652995,
      0.027427127186969776,
      0.003016684610211782,
      0.005036383249445745,
      0.02316100337409993,
      0.0038454299262778283
    ],
    [
      0.9396612194801108,
      0.026484376760343736,
      0.002912992353859666,
      0.004863268054963292,
      0.02236489207658156,
      0.0037132512741410023
    ],
    [
      0.9486110808244447,
      0.022556032538702652,
      0.002480917369255771,
      0.004141914815848642,
      0.019047578048327067,
      0.0031624764034211875
    ],
    [
      0.9503988309312382,
      0.02177133906340021,
      0.0023946096522812024,
      0.003997823272902061,
      0.018384938898946945,
      0.003052458181231423
    ],
    [
      0.9507305375135005,
      0.021625743775878205,
      0.002378595759896744,
      0.003971087929376093,
      0.01826199007814765,
      0.00303204494320086
    ],
    [
      0.9493502419590489,
      0.022231594063035952,
      0.0024452326783352693,
      0.004082338889679468,
      0.0187736040160349,
      0.0031169883938655454
    ],
    [
      0.9448098020046649,
      0.02422452002828621,
      0.0026644327807622613,
      0.004448295516501849,
      0.020456542396377612,
      0.0033964072734071968
    ],
    [
      0.9460810576212758,
      0.023666530416647832,
      0.0026030600142084516,
      0.004345833107141113,
      0.0199853446952925,
      0.0033181741454343283
    ],
    [
      0.9503364349819328,
      0.021798726389022093,
      0.0023976219591537082,
      0.004002852347477349,
      0.018408066291648772,
      0.003056298030765396
    ],
    [
      0.9505051004793236,
      0.021724694389354857,
      0.002389479247285385,
      0.003989258013644815,
      0.01834554952194134,
      0.0030459183484500777
    ],
    [
      0.9485043804802331,
      0.022602866301205123,
      0.0024860685719178795,
      0.004150514797004817,
      0.01908712710222349,
      0.0031690427474155647
    ],
    [
      0.9523157048205203,
      0.020929969551978306,
      0.0023020681899798318,
      0.003843324433667715,
      0.017674439328209345,
      0.0029344936756445367
    ],
    [
      0.9556105037054854,
      0.01948379025788052,
      0.002143004253375331,
      0.0035777656996873785,
      0.016453204479884975,
      0.0027317316036864856
    ],
    [
      0.954124478224486,
      0.02013604836411263,
      0.002214745525348252,
      0.003697538426088824,
      0.017004007781165575,
      0.002823181678798759
    ],
    [
      0.9426260145980918,
      0.02518304534056214,
      0.002769860102345361,
      0.004624307418660152,
      0.021265974891456065,
      0.0035307976488845017
    ],
    [
      0.9406763278890917,
      0.02603881731541625,
      0.002863985678414422,
      0.004781450950686647,
      0.021988636709514526,
      0.0036507814568765137
    ],
    [
      0.9372305030631193,
      0.027551286114998932,
      0.003030340737040256,
      0.005059182281263129,
      0.023265850131523876,
      0.0038628376720545978
    ],
    [
      0.9403552915733727,
      0.0261797291248031,
      0.0028794844393264423,
      0.004807326277388096,
      0.022107630538886855,
      0.0036705380462228304
    ],
    [
      0.9407260934288925,
      0.02601697382944573,
      0.002861583133389876,
      0.004777439879235325,
      0.02197019084572367,
      0.0036477188833130246
    ],
    [
      0.9504199054824704,
      0.021762088853997944,
      0.002393592230217462,
      0.00399612467722451,
      0.018377127503691564,
      0.003051161252398253
    ],
    [
      0.9523157048205203,
      0.020929969551978306,
      0.0023020681899798318,
      0.003843324433667715,
      0.017674439328209345,
      0.0029344936756445367
    ],
    [
      0.9497136846699169,
      0.0220720689018959,
      0.002427686651904131,
      0.004053045633993083,
      0.018638892029240524,
      0.00309462211304946
    ],
    [
      0.952966564788582,
      0.020644288925624095,
      0.0022706464394230386,
      0.0037908655264167553,
      0.017433194596094336,
      0.0028944397238598162
    ],
    [
      0.952966564788582,
      0.020644288925624095,
      0.0022706464394230386,
      0.0037908655264167553,
      0.017433194596094336,
      0.0028944397238598162
    ],
    [
      0.9556105037054854,
      0.01948379025788052,
      0.002143004253375331,
      0.0035777656996873785,
      0.016453204479884975,
      0.0027317316036864856
    ],
    [
      0.9492005438977063,
      0.022297300725032318,
      0.0024524596939348832,
      0.004094404460003315,
      0.018829090404012188,
      0.003126200819311134
    ],
    [
      0.9512151077774741,
      0.021413052347126055,
      0.0023552020243637934,
      0.0039320318685000955,
      0.018082381515231477,
      0.003002224467304468
    ],
    [
      0.9488822489469659,
      0.022437009272730637,
      0.002467826109195348,
      0.004120058834398257,
      0.01894706813177686,
      0.0031457887049330443
    ],
    [
      0.9473150917001879,
      0.023124878377952095,
      0.002543484202345824,
      0.004246370730490475,
      0.01952794335645377,
      0.003242231632569928
    ],
    [
      0.9506494081133188,
      0.021661353736540975,
      0.00238251246686971,
      0.003977626908401232,
      0.0182920611247228,
      0.003037037650146531
    ],
    [
      0.9506494081133188,
      0.021661353736540975,
      0.00238251246686971,
      0.003977626908401232,
      0.0182920611247228,
      0.003037037650146531
    ],
    [
      0.9511593907077778,
      0.021437508125865826,
      0.0023578918930785187,
      0.0039365226295469055,
      0.018103033345444934,
      0.0030056532982861185
    ],
    [
      0.9511593907077778,
      0.021437508125865826,
      0.0023578918930785187,
      0.0039365226295469055,
      0.018103033345444934,
      0.0030056532982861185
    ],
    [
      0.9506494081133188,
      0.021661353736540975,
      0.00238251246686971,
      0.003977626908401232,
      0.0182920611247228,
      0.003037037650146531
    ],
    [
      0.9498619198493493,
      0.022007004339645902,
      0.002420530260267789,
      0.004041097971038281,
      0.018583947866276113,
      0.003085499713422598
    ],
    [
      0.9476592659152351,
      0.022973810698029392,
      0.002526868406531098,
      0.00421863050354258,
      0.01940037334080629,
      0.003221051135855562
    ],
    [
      0.9448098020046649,
      0.02422452002828621,
      0.0026644327807622613,
      0.004448295516501849,
      0.020456542396377612,
      0.0033964072734071968
    ],
    [
      0.9313426438328843,
      0.03013563205009795,
      0.003314590580515676,
      0.005533740060850395,
      0.02544821668105833,
      0.004225176794593308
    ],
    [
      0.9480238648643792,
      0.02281377803160232,
      0.0025092665600580538,
      0.004189244055772711,
      0.01926523278810398,
      0.003198613700083832
    ]
  ],
  [
    [
      0.9408947663162498,
      0.025942938586115672,
      0.0028534400647540485,
      0.004763844949776096,
      0.021907671336885558,
      0.0036373387462188297
    ],
    [
      0.9298373727511711,
      0.030796337588245282,
      0.003387260977791467,
      0.005655063970659007,
      0.026006153467291883,
      0.004317811244841393
    ],
    [
      0.1483958924433809,
      0.1193097796936937,
      0.017283399470234936,
      0.20186268725845918,
      0.5083930946712021,
      0.004755146463029185
    ],
    [
      0.7505432408826367,
      0.11555492529803654,
      0.04087146528154214,
      0.024164278048825854,
      0.0654110151069775,
      0.003455075381981307
    ],
    [
      0.7440835957639941,
      0.1282489717008174,
      0.04390357497633121,
      0.02115913413324142,
      0.05941903383677584,
      0.0031856895888401314
    ],
    [
      0.743264536223517,
      0.1282413884875378,
      0.04388477157124875,
      0.021145264249593107,
      0.060277663668657555,
      0.003186375799445918
    ],
    [
      0.7506552109495895,
      0.11423259072763212,
      0.040559526225712725,
      0.023852615968613395,
      0.06728718182655034,
      0.0034128743019019555
    ],
    [
      0.1381977268571366,
      0.1205789767143867,
      0.022398479640241113,
      0.021574080198133262,
      0.6929855189748176,
      0.0042652176152847485
    ],
    [
      0.1342757748644573,
      0.1168943540131673,
      0.021455176777855953,
      0.021113572687067372,
      0.7020975519318435,
      0.004163569725608635
    ],
    [
      0.7420125567879846,
      0.1216930355678958,
      0.044932519929939706,
      0.020709557479509626,
      0.06739966077135533,
      0.0032526694633148545
    ],
    [
      0.751663299688988,
      0.12768649966061335,
      0.03676212382599857,
      0.018541367198131035,
      0.06207630096040272,
      0.00327040866586633
    ],
    [
      0.7541537883478493,
      0.12780661478171312,
      0.03676234173980964,
      0.018601089536515462,
      0.059405539014435085,
      0.003270626579677399
    ],
    [
      0.649554144634233,
      0.23499685683327007,
      0.03662335935891423,
      0.01851365714459998,
      0.05707474082533217,
      0.00323724120365063
    ],
    [
      0.6931592483205953,
      0.19064117095530486,
      0.040741744430409677,
      0.01952168549609348,
      0.05301831767846363,
      0.0029178331191330245
    ],
    [
      0.6508511229999339,
      0.12098518763531664,
      0.057868738124066496,
      0.0208648816390105,
      0.1462949553655177,
      0.00313511423615481
    ],
    [
      0.6759681992461374,
      0.1430246399827783,
      0.08228658433489336,
      0.02995470952143706,
      0.0651913621094934,
      0.0035745048052604252
    ],
    [
      0.6592191406645274,
      0.13240659078705772,
      0.10343176950725817,
      0.02545625225323979,
      0.07590004302079183,
      0.003586203767125069
    ],
    [
      0.6637125126682578,
      0.13676839503573215,
      0.09678777358821386,
      0.021075111775658444,
      0.07793196910104648,
      0.003724237831091245
    ],
    [
      0.6585195804645682,
      0.14155622036299667,
      0.10401837508461861,
      0.02188557252966284,
      0.07018548419138075,
      0.0038347673667728645
    ],
    [
      0.6791772548393435,
      0.14253171200215453,
      0.08210640006442713,
      0.029757602643206316,
      0.06288941281773983,
      0.0035376176331286245
    ],
    [
      0.7187099234595342,
      0.13499003109979946,
      0.06107356012485108,
      0.022711766528701525,
      0.059275566287508547,
      0.003239152499605223
    ],
    [
      0.7622376587591959,
      0.12638081599782855,
      0.03677081576802749,
      0.01854774382825732,
      0.05286550462974005,
      0.003197461016950673
    ],
    [
      0.7612093579845554,
      0.1265839211108029,
      0.03656036324418619,
      0.018506042193291942,
      0.053923505591572066,
      0.003216809875591486
    ],
    [
      0.750425879677973,
      0.1303011762142125,
      0.044451823125925626,
      0.01843677344264533,
      0.05314272456446298,
      0.0032416229747805336
    ],
    [
      0.7172526015703707,
      0.1356178980979193,
      0.06209503376262738,
      0.022644780584467214,
      0.05912203399882363,
      0.0032676519857917515
    ],
    [
      0.7383935662897508,
      0.12535836787705812,
      0.056587286146421556,
      0.020946962443055186,
      0.055702737724423836,
      0.003011079519290482
    ],
    [
      0.5576646122986529,
      0.21015534923287021,
      0.14480860919878755,
      0.022041532494362807,
      0.062165397427286384,
      0.0031644993480401114
    ],
    [
      0.23817349461031548,
      0.1406850167701434,
      0.035016703960141185,
      0.020707661504212847,
      0.5618617035474307,
      0.0035554196077563893
    ],
    [
      0.13449033477138767,
      0.13344373373766566,
      0.03026040332122354,
      0.021668774210557067,
      0.6764670417858624,
      0.0036697121733036257
    ],
    [
      0.6292600773764685,
      0.124863917892703,
      0.16093824058745573,
      0.020703632031011956,
      0.06096960824992845,
      0.0032645238624323144
    ],
    [
      0.12365651276160812,
      0.10907086179231366,
      0.028293135100986314,
      0.02506402712771869,
      0.7101431829685503,
      0.003772280248822956
    ],
    [
      0.7350784440338858,
      0.1409575583992963,
      0.04324663316569146,
      0.020620098181107088,
      0.05700348550222285,
      0.0030937807177964624
    ],
    [
      0.7501568233710132,
      0.1252533670905298,
      0.042946018632031534,
      0.020634922018247213,
      0.05790555043137962,
      0.0031033184567986903
    ],
    [
      0.7501568233710132,
      0.1252533670905298,
      0.042946018632031534,
      0.020634922018247213,
      0.05790555043137962,
      0.0031033184567986903
    ],
    [
      0.7309711777868454,
      0.12953485647396776,
      0.05606203061219508,
      0.01990591031533644,
      0.06041623625015477,
      0.0031097885615006386
    ],
    [
      0.12497528629627809,
      0.10961661029420199,
      0.02782767266736412,
      0.025234851923556973,
      0.7085465862559508,
      0.003798992562648004
    ],
    [
      0.7504415080104411,
      0.12014492186250401,
      0.044278167326554145,
      0.02051975190823901,
      0.06140997107741409,
      0.003205679814847688
    ],
    [
      0.12392073889641504,
      0.1330616273980438,
      0.03162162047093401,
      0.02237222959014402,
      0.6853536432167249,
      0.0036701404277382013
    ],
    [
      0.1493701532613561,
      0.11968949740555315,
      0.017337578300999863,
      0.04356770726126689,
      0.6652796495158897,
      0.004755414254934274
    ],
    [
      0.9313426438328843,
      0.03013563205009795,
      0.003314590580515676,
      0.005533740060850395,
      0.02544821668105833,
      0.004225176794593308
    ]
  ],
  [
    [
      0.937513371652995,
      0.027427127186969776,
      0.003016684610211782,
      0.005036383249445745,
      0.02316100337409993,
      0.0038454299262778283
    ],
    [
      0.924051909522732,
      0.033335739057000324,
      0.003666567420559631,
      0.006121368696402644,
      0.028150566390493407,
      0.004673848912812093
    ],
    [
      0.16560995788265728,
      0.12571221111976644,
      0.01118544670368678,
      0.02110506154897856,
      0.671113826809367,
      0.0052734959355438754
    ],
    [
      0.15286730940471457,
      0.15722855353526813,
      0.0053788671011712075,
      0.028523669599392277,
      0.6521920527311814,
      0.003809547628272291
    ],
    [
      0.6289422521838672,
      0.2746798608233144,
      0.005897189241024251,
      0.02139771343743876,
      0.0656903772626167,
      0.0033926070517386014
    ],
    [
      0.7403469858439902,
      0.16114459571999573,
      0.005868145349055737,
      0.021260251911279605,
      0.06800421161886501,
      0.00337580955681368
    ],
    [
      0.15249880770891736,
      0.15708493016649172,
      0.005358374651259612,
      0.02845202096869642,
      0.6527964201652263,
      0.0038094463394086468
    ],
    [
      0.15631640308760866,
      0.18634210987539798,
      0.005750178885053978,
      0.16664834691538524,
      0.48088637344325275,
      0.004056587793301319
    ],
    [
      0.15409211365250117,
      0.31997571252851287,
      0.005631879748526231,
      0.031024333033964166,
      0.48527207084808377,
      0.004003890188411814
    ],
    [
      0.618881197773458,
      0.15863774233227398,
      0.005921912552304695,
      0.1417783180308816,
      0.07137421110196775,
      0.0034066182091141532
    ],
    [
      0.7487830768161942,
      0.157314828519445,
      0.005745699969595438,
      0.02084804072279528,
      0.0640028975185091,
      0.003305456453460892
    ],
    [
      0.7290600763185576,
      0.16924430685319505,
      0.005823721127819779,
      0.024476292459132565,
      0.06804534033208931,
      0.003350262909205684
    ],
    [
      0.6250617669410758,
      0.1715064388956171,
      0.005744741583210367,
      0.1290775314872653,
      0.06530468392868086,
      0.0033048371641505015
    ],
    [
      0.554160332864404,
      0.344613060185672,
      0.005676763687152246,
      0.022582016961988582,
      0.06970212352827493,
      0.0032657027725081196
    ],
    [
      0.15269027281903028,
      0.2531384033026591,
      0.004956125886800454,
      0.02226813731965526,
      0.5634195012853322,
      0.003527559386522758
    ],
    [
      0.16608769450334945,
      0.19984225632409555,
      0.005734590793896507,
      0.02059719864882439,
      0.6036220763712303,
      0.004116183358603806
    ],
    [
      0.6674714390898813,
      0.22217439838705755,
      0.0063643055501680975,
      0.02151718591244107,
      0.07881126890299954,
      0.003661402157452464
    ],
    [
      0.4397778894691057,
      0.3755224297481374,
      0.0066249398224140854,
      0.05386124417790302,
      0.119773933104199,
      0.004439563678240843
    ],
    [
      0.22157382757884855,
      0.20447475365183357,
      0.005835225847100184,
      0.022525984867967766,
      0.541409899224027,
      0.004180308830222852
    ],
    [
      0.1802746964761395,
      0.19907571775450902,
      0.005769766584846346,
      0.020218991389927107,
      0.5905793740777666,
      0.004081453716811377
    ],
    [
      0.7112137476857172,
      0.19065673480040146,
      0.005923383846916596,
      0.021603547388672626,
      0.06719483702321506,
      0.0034077492550771385
    ],
    [
      0.7169429608143952,
      0.18992286953958454,
      0.006037595730787373,
      0.017351919810162653,
      0.06627107615345819,
      0.0034735779516119445
    ],
    [
      0.7134204906248862,
      0.18967456934918908,
      0.0062382120843369835,
      0.02436307283542008,
      0.06271459773170943,
      0.0035890573744582314
    ],
    [
      0.7126215539900803,
      0.1932846346989413,
      0.006037515627029739,
      0.01732996625111154,
      0.06725283158498284,
      0.003473497847854309
    ],
    [
      0.5646968677074617,
      0.3303801724919262,
      0.006322243833304305,
      0.01712874284973112,
      0.07783474661287405,
      0.0036372265047025926
    ],
    [
      0.16320294617673387,
      0.381650014186642,
      0.005273228313142658,
      0.016549641797174386,
      0.4296040568073818,
      0.003720112718925371
    ],
    [
      0.7015698427008352,
      0.18945496019177538,
      0.0059034750923198515,
      0.020622054482781593,
      0.07905345440811219,
      0.003396213124175693
    ],
    [
      0.6070849038185023,
      0.28975976373029516,
      0.005734075184948307,
      0.0239798584366039,
      0.07014262013469405,
      0.0032987786949561946
    ],
    [
      0.5517216063779872,
      0.33765709719718523,
      0.0061331756357037095,
      0.024430401440967572,
      0.07652930851542904,
      0.0035284108327271664
    ],
    [
      0.7119845842558705,
      0.190326781775896,
      0.0057365151868082834,
      0.024124757810178064,
      0.06452717855801171,
      0.0033001824132353817
    ],
    [
      0.7290375190346252,
      0.16971196437736458,
      0.0058478001922588636,
      0.0245548071196997,
      0.06748376501045986,
      0.0033641442655918704
    ],
    [
      0.7420527713896882,
      0.15536328033180688,
      0.005734099544011119,
      0.027408518107145365,
      0.06614264394410757,
      0.003298686683240905
    ],
    [
      0.717511552345336,
      0.17909318249457154,
      0.006144221672249005,
      0.019517540838711826,
      0.07419896149489208,
      0.003534541154239438
    ],
    [
      0.14158156427784413,
      0.13527086779315634,
      0.005603739612898727,
      0.034239573593500806,
      0.6793354426009683,
      0.003968812121631622
    ],
    [
      0.7199983008057761,
      0.17903311827715251,
      0.0061494060592438655,
      0.01958663368766388,
      0.07169492877157777,
      0.003537612398585837
    ],
    [
      0.7358128337296739,
      0.16733274864637476,
      0.005673804342252184,
      0.023955677219952107,
      0.0639608308172428,
      0.003264105244504251
    ],
    [
      0.7253501120239569,
      0.16432787958579548,
      0.005631425883200417,
      0.040583390241330064,
      0.06086737734209137,
      0.0032398149236257763
    ],
    [
      0.7422703938090517,
      0.15910497288002098,
      0.005922760205692338,
      0.028309076037743828,
      0.06098533120498947,
      0.0034074658625017967
    ],
    [
      0.12602053081441503,
      0.13531630835213246,
      0.0321574373462226,
      0.0227513188959324,
      0.6800220749668461,
      0.0037323296244515265
    ],
    [
      0.9449692064910424,
      0.024154552945124495,
      0.002656737165339016,
      0.004435447614377574,
      0.02039745826998926,
      0.003386597514127259
    ]
  ],
  [
    [
      0.9313426438328843,
      0.03013563205009795,
      0.003314590580515676,
      0.005533740060850395,
      0.02544821668105833,
      0.004225176794593308
    ],
    [
      0.15888512602158697,
      0.12646505262851843,
      0.017108998411627135,
      0.02709521784153203,
      0.6653720247342675,
      0.005073580362467939
    ],
    [
      0.577289357707623,
      0.30875708256299633,
      0.007678962949124388,
      0.02276586547499509,
      0.07909119987614549,
      0.004417531429115603
    ],
    [
      0.7215560882263223,
      0.16482108511955748,
      0.0062620005949490486,
      0.021844382229816606,
      0.08191414886159855,
      0.0036022949677558887
    ],
    [
      0.7407546737604098,
      0.15423820052833828,
      0.00582878327751117,
      0.022413673767096732,
      0.07341152225643092,
      0.0033531464102131534
    ],
    [
      0.7401293728461874,
      0.1529476728840658,
      0.005825501670256325,
      0.022192162567738656,
      0.07555411478330429,
      0.003351175248447569
    ],
    [
      0.7356862504803433,
      0.16042290968284845,
      0.005942124046244145,
      0.02054433489803746,
      0.0739860802040764,
      0.0034183006884501103
    ],
    [
      0.6005390022778314,
      0.1647831017440156,
      0.006261931685206081,
      0.14205502831351216,
      0.08275870992142188,
      0.0036022260580129205
    ],
    [
      0.14359027601441854,
      0.2854382763538154,
      0.005482915076056168,
      0.028227598032939633,
      0.5333486319941313,
      0.003912302528639031
    ],
    [
      0.6927182318970231,
      0.19285148743827568,
      0.006244017994355075,
      0.026033682571959236,
      0.07856072547897781,
      0.0035918546194091076
    ],
    [
      0.737235779390539,
      0.15505835431697598,
      0.005910889906622137,
      0.02253511427024057,
      0.07585953870679836,
      0.003400323408823902
    ],
    [
      0.14435841110626788,
      0.1637379334748909,
      0.005507334850947582,
      0.028423613168303382,
      0.6540142658434411,
      0.003958441556149083
    ],
    [
      0.13802006672000486,
      0.15754725215303422,
      0.005542991439911447,
      0.02221719486922983,
      0.6727173251451593,
      0.003955169672660439
    ],
    [
      0.13102058074742476,
      0.24766113319197053,
      0.005272844918728365,
      0.02111421637510996,
      0.5911967666594048,
      0.0037344581073615697
    ],
    [
      0.7057126911913921,
      0.1830374493187842,
      0.005933799714471452,
      0.024983459130628653,
      0.07691916244243327,
      0.003413438202290379
    ],
    [
      0.672416029431333,
      0.20160888604622648,
      0.006084088266507064,
      0.032863560113007395,
      0.08352741945694465,
      0.003500016685981346
    ],
    [
      0.6212026528425193,
      0.2470405308038132,
      0.005864391987088292,
      0.03363481637044748,
      0.08888397682760686,
      0.0033736311685248115
    ],
    [
      0.6376426804634708,
      0.232087153808545,
      0.006396622737675604,
      0.029489082337685053,
      0.09070470241503292,
      0.0036797582375906112
    ],
    [
      0.17828360616115296,
      0.19009278387738973,
      0.005889299965106693,
      0.027272434023906722,
      0.5942577092180088,
      0.004204166754434976
    ],
    [
      0.696914796578056,
      0.17027286886375984,
      0.006488795010280815,
      0.02441877581478984,
      0.09817197162729908,
      0.003732792105814346
    ],
    [
      0.17971742720641737,
      0.17485938640539975,
      0.005665401032835562,
      0.03246653099836488,
      0.6032895161060563,
      0.004001738250926145
    ],
    [
      0.7354411396640294,
      0.16108186889825693,
      0.0060042000669515965,
      0.023024406649982756,
      0.07099417342528584,
      0.003454211295493485
    ],
    [
      0.6619950829847709,
      0.21939092434329857,
      0.00629912817914628,
      0.02390171512099058,
      0.08478924393177487,
      0.003623905440018767
    ],
    [
      0.6593880937995331,
      0.20368063338875914,
      0.005971620760091297,
      0.023210597184802378,
      0.10431353327108799,
      0.0034355215957260796
    ],
    [
      0.18053373062995545,
      0.18675720060430717,
      0.00600757927515888,
      0.027381334813980685,
      0.5950126463998339,
      0.004307508276763978
    ],
    [
      0.1545700471367575,
      0.4380623558990739,
      0.005631334204658128,
      0.026003170303759225,
      0.3717176104461754,
      0.004015482009575795
    ],
    [
      0.5585350394805997,
      0.33025811150761963,
      0.006487857067294568,
      0.020399585122286092,
      0.08058712303764644,
      0.003732283784553546
    ],
    [
      0.5908852700837316,
      0.2797553094134041,
      0.0056296991644106875,
      0.04248408459211865,
      0.07800694348054091,
      0.003238693265794006
    ],
    [
      0.6696127180534283,
      0.20549656412518294,
      0.006169981610904389,
      0.02393977799056636,
      0.0912313837501545,
      0.0035495744697635495
    ],
    [
      0.5768152076313269,
      0.3103257522979731,
      0.0061102565585207805,
      0.03279143197467161,
      0.07044213673597577,
      0.0035152148015318847
    ],
    [
      0.7407546737604098,
      0.15423820052833828,
      0.00582878327751117,
      0.022413673767096732,
      0.07341152225643092,
      0.0033531464102131534
    ],
    [
      0.14433338740873577,
      0.16162960671595897,
      0.005524239643081122,
      0.02837208288732308,
      0.6562281765596479,
      0.00391250678525318
    ],
    [
      0.1417136305659534,
      0.1608841318270955,
      0.005709398005509975,
      0.022850888485967676,
      0.6648141330737687,
      0.004027818041704845
    ],
    [
      0.14044472326266946,
      0.1600337112456466,
      0.0056461474825875565,
      0.02262001239377834,
      0.6672413720213347,
      0.004014033593983278
    ],
    [
      0.15570819064840935,
      0.16124846878398139,
      0.0055314306268824266,
      0.034133780176744004,
      0.6394605300112386,
      0.003917599752744278
    ],
    [
      0.7274921475871438,
      0.1632019882863324,
      0.006055497133346595,
      0.02804603561637069,
      0.07172061953101028,
      0.003483711845796377
    ],
    [
      0.7210981007610541,
      0.17065354803638164,
      0.006371520063570437,
      0.023451729083790385,
      0.07475942121893561,
      0.003665680836267889
    ],
    [
      0.7490875042629409,
      0.161488245141122,
      0.005849980101835225,
      0.021409237557671226,
      0.058799361384092724,
      0.003365671552337859
    ],
    [
      0.7523533812707524,
      0.13238476082955583,
      0.04219638060022784,
      0.020066529762787142,
      0.0500180485652371,
      0.0029808989714396788
    ],
    [
      0.9512591579898215,
      0.021393717478072848,
      0.0023530753998173854,
      0.003928481448874812,
      0.01806605406816324,
      0.002999513615250186
    ]
  ],
  [
    [
      0.9448098020046649,
      0.02422452002828621,
      0.0026644327807622613,
      0.004448295516501849,
      0.020456542396377612,
      0.0033964072734071968
    ],
    [
      0.12563082225895303,
      0.1351644196194216,
      0.032135765578781623,
      0.022675546966826603,
      0.6806612230694898,
      0.0037322225065272796
    ],
    [
      0.1408596996145979,
      0.13508445322661855,
      0.00557412257322011,
      0.0340850357899756,
      0.6804488527496133,
      0.003947836045974435
    ],
    [
      0.1326912384208814,
      0.15592823911564374,
      0.005535023154392929,
      0.16135591012436126,
      0.5405401052363784,
      0.003949483948342155
    ],
    [
      0.6334144175320486,
      0.2630098745536727,
      0.005803915414802994,
      0.021911314254773818,
      0.07252172069503396,
      0.003338757549667871
    ],
    [
      0.6334144175320486,
      0.2630098745536727,
      0.005803915414802994,
      0.021911314254773818,
      0.07252172069503396,
      0.003338757549667871
    ],
    [
      0.15584769054200498,
      0.1829253547551443,
      0.005757291898203817,
      0.030773106426893928,
      0.6205584012484776,
      0.004138155129275319
    ],
    [
      0.5717659946724086,
      0.29471883981476243,
      0.006405163151434793,
      0.02527889831964437,
      0.09814657015358533,
      0.003684533888164583
    ],
    [
      0.16318455535157175,
      0.18866491852582473,
      0.005738448327458521,
      0.023836805418494877,
      0.61445074058835,
      0.004124531788300068
    ],
    [
      0.5699767510155235,
      0.3095692890144191,
      0.00625491512171366,
      0.023893472379684047,
      0.08670747714493637,
      0.0035980953237232873
    ],
    [
      0.7228855280397505,
      0.16325352743986402,
      0.0060869667241665116,
      0.020921718148087805,
      0.08335064554807374,
      0.0035016141000574832
    ],
    [
      0.18183354387603726,
      0.16310992641979621,
      0.005910219590887684,
      0.017593517554047942,
      0.6273047995152217,
      0.004247993044009209
    ],
    [
      0.16558416901374393,
      0.16466165799586197,
      0.006033669881660559,
      0.017945919594447707,
      0.641512719717008,
      0.004261863797277792
    ],
    [
      0.1710234768522829,
      0.25290263801751267,
      0.0056085335074863695,
      0.016850356414314285,
      0.5496908976503587,
      0.003924097558045147
    ],
    [
      0.7329283198215469,
      0.1638903369951423,
      0.005919586181611674,
      0.024671364115327516,
      0.06918508540513922,
      0.0034053074812323714
    ],
    [
      0.6809501388980957,
      0.19021772406059598,
      0.006153656587767002,
      0.019208534521838305,
      0.09992982672306026,
      0.003540119208642678
    ],
    [
      0.6879700818901495,
      0.18218215140069427,
      0.005973470146868726,
      0.035378917878932006,
      0.085058968348269,
      0.0034364103350865392
    ],
    [
      0.18057746731710775,
      0.19978478734152802,
      0.0055636324743483425,
      0.03633927821113066,
      0.5737551932241273,
      0.003979641431758035
    ],
    [
      0.6734653006563637,
      0.19650203130310448,
      0.006287800101604004,
      0.024675104909688002,
      0.09545263641437633,
      0.0036171266148634995
    ],
    [
      0.7038335765705146,
      0.17613962432549005,
      0.006701370906493209,
      0.020328309094598856,
      0.08914210213412818,
      0.003855016968775037
    ],
    [
      0.7157277467744279,
      0.17520848519773527,
      0.00638544039811417,
      0.026512364821071797,
      0.07249260678911314,
      0.003673356019537824
    ],
    [
      0.16388306759341933,
      0.1890347711179936,
      0.005754214501454302,
      0.02397260864403991,
      0.6132303855432217,
      0.004124952599871139
    ],
    [
      0.6707355192424759,
      0.2012417863753446,
      0.006055725297945566,
      0.01897726476783791,
      0.09950589270555579,
      0.0034838116108401626
    ],
    [
      0.6815708411735049,
      0.20143088869082154,
      0.006285011670772841,
      0.022191599906415595,
      0.08490587438382784,
      0.0036157841746573263
    ],
    [
      0.6408303304470121,
      0.23069201079778143,
      0.0066293609639870524,
      0.026197809007311945,
      0.09183674743958246,
      0.0038137413443250995
    ],
    [
      0.15219014679571297,
      0.18033946463147255,
      0.006063242072412379,
      0.023271758712507695,
      0.6338002927249452,
      0.0043350950629492254
    ],
    [
      0.41574939869077754,
      0.4413299124277868,
      0.006340660516698985,
      0.03833336952344937,
      0.09374404408863582,
      0.004502614752651527
    ],
    [
      0.27973108935568863,
      0.3005819051597232,
      0.005858844122897903,
      0.0413348982773538,
      0.3682823078077662,
      0.004210955276570192
    ],
    [
      0.6582124980228576,
      0.20910283701504495,
      0.006040152924060616,
      0.02087154478076475,
      0.10229801855477255,
      0.0034749487024994907
    ],
    [
      0.6979168185946726,
      0.18681002119711393,
      0.006235411479501172,
      0.01924402791215405,
      0.08620650471254403,
      0.0035872161040142363
    ],
    [
      0.15411377135169158,
      0.19865896380029927,
      0.005722568436442022,
      0.1745698205192531,
      0.4628217578367087,
      0.00411311805560531
    ],
    [
      0.6929936007357534,
      0.17749418414958026,
      0.006541038853684746,
      0.027930929775536465,
      0.0912775508678005,
      0.003762695617644646
    ],
    [
      0.1640991540599966,
      0.1609632625264034,
      0.005951087915540158,
      0.017657184727790792,
      0.6470678551542259,
      0.0042614556160431435
    ],
    [
      0.6963097751147422,
      0.17417800977059142,
      0.006541038853684746,
      0.027930929775536465,
      0.0912775508678005,
      0.003762695617644646
    ],
    [
      0.7400073723042209,
      0.15494994369704654,
      0.005978050642183371,
      0.022559284814067063,
      0.07306636146230164,
      0.0034389870801804345
    ],
    [
      0.7277181698987031,
      0.16420198024160526,
      0.006322146481141781,
      0.021499391069732855,
      0.07662119778259127,
      0.0036371145262257855
    ],
    [
      0.7210981007610541,
      0.17065354803638164,
      0.006371520063570437,
      0.023451729083790385,
      0.07475942121893561,
      0.003665680836267889
    ],
    [
      0.7199118745129379,
      0.18557228104119713,
      0.00621870241373878,
      0.02433385944993792,
      0.06038537594065485,
      0.003577906641533375
    ],
    [
      0.7595174015571496,
      0.12806529937675232,
      0.03676281104746595,
      0.018729709886545678,
      0.0536536822447527,
      0.003271095887333702
    ],
    [
      0.9493296637272892,
      0.022240626423953563,
      0.0024462261394436195,
      0.004083997482317271,
      0.018781231447820325,
      0.003118254779175999
    ]
  ],
  [
    [
      0.9498619198493493,
      0.022007004339645902,
      0.002420530260267789,
      0.004041097971038281,
      0.018583947866276113,
      0.003085499713422598
    ],
    [
      0.6513637596841128,
      0.20914227457670037,
      0.05606203061219508,
      0.01990591031533644,
      0.06041623625015477,
      0.0031097885615006386
    ],
    [
      0.7482290091903697,
      0.15270175690122909,
      0.005684694151227654,
      0.027134743783317938,
      0.06297944544617388,
      0.0032703505276817273
    ],
    [
      0.6127423217356713,
      0.17564652714125267,
      0.0058626012578300015,
      0.1295469149379583,
      0.07282900510616794,
      0.0033726298211198043
    ],
    [
      0.6160442209517479,
      0.2773373822803314,
      0.006052104881676347,
      0.02299249607186157,
      0.07409220762757199,
      0.003481588186810726
    ],
    [
      0.16451678054930188,
      0.13765846772927393,
      0.0052939762339172585,
      0.16232958174172796,
      0.5263961279828242,
      0.003805065762954653
    ],
    [
      0.612745410016032,
      0.2648419866167529,
      0.005039403616789485,
      0.036708494716647055,
      0.07776577884905779,
      0.0028989261847207513
    ],
    [
      0.588039610101394,
      0.28704535670673825,
      0.005270409646024505,
      0.024655553824698802,
      0.09195722461044713,
      0.0030318451106972296
    ],
    [
      0.17373223922405345,
      0.2902312555186676,
      0.004580586793411003,
      0.03101424198122251,
      0.4971493426033162,
      0.0032923338793293152
    ],
    [
      0.5978392810436206,
      0.18625157977062706,
      0.0050258260205575086,
      0.12095545339107731,
      0.08703670554973723,
      0.0028911542243802994
    ],
    [
      0.686164822101732,
      0.19556613230862924,
      0.005045064547752155,
      0.028102748300476894,
      0.08221893919708492,
      0.0029022935443247604
    ],
    [
      0.681858436896383,
      0.18771984518813722,
      0.005420161411228248,
      0.02574862472807876,
      0.09613506201278559,
      0.003117869763387228
    ],
    [
      0.7348918791396553,
      0.15572568681117546,
      0.005438030316748077,
      0.01980512736731939,
      0.0810110801719359,
      0.003128196193165877
    ],
    [
      0.7537960973877074,
      0.14356766008108826,
      0.00513489398327118,
      0.018715735563685654,
      0.07583177128798545,
      0.002953841696262071
    ],
    [
      0.679848998449077,
      0.22228491469106298,
      0.0049703465008322945,
      0.01967093589258989,
      0.07036558073663919,
      0.002859223729798656
    ],
    [
      0.14720764737020914,
      0.1500396188740601,
      0.004802486225195946,
      0.027817101782176775,
      0.666681340317975,
      0.0034518054303830543
    ],
    [
      0.718421561630999,
      0.17209162277130108,
      0.005104075265059231,
      0.02457926620052809,
      0.07686720818272913,
      0.0029362659493834356
    ],
    [
      0.7187126803513879,
      0.17283497885600482,
      0.005030504468368899,
      0.02357307349279656,
      0.07695482059673202,
      0.0028939422347098575
    ],
    [
      0.14903001827839343,
      0.1859545115097679,
      0.004540825492611414,
      0.029803045732510813,
      0.6274164735622862,
      0.003255125424430157
    ],
    [
      0.7438940360458279,
      0.15411294046782484,
      0.005214358560653693,
      0.020674478997261,
      0.07310456844307854,
      0.002999617485353964
    ],
    [
      0.14903001827839343,
      0.1859545115097679,
      0.004540825492611414,
      0.029803045732510813,
      0.6274164735622862,
      0.003255125424430157
    ],
    [
      0.7187126803513879,
      0.17283497885600482,
      0.005030504468368899,
      0.02357307349279656,
      0.07695482059673202,
      0.0028939422347098575
    ],
    [
      0.669672891380889,
      0.20523570809136985,
      0.004951988109877329,
      0.027976873830101164,
      0.08931377329785013,
      0.002848765289912524
    ],
    [
      0.6818121469745332,
      0.2007088139922931,
      0.005258910932503775,
      0.024154600149241593,
      0.08504019699447879,
      0.0030253309569496078
    ],
    [
      0.47348230801732555,
      0.34393326039486893,
      0.005670535676023328,
      0.04237998757980855,
      0.13057486885113426,
      0.003959039480839417
    ],
    [
      0.5951285309419778,
      0.2937185980914942,
      0.006171366546385032,
      0.020011887651461214,
      0.0814194111385999,
      0.003550205630081974
    ],
    [
      0.5852750244312153,
      0.30291649745687127,
      0.005762839007601476,
      0.019374288634866177,
      0.08335613067841678,
      0.0033152197910290347
    ],
    [
      0.5975653444249349,
