[
  [
    [
      0.9360775605389511,
      0.025058242151615975,
      0.0027785191068853787,
      0.0028871575266695296,
      0.029107099169571896,
      0.004091421506306074
    ],
    [
      0.9246939672358484,
      0.029520725748138903,
      0.0032733301898847478,
      0.0034013154243139826,
      0.034290621293776614,
      0.004820040108037264
    ],
    [
      0.9345176996944223,
      0.02566972336376282,
      0.00284632163753264,
      0.0029576110953350764,
      0.029817382204375294,
      0.004191262004571767
    ],
    [
      0.9361577548583322,
      0.025026805168121922,
      0.002775033297355222,
      0.002883535424091006,
      0.029070582665715914,
      0.00408628858638365
    ],
    [
      0.9340138037716665,
      0.0258672556569307,
      0.0028682245007691357,
      0.0029803703473021245,
      0.030046831341774567,
      0.004223514381556833
    ],
    [
      0.9389604122870934,
      0.023928135137534057,
      0.002653210080320269,
      0.002756948992810413,
      0.027794391888187837,
      0.0039069016140540185
    ],
    [
      0.9363103766129218,
      0.024966975898207393,
      0.0027683992817446024,
      0.0028766420224747343,
      0.029001086310699926,
      0.004076519873951477
    ],
    [
      0.9363103766129218,
      0.024966975898207393,
      0.0027683992817446024,
      0.0028766420224747343,
      0.029001086310699926,
      0.004076519873951477
    ],
    [
      0.9352367531114961,
      0.02538784715883541,
      0.002815066515308648,
      0.0029251339166997533,
      0.02948996104686862,
      0.004145238250791354
    ],
    [
      0.9365051173552449,
      0.02489063555952412,
      0.0027599344784924756,
      0.002867846250525356,
      0.028912411063839107,
      0.004064055292373982
    ],
    [
      0.9393605848843237,
      0.023771263436009722,
      0.002635815762818757,
      0.002738874567994934,
      0.027612173193614573,
      0.0038812881552381896
    ],
    [
      0.9374920187516901,
      0.02450376024030291,
      0.0027170367979634687,
      0.0028232712965834982,
      0.028463025260369833,
      0.00400088765309013
    ],
    [
      0.929809579514263,
      0.02751535404600909,
      0.003050969676443241,
      0.0031702607490281987,
      0.031961225933456766,
      0.004492610080799602
    ],
    [
      0.9397288066292766,
      0.023626916791414872,
      0.0026198102542282146,
      0.0027222432536804686,
      0.02744450332780372,
      0.0038577197435960184
    ],
    [
      0.941106592546246,
      0.023086810790586474,
      0.0025599219813810955,
      0.0026600133855174887,
      0.0268171281578667,
      0.003769533138402255
    ],
    [
      0.9371024396215171,
      0.024656479195702588,
      0.0027339706488295487,
      0.002840867250796067,
      0.028640420217007096,
      0.004025823066147529
    ],
    [
      0.9371024396215171,
      0.024656479195702588,
      0.0027339706488295487,
      0.002840867250796067,
      0.028640420217007096,
      0.004025823066147529
    ],
    [
      0.9324920792597444,
      0.02646378704135996,
      0.0029343693579967447,
      0.0030491014285179896,
      0.030739748987764545,
      0.004320913924616282
    ],
    [
      0.9296609228516471,
      0.02757362895980599,
      0.003057431341250257,
      0.0031769750610284877,
      0.03202891678282767,
      0.004502125003440391
    ],
    [
      0.9301561426861713,
      0.02737949778088953,
      0.003035905601870857,
      0.0031546076782336912,
      0.031803418304425304,
      0.004470427948409252
    ],
    [
      0.9340138037716665,
      0.0258672556569307,
      0.0028682245007691357,
      0.0029803703473021245,
      0.030046831341774567,
      0.004223514381556833
    ],
    [
      0.9301561426861713,
      0.02737949778088953,
      0.003035905601870857,
      0.0031546076782336912,
      0.031803418304425304,
      0.004470427948409252
    ],
    [
      0.930026614001302,
      0.027430274334137496,
      0.003041535830141764,
      0.0031604580450312184,
      0.03186239922423345,
      0.004478718565153948
    ],
    [
      0.9301561426861713,
      0.02737949778088953,
      0.003035905601870857,
      0.0031546076782336912,
      0.031803418304425304,
      0.004470427948409252
    ],
    [
      0.9340138037716665,
      0.0258672556569307,
      0.0028682245007691357,
      0.0029803703473021245,
      0.030046831341774567,
      0.004223514381556833
    ],
    [
      0.9288586849012915,
      0.027888114342290146,
      0.0030923022487457387,
      0.003213209399956692,
      0.03239421603885536,
      0.004553473068860519
    ],
    [
      0.9272413104765785,
      0.028522141458995932,
      0.003162604724369986,
      0.0032862606599386953,
      0.03313068789711629,
      0.00465699478300055
    ],
    [
      0.9215515040258748,
      0.030752603078415777,
      0.0034099237577337404,
      0.0035432497182090986,
      0.03572154272075326,
      0.005021176699013207
    ],
    [
      0.930353930003165,
      0.027301963154152294,
      0.00302730837304167,
      0.00314567430294713,
      0.03171335579900846,
      0.004457768367685404
    ],
    [
      0.9358860655783243,
      0.02513331011107837,
      0.002786842825621081,
      0.002895806697783059,
      0.02919429644890653,
      0.004103678338286571
    ],
    [
      0.9237361841188501,
      0.02989618640760107,
      0.003314962185053736,
      0.003444575205362295,
      0.034726748081246955,
      0.004881344001885871
    ],
    [
      0.9162033886062582,
      0.032849118361146956,
      0.003642390494055471,
      0.003784805763588949,
      0.0381568084459288,
      0.005363488329021641
    ],
    [
      0.9131404239671851,
      0.03404983144836414,
      0.0037755284944999724,
      0.003923149379480064,
      0.03955153017829818,
      0.005559536532172504
    ],
    [
      0.9236230162718922,
      0.029940549347075122,
      0.0033198812561609768,
      0.003449686609180357,
      0.03477827908932454,
      0.004888587426366682
    ],
    [
      0.9235848463496922,
      0.029955512342252737,
      0.0033215403896207653,
      0.003451410613756863,
      0.034795659773167946,
      0.004891030531509415
    ],
    [
      0.9340138037716665,
      0.0258672556569307,
      0.0028682245007691357,
      0.0029803703473021245,
      0.030046831341774567,
      0.004223514381556833
    ],
    [
      0.9368301846643972,
      0.024763205889802676,
      0.0027458047654039504,
      0.002853164074184684,
      0.02876439158141549,
      0.004043249024796024
    ],
    [
      0.9347893577018618,
      0.025563230679969184,
      0.0028345134685927036,
      0.002945341234117768,
      0.029693682661156722,
      0.004173874254301765
    ],
    [
      0.9263012367037438,
      0.028890659876607796,
      0.0032034669468027637,
      0.003328720570601496,
      0.033558750730188984,
      0.0047171651720551485
    ],
    [
      0.936102685253775,
      0.025048393009540725,
      0.002777427009950688,
      0.0028860227294039537,
      0.02909565862424613,
      0.0040898133730834195
    ]
  ],
  [
    [
      0.9274205369267577,
      0.028451882879592022,
      0.0031548142814444517,
      0.003278165615397591,
      0.03304907708715407,
      0.004645523209654088
    ],
    [
      0.8156169286483662,
      0.09927963752173435,
      0.014339856721078468,
      0.010408980491382957,
      0.055442090483170156,
      0.004912506134267864
    ],
    [
      0.16248270972273748,
      0.09734841278496159,
      0.036552826041029586,
      0.014326634448038953,
      0.6842667807301411,
      0.005022636273091273
    ],
    [
      0.7650016655197389,
      0.10113398958923431,
      0.052842219880980514,
      0.012194163879720167,
      0.0646455063797599,
      0.004182454750566121
    ],
    [
      0.7867280965956939,
      0.11453028679473852,
      0.03095933819832078,
      0.010941070801276447,
      0.05257097851295825,
      0.00427022909701212
    ],
    [
      0.8047385494257117,
      0.09698995513410193,
      0.026673563864483434,
      0.0108851605525909,
      0.05644568537765971,
      0.004267085645452478
    ],
    [
      0.1699555073332577,
      0.09331045321998375,
      0.023386501541601924,
      0.010584092862966682,
      0.6977632700667568,
      0.005000174975433274
    ],
    [
      0.759203024782021,
      0.125741034320187,
      0.029763128413914073,
      0.010840643135355921,
      0.06937329094257658,
      0.005078878405945602
    ],
    [
      0.7984960565579294,
      0.09843709910419138,
      0.027165853060058028,
      0.011031844541356143,
      0.060506332543145705,
      0.004362814193319292
    ],
    [
      0.7718770637718237,
      0.10521548812289845,
      0.04680887478570671,
      0.01227963863023454,
      0.0595228440530035,
      0.00429609063633303
    ],
    [
      0.7811027742236915,
      0.10869921981611094,
      0.03055683963402428,
      0.01121808316012547,
      0.0633517673550964,
      0.005071315810951407
    ],
    [
      0.7632821014912198,
      0.11373428307796984,
      0.03599209987042404,
      0.011896399571458481,
      0.06981182612703694,
      0.005283289861890794
    ],
    [
      0.17706994691569386,
      0.11177256446724936,
      0.042451183092921244,
      0.014319094875956827,
      0.6491167539857156,
      0.005270456662463127
    ],
    [
      0.7027514221481669,
      0.1707084292550849,
      0.051381984564491306,
      0.012475666882047218,
      0.0584717610971822,
      0.004210736053027521
    ],
    [
      0.7989044192856484,
      0.09998206311188716,
      0.03457831565404694,
      0.01050530341272659,
      0.0518583360962389,
      0.0041715624394520635
    ],
    [
      0.6852149594770839,
      0.10740138153524814,
      0.1350346279684282,
      0.012357303867574125,
      0.055695526738908034,
      0.004296200412757554
    ],
    [
      0.7528929930050313,
      0.11031330845328555,
      0.06038190227177198,
      0.011054264442003818,
      0.06075998202162257,
      0.004597549806284753
    ],
    [
      0.7471573815141026,
      0.1125389040172407,
      0.06572786625456303,
      0.009583927059818328,
      0.060367607047696635,
      0.004624314106578703
    ],
    [
      0.7287879013490102,
      0.13455448811596463,
      0.048780062939161054,
      0.01184958110035382,
      0.07059089935910966,
      0.005437067136400613
    ],
    [
      0.734136716714882,
      0.12413021943475315,
      0.06179176889413395,
      0.009749668837409025,
      0.06544912456680649,
      0.004742501552015479
    ],
    [
      0.7393860996858848,
      0.12853426910432772,
      0.03762323670525098,
      0.012600260332577065,
      0.07616745259892113,
      0.005688681573038357
    ],
    [
      0.6286411547670725,
      0.22634677442049816,
      0.06322132693019007,
      0.009975228287880222,
      0.06696329584967776,
      0.004852219744681363
    ],
    [
      0.6256071289760716,
      0.22548526239411298,
      0.06526932602724968,
      0.010972622956451903,
      0.06776077592422355,
      0.004904883721890235
    ],
    [
      0.7424746726413071,
      0.11519583393567746,
      0.06729663607599275,
      0.009825360467611151,
      0.060478889912592065,
      0.0047286069668195365
    ],
    [
      0.6411837889337088,
      0.11185061579751886,
      0.1539093411512492,
      0.016008355656983997,
      0.07155739642805704,
      0.005490502032482155
    ],
    [
      0.8009212416812835,
      0.09761736338288442,
      0.023326182089354282,
      0.012359329462923684,
      0.06117403575918578,
      0.004601847624368302
    ],
    [
      0.9245790658104056,
      0.029565768267895462,
      0.003278324614513923,
      0.0034065051279311984,
      0.03434294168726108,
      0.004827394491992657
    ],
    [
      0.17008359978008777,
      0.12115922369022566,
      0.012455922145153382,
      0.010530503336253515,
      0.6801908993761022,
      0.005579851672177436
    ],
    [
      0.1703349173908548,
      0.09503745856032518,
      0.033061487329454395,
      0.010349978647919273,
      0.6862561821432572,
      0.004959975928189065
    ],
    [
      0.6767911896008186,
      0.20163877428894245,
      0.0391246141717698,
      0.011948799550969435,
      0.06589124206958115,
      0.004605380317918526
    ],
    [
      0.7281593202331165,
      0.12465358495260778,
      0.06305513693517596,
      0.009926734118148397,
      0.06935307256066317,
      0.004852151200288199
    ],
    [
      0.19823165790843272,
      0.13380211530190883,
      0.0353592393441963,
      0.024629389624703023,
      0.6018965065126002,
      0.006081091308158914
    ],
    [
      0.19262562413937473,
      0.12483102258344152,
      0.0288651253382891,
      0.016438687211845462,
      0.6311931234932888,
      0.006046417233760313
    ],
    [
      0.7202345278949989,
      0.13164479022027575,
      0.06224238425691362,
      0.011295589544814709,
      0.06962591287976506,
      0.004956795203231981
    ],
    [
      0.7243132835827664,
      0.13151954223826792,
      0.05709350719556273,
      0.012937547873873046,
      0.06930534009165888,
      0.004830779017871059
    ],
    [
      0.7616059401808903,
      0.10823912997320562,
      0.04240979546370833,
      0.01158649602850667,
      0.071710512579446,
      0.0044481257742430185
    ],
    [
      0.7867280965956939,
      0.11453028679473852,
      0.03095933819832078,
      0.010941070801276447,
      0.05257097851295825,
      0.00427022909701212
    ],
    [
      0.7058648681971563,
      0.19350836919980674,
      0.031614444805916665,
      0.011227530505491955,
      0.05339436822184559,
      0.00439041906978273
    ],
    [
      0.8016421510454879,
      0.10020852835813111,
      0.019122815955343823,
      0.01312361192167659,
      0.06109833939153347,
      0.0048045533278271045
    ],
    [
      0.9274205369267577,
      0.028451882879592022,
      0.0031548142814444517,
      0.003278165615397591,
      0.03304907708715407,
      0.004645523209654088
    ]
  ],
  [
    [
      0.936102685253775,
      0.025048393009540725,
      0.002777427009950688,
      0.0028860227294039537,
      0.02909565862424613,
      0.0040898133730834195
    ],
    [
      0.783674567778653,
      0.10352513543626828,
      0.04257583450681676,
      0.012451325427266742,
      0.05350741819754996,
      0.004265718653445304
    ],
    [
      0.7795707082817583,
      0.13679519754205993,
      0.0065102533556234,
      0.013448632410239915,
      0.05912382873331568,
      0.004551379677002755
    ],
    [
      0.7776583040967409,
      0.13670272241563095,
      0.006510085963251537,
      0.013402834990900702,
      0.061174840248845064,
      0.0045512122846308916
    ],
    [
      0.7810549427310828,
      0.13346297540790086,
      0.006817778719310043,
      0.011610913529797581,
      0.062287107987062856,
      0.004766281624845848
    ],
    [
      0.7840482457334775,
      0.130304562277138,
      0.006434986074196358,
      0.012657431732909313,
      0.062056208755811866,
      0.004498565426466861
    ],
    [
      0.17963625774659753,
      0.12789550141489106,
      0.006522014573150633,
      0.00926513694963278,
      0.6715624973362033,
      0.0051185919795247335
    ],
    [
      0.16591584516252605,
      0.1350834285130642,
      0.006698885829899708,
      0.00959433018464961,
      0.6774697457157173,
      0.005237764594143222
    ],
    [
      0.17096878761847173,
      0.2399527226428446,
      0.006861476271357894,
      0.010034195399511416,
      0.5668077039989025,
      0.005375114068911906
    ],
    [
      0.7553769635209531,
      0.14253326015786222,
      0.007581806490345441,
      0.012645478578389944,
      0.07656233932552887,
      0.005300151926920499
    ],
    [
      0.6078692750374876,
      0.28924024753250527,
      0.007853378707372956,
      0.01137691693678112,
      0.07817005305850865,
      0.0054901287273445
    ],
    [
      0.6043254042202987,
      0.29230689830341955,
      0.007816188807926241,
      0.011634073122060383,
      0.07845325425306501,
      0.00546418129323012
    ],
    [
      0.7317498150997195,
      0.1599635670187491,
      0.007754488299341288,
      0.012407306086880232,
      0.08270370439720316,
      0.005421119098106788
    ],
    [
      0.6623080046249109,
      0.23484278938383824,
      0.007262687571434081,
      0.010917191299057322,
      0.07959202314179428,
      0.005077303978965134
    ],
    [
      0.6669408618080491,
      0.14911049038373725,
      0.007294875117056285,
      0.010702904404994313,
      0.16085107945846766,
      0.0050997888276952934
    ],
    [
      0.6165968131396802,
      0.2827794087631903,
      0.007832355541789186,
      0.011783410733093778,
      0.07553249900071744,
      0.005475512821529025
    ],
    [
      0.1988918279288568,
      0.15234885220392408,
      0.007894903641741573,
      0.01167814243968568,
      0.6230294037514622,
      0.006156870034329745
    ],
    [
      0.7366731424758669,
      0.15964827398198886,
      0.008012870986559192,
      0.01295011105818807,
      0.07711389845539131,
      0.005601703042005664
    ],
    [
      0.7395876964427552,
      0.160371872810495,
      0.00805092036774646,
      0.013447153411525166,
      0.0729140417162226,
      0.005628315251255547
    ],
    [
      0.22447599609768057,
      0.16313427961810997,
      0.00765546115906708,
      0.015206415030306217,
      0.5835371146281574,
      0.005990733466678671
    ],
    [
      0.20429987599152305,
      0.15864934033271988,
      0.008165410556274575,
      0.01190146038452658,
      0.610607303654226,
      0.006376609080729882
    ],
    [
      0.22502417715182246,
      0.16369821327826922,
      0.007685977978464751,
      0.015312998894693914,
      0.5822877485807209,
      0.0059908841160288126
    ],
    [
      0.7079633468313181,
      0.19438038280164233,
      0.007001109604697484,
      0.012417219118143905,
      0.07334356485818182,
      0.004894376786016363
    ],
    [
      0.19485896416498494,
      0.16844691188936398,
      0.007632433332547615,
      0.015081790636553117,
      0.6080224718699079,
      0.0059574281066425115
    ],
    [
      0.7324654957722792,
      0.14035963542472796,
      0.030943020362631517,
      0.010848603238910038,
      0.07914758284083759,
      0.00623566236061373
    ],
    [
      0.9252980959976799,
      0.0292839011692842,
      0.0032470705020205114,
      0.0033740289985063126,
      0.034015531107449586,
      0.004781372225059466
    ],
    [
      0.9272413104765785,
      0.028522141458995932,
      0.003162604724369986,
      0.0032862606599386953,
      0.03313068789711629,
      0.00465699478300055
    ],
    [
      0.7179131509326822,
      0.10605769211967571,
      0.026132477934756333,
      0.013000184506206984,
      0.13250083290296683,
      0.00439566160371198
    ],
    [
      0.7497807758234984,
      0.1541181455785122,
      0.006755804071706386,
      0.016558161453643798,
      0.06806428003909883,
      0.004722833033540328
    ],
    [
      0.6442235189496761,
      0.25670265094002404,
      0.006676553165682371,
      0.016641434778755973,
      0.07108843958326622,
      0.004667402582595363
    ],
    [
      0.18772617770958147,
      0.281672552182836,
      0.007289878583155826,
      0.014581651603982749,
      0.503033354744637,
      0.0056963851758069966
    ],
    [
      0.726398182103887,
      0.1758465056150807,
      0.007492143761239987,
      0.013165954626270656,
      0.07185960606380229,
      0.005237607829719467
    ],
    [
      0.4930634845246353,
      0.2840299439853825,
      0.00712893344084921,
      0.05856430523096601,
      0.15077715391953983,
      0.006436178898627215
    ],
    [
      0.7153069782701845,
      0.1828229819828502,
      0.007168269265454116,
      0.012671030061843625,
      0.07701955190840042,
      0.00501118851126715
    ],
    [
      0.6256195708823774,
      0.2747143125548133,
      0.006859780415522968,
      0.0170408281816366,
      0.07096997761723622,
      0.004795530348413379
    ],
    [
      0.7516668482120398,
      0.1565406473649847,
      0.00653831529605705,
      0.012192666338526214,
      0.06849067896340698,
      0.004570843824985378
    ],
    [
      0.6660475384053848,
      0.24582741172377276,
      0.006614307215387613,
      0.011834430943438855,
      0.06505231276332801,
      0.00462399894868805
    ],
    [
      0.7764369242876363,
      0.13664366206994166,
      0.006509979056110883,
      0.013373585921207047,
      0.06248474328761383,
      0.0045511053774902385
    ],
    [
      0.697100730698512,
      0.10284293351583093,
      0.1289542883637298,
      0.012356086526720421,
      0.05450314018057801,
      0.004242820714628872
    ],
    [
      0.936102685253775,
      0.025048393009540725,
      0.002777427009950688,
      0.0028860227294039537,
      0.02909565862424613,
      0.0040898133730834195
    ]
  ],
  [
    [
      0.9386813135733159,
      0.024037544653394336,
      0.0026653416747255557,
      0.0027695549252335257,
      0.027921479558941895,
      0.003924765614388791
    ],
    [
      0.8010708680866452,
      0.10120254764889039,
      0.031211412649084926,
      0.011004283868423706,
      0.05124607241765488,
      0.0042648153293009285
    ],
    [
      0.785010398538897,
      0.13286243201637646,
      0.0067651381543092385,
      0.01158237718533174,
      0.05905010565331279,
      0.0047295484517727426
    ],
    [
      0.7696931695662058,
      0.1316237786087643,
      0.007053643761867777,
      0.01010129370071024,
      0.0765969232538584,
      0.004931191108593503
    ],
    [
      0.6672006257892983,
      0.23150512612315555,
      0.006996798920970594,
      0.01002550286359354,
      0.07938057779436859,
      0.004891368508613428
    ],
    [
      0.7631025946653246,
      0.14818779479638325,
      0.00672767479923984,
      0.009770027120715867,
      0.06750876362260819,
      0.0047031449957282275
    ],
    [
      0.6938796966629046,
      0.2183272797098801,
      0.006363416574478537,
      0.011959662377307691,
      0.0650214649158636,
      0.004448479759565456
    ],
    [
      0.6651672673277603,
      0.24337960682743312,
      0.006959637657906413,
      0.009724409514886984,
      0.06990385689179746,
      0.004865221780215702
    ],
    [
      0.18955067007947207,
      0.2673324385359593,
      0.007583641645105119,
      0.010951097561648785,
      0.5186763712357934,
      0.005905780942021363
    ],
    [
      0.2023307040574042,
      0.14043872700067067,
      0.007921233138444629,
      0.016214108702586254,
      0.6268979965665682,
      0.006197230534326031
    ],
    [
      0.5956551909660281,
      0.29111615221277193,
      0.007841149469634169,
      0.012702412586571022,
      0.08720360085043137,
      0.005481493914563316
    ],
    [
      0.5910247352619464,
      0.3020818321392579,
      0.00783489182815696,
      0.013456888206599892,
      0.08012441365790018,
      0.005477238906138639
    ],
    [
      0.7140413867645365,
      0.18267952407622895,
      0.008007320675105468,
      0.012982360375103166,
      0.07669153532093133,
      0.005597872788094474
    ],
    [
      0.6443975859549366,
      0.25801053927596995,
      0.0073975055258949,
      0.012840105028788547,
      0.07218269791556475,
      0.005171566298845298
    ],
    [
      0.757460174728084,
      0.14186343971254967,
      0.007422966130005066,
      0.012172699194643718,
      0.07589140130337714,
      0.00518931893134042
    ],
    [
      0.35217451056854465,
      0.1489955074491226,
      0.00777278382668222,
      0.015702289545685227,
      0.4693065868069524,
      0.006048321803012805
    ],
    [
      0.3446768606369162,
      0.17022951346415371,
      0.007602707726033814,
      0.011972723564213378,
      0.45960143679247617,
      0.005916757816206706
    ],
    [
      0.7321400759203698,
      0.16385108654895195,
      0.007746595553980636,
      0.013017279909360331,
      0.07782942658927232,
      0.005415535478064933
    ],
    [
      0.33521239604810976,
      0.47686125679718105,
      0.007541529255872976,
      0.036618490660422054,
      0.13695764654827036,
      0.006808680690143665
    ],
    [
      0.7307906266628187,
      0.16661054717326962,
      0.007746713279344797,
      0.013049488771743317,
      0.07638697090939438,
      0.005415653203429094
    ],
    [
      0.7142679561655132,
      0.17929882286328575,
      0.007834930252373053,
      0.01346740081190905,
      0.07965361257656423,
      0.0054772773303547306
    ],
    [
      0.5929450317524991,
      0.29894041042269753,
      0.008006938236077519,
      0.012826737899360473,
      0.08168339134029892,
      0.005597490349066522
    ],
    [
      0.3336455413693274,
      0.478391367756348,
      0.007636221997984561,
      0.036513250983498384,
      0.13691944623358054,
      0.006894171659261078
    ],
    [
      0.602191542106819,
      0.2901020506799972,
      0.007005201844491691,
      0.015704007729385322,
      0.08009997565845076,
      0.004897221980856027
    ],
    [
      0.7479942917473149,
      0.14209450972512558,
      0.01375778635772663,
      0.010389747986869261,
      0.0801596786435982,
      0.0056039855393653715
    ],
    [
      0.7573848780669447,
      0.10796480842050626,
      0.05764686865469694,
      0.011123039039293224,
      0.06162825840492437,
      0.004252147413634561
    ],
    [
      0.9295243351630046,
      0.027627172713858447,
      0.003063368403506618,
      0.003183144258835075,
      0.03209111202181076,
      0.004510867438984476
    ],
    [
      0.6630118047139375,
      0.211018403796309,
      0.032689270811526665,
      0.009369528025877549,
      0.07890274016481717,
      0.005008252487532064
    ],
    [
      0.1674032421617653,
      0.15050427485562756,
      0.0066745098913814985,
      0.009897926457145,
      0.6602817736412652,
      0.005238272992815464
    ],
    [
      0.7200419293511353,
      0.18313278965576082,
      0.006443916738962087,
      0.011972936622065665,
      0.07390367254491648,
      0.0045047550871595956
    ],
    [
      0.629508332511648,
      0.26378648916436914,
      0.006759733466400162,
      0.01214138614596572,
      0.08307847393137027,
      0.0047255847802467514
    ],
    [
      0.6838383908593431,
      0.20799003664382346,
      0.006820116542482345,
      0.01615879324978876,
      0.0804248605479248,
      0.004767802156637517
    ],
    [
      0.7099228926749434,
      0.18681733321227378,
      0.006933941892127983,
      0.0121669901691655,
      0.07931145698652582,
      0.0048473850649636534
    ],
    [
      0.5969433234172522,
      0.29128790362347473,
      0.0069671093451108765,
      0.016307869606920745,
      0.0836232760121175,
      0.004870517995123983
    ],
    [
      0.30196318220773405,
      0.15682194856523596,
      0.006837587893343813,
      0.023025157956746607,
      0.5059889105848824,
      0.005363212792057241
    ],
    [
      0.19385283057283026,
      0.25585409207650095,
      0.006929659140909495,
      0.01966625976256816,
      0.5182862544781119,
      0.00541090396907913
    ],
    [
      0.7755305114833434,
      0.13794105944468954,
      0.006753494893724374,
      0.009891988993255945,
      0.06516169732817773,
      0.004721247856809045
    ],
    [
      0.309855019311672,
      0.12160640427313307,
      0.007015957241786222,
      0.01770965155659518,
      0.5383492724018211,
      0.005463695214992389
    ],
    [
      0.775383256158151,
      0.10009099019175055,
      0.054125768854512306,
      0.012014606823475625,
      0.05425912158669952,
      0.00412625638541103
    ],
    [
      0.9386813135733159,
      0.024037544653394336,
      0.0026653416747255557,
      0.0027695549252335257,
      0.027921479558941895,
      0.003924765614388791
    ]
  ],
  [
    [
      0.9386813135733159,
      0.024037544653394336,
      0.0026653416747255557,
      0.0027695549252335257,
      0.027921479558941895,
      0.003924765614388791
    ],
    [
      0.7737214478245213,
      0.11462570467915816,
      0.04155563017740564,
      0.012209091975797802,
      0.05370754718320451,
      0.004180578159912569
    ],
    [
      0.7554071757284638,
      0.1332638657914242,
      0.0063256033188454595,
      0.013023025806257508,
      0.08755808920411978,
      0.004422240150889239
    ],
    [
      0.7670112899927718,
      0.14837680143912643,
      0.006728016926592878,
      0.009863630847575884,
      0.06331677367085177,
      0.004703487123081266
    ],
    [
      0.7593078766908576,
      0.1431523987948673,
      0.007316535650859145,
      0.011442276989899037,
      0.07366603610993937,
      0.005114875763577488
    ],
    [
      0.7458944270187409,
      0.16031329890897061,
      0.006768861675491617,
      0.013264818589266404,
      0.06902665612239407,
      0.004731937685136329
    ],
    [
      0.7602108802814742,
      0.1453745705380848,
      0.006753276973468071,
      0.010607049677257938,
      0.072333216191226,
      0.0047210063384889615
    ],
    [
      0.7617993079537116,
      0.130294916077003,
      0.008036047249965636,
      0.011910776428611252,
      0.08234128282007762,
      0.005617669470630861
    ],
    [
      0.2039698548544999,
      0.15255210536207267,
      0.007905454205552888,
      0.01200847885127218,
      0.6173597669421398,
      0.006204339784462562
    ],
    [
      0.19465932525577492,
      0.3022712503867678,
      0.007719277768296049,
      0.014152758506210972,
      0.4751250865207038,
      0.006072301562246418
    ],
    [
      0.7197744192417966,
      0.16010202120946054,
      0.007895069324126735,
      0.012188319845065736,
      0.0945210527672378,
      0.005519117612312526
    ],
    [
      0.23324583484922512,
      0.13453637638613142,
      0.008015863873989284,
      0.017330489739988127,
      0.6005570771119205,
      0.0063143580387455675
    ],
    [
      0.33007414830012183,
      0.46950285675635367,
      0.007760602485464819,
      0.03129148206600241,
      0.1543644449267782,
      0.007006465465279001
    ],
    [
      0.5383712130818926,
      0.24666671207440413,
      0.007603153360064428,
      0.11419878593310857,
      0.08784481989391167,
      0.005315315656618496
    ],
    [
      0.7465703397911511,
      0.1547805349472904,
      0.006935942371397429,
      0.01134823475338951,
      0.07551612884262172,
      0.00484881929414983
    ],
    [
      0.7478699132850094,
      0.14460635621555135,
      0.007785259770842105,
      0.01381272817905242,
      0.0804831716103773,
      0.005442570939167356
    ],
    [
      0.7405090770411731,
      0.15299531562017984,
      0.007759311732556444,
      0.013648499631197648,
      0.07966336496210687,
      0.005424431012786111
    ],
    [
      0.5954933865266413,
      0.16691111439259726,
      0.007793520907417308,
      0.012556225767369584,
      0.2117973824581205,
      0.005448369947854039
    ],
    [
      0.7284249925672136,
      0.16238324342662713,
      0.008312086636691762,
      0.01479016234931562,
      0.08027858866540553,
      0.005810926354746408
    ],
    [
      0.5701033946812214,
      0.181422944176549,
      0.007859329091493832,
      0.02707472545408829,
      0.2080451813043882,
      0.005494425292259174
    ],
    [
      0.5980438393255617,
      0.29327428017821155,
      0.00808177585762234,
      0.014266478589578283,
      0.080683708479964,
      0.0056499175690620795
    ],
    [
      0.7053283662108847,
      0.16654757410470597,
      0.007793345626610392,
      0.012508270125621768,
      0.10237424926513002,
      0.005448194667047122
    ],
    [
      0.21314669530906025,
      0.2843680145665029,
      0.008029685242234075,
      0.017378762622540473,
      0.4707624159903414,
      0.006314426269320877
    ],
    [
      0.7274738823286154,
      0.16039055003469083,
      0.007780900630280745,
      0.012105655959364041,
      0.08680957749472039,
      0.005439433552328507
    ],
    [
      0.620423725757219,
      0.16711730009405065,
      0.00674918833174387,
      0.015967760033203163,
      0.18502385048410797,
      0.004718175299675335
    ],
    [
      0.2935278349185785,
      0.12423954241340017,
      0.010067216213089885,
      0.015546573311811421,
      0.5506824418026566,
      0.00593639134046337
    ],
    [
      0.7779933318319059,
      0.09922404904677301,
      0.010235560883535534,
      0.009576885716647693,
      0.0974208998138752,
      0.00554927270726269
    ],
    [
      0.2721692374587465,
      0.21324012755062574,
      0.007073490988868978,
      0.009880422266128707,
      0.4920754451342958,
      0.0055612766013342215
    ],
    [
      0.7696214320697133,
      0.1400522695388878,
      0.0065470334719960836,
      0.012304759397968879,
      0.0668976645202994,
      0.004576841001134486
    ],
    [
      0.7579654259959768,
      0.14642745187982012,
      0.006859366401965935,
      0.013429475769785457,
      0.07052308680624346,
      0.004795193146208219
    ],
    [
      0.7354255923013285,
      0.16197656563172488,
      0.006941838817647382,
      0.010532120160921844,
      0.0802710215172355,
      0.004852861571141814
    ],
    [
      0.7149853668627603,
      0.17097722243730926,
      0.006772037257524575,
      0.015137943997111786,
      0.08739325292855664,
      0.004734176516737512
    ],
    [
      0.18819887909403768,
      0.15724516450844944,
      0.006969995073572721,
      0.013887477708748196,
      0.6282215848311055,
      0.005476898784086456
    ],
    [
      0.7136171670924659,
      0.17111899488748392,
      0.0068249702611225364,
      0.015165143397578056,
      0.08850255788641485,
      0.004771166474934753
    ],
    [
      0.7110232640827723,
      0.1773747851228852,
      0.007095872704033571,
      0.014821161063459997,
      0.08472439367590166,
      0.0049605233509472406
    ],
    [
      0.18679365677109516,
      0.14304123564618093,
      0.007164072375045794,
      0.01064648004202958,
      0.6467606136945508,
      0.00559394147109778
    ],
    [
      0.7679415901744161,
      0.1438890171070056,
      0.006959911824971449,
      0.009799419767185636,
      0.06654456517914045,
      0.004865495947280737
    ],
    [
      0.6969400178150513,
      0.21961713327247054,
      0.006352231344159718,
      0.012519640415482914,
      0.06013023616397123,
      0.004440740988864235
    ],
    [
      0.8006334144581284,
      0.09904799853716999,
      0.027658869717146237,
      0.011165162766351834,
      0.0571335482466291,
      0.00436100627457439
    ],
    [
      0.9389727110549361,
      0.02392331389627093,
      0.0026526754893107544,
      0.00275639349961514,
      0.027788791641102782,
      0.0039061144187642733
    ]
  ],
  [
    [
      0.9357408668283874,
      0.025190229488165804,
      0.0027931541852061845,
      0.0029023648277179924,
      0.029260412736854022,
      0.004112971933668563
    ],
    [
      0.8021077961503065,
      0.09994465228422869,
      0.027501099240068407,
      0.011313716909828457,
      0.054715633177157254,
      0.004417102238410762
    ],
    [
      0.1686009853715,
      0.1509717980664567,
      0.006741187338440443,
      0.010130805902490835,
      0.6583166211683688,
      0.0052386021527432245
    ],
    [
      0.7615853039629635,
      0.15485793872484813,
      0.006417354972445359,
      0.012173892694269745,
      0.060479198127176705,
      0.004486311518296541
    ],
    [
      0.7628411772549005,
      0.14444193827819635,
      0.006859607715113287,
      0.013495497412697148,
      0.06756634487973712,
      0.004795434459355571
    ],
    [
      0.7720028564995519,
      0.14409221880432704,
      0.005575437129666972,
      0.011717965097221152,
      0.06271387343950682,
      0.0038976490297260654
    ],
    [
      0.17066973478265426,
      0.25060148855137687,
      0.006745245621108005,
      0.012080627377955117,
      0.5545905737550231,
      0.005312329911882593
    ],
    [
      0.1773791700846676,
      0.24698292572892339,
      0.006668518540565919,
      0.012078162820086525,
      0.5516483411731792,
      0.005242881652577392
    ],
    [
      0.1825045548146677,
      0.1274585284855226,
      0.006767176854508118,
      0.012115820192387128,
      0.6658243174349158,
      0.005329602217998668
    ],
    [
      0.20409270408550845,
      0.26799451176590344,
      0.00682866182303595,
      0.023461197588990432,
      0.4922420711445589,
      0.005380853592002776
    ],
    [
      0.15037216701572156,
      0.03929653998276657,
      0.004356958295027147,
      0.004527327600554624,
      0.045646052058694556,
      0.7558009550472355
    ],
    [
      0.14941378352623433,
      0.039046087017561106,
      0.00432918961298174,
      0.004498473085054971,
      0.04535513104903221,
      0.7573573357091357
    ],
    [
      0.6293130403016748,
      0.2711803096334883,
      0.006825162195531575,
      0.012393967729941458,
      0.07551615080469969,
      0.004771369334664232
    ],
    [
      0.6014773419697999,
      0.14143510205384704,
      0.006422109332290025,
      0.012398670716920433,
      0.23377716522064,
      0.004489610706502661
    ],
    [
      0.7523215975311742,
      0.1432657754420059,
      0.006125437405686411,
      0.01797257209146724,
      0.07603240156713073,
      0.0042822159625355545
    ],
    [
      0.21047805279287238,
      0.15523720715030007,
      0.006941248459537568,
      0.013608158387467907,
      0.6082945649265337,
      0.005440768283288387
    ],
    [
      0.7508169662742257,
      0.15112023046369755,
      0.00694191856415036,
      0.01301378164915557,
      0.07325407950079138,
      0.0048530235479795165
    ],
    [
      0.739154010202982,
      0.15661523697341545,
      0.007217821319217262,
      0.013373742483869872,
      0.0785932735240063,
      0.005045915496509181
    ],
    [
      0.15969533491970522,
      0.04173294990872471,
      0.004627092419854553,
      0.004808024728314292,
      0.04847613568349657,
      0.7406604623399047
    ],
    [
      0.7410878477742537,
      0.159792596580503,
      0.007239568518955488,
      0.0137479776568101,
      0.07307082072333464,
      0.005061188746142998
    ],
    [
      0.15832484947379966,
      0.04137480293784813,
      0.00458738328983232,
      0.004766762859788064,
      0.04806011953336056,
      0.7428860819053713
    ],
    [
      0.6448799612263886,
      0.15321811072404967,
      0.006456687683778209,
      0.11139071249374764,
      0.07954072421937669,
      0.004513803652659253
    ],
    [
      0.6404767029823709,
      0.1541122690258525,
      0.006531311160500668,
      0.015724585586725088,
      0.1785892408420444,
      0.004565890402506498
    ],
    [
      0.20709992323494708,
      0.1493903121814864,
      0.006949936924754541,
      0.014743402061487318,
      0.6163823676837638,
      0.005434057913560971
    ],
    [
      0.6002151562232545,
      0.28185380751072725,
      0.007793279812688337,
      0.010890026650674305,
      0.09379971521429521,
      0.005448014588360356
    ],
    [
      0.7069194167168417,
      0.20695538221173249,
      0.006206679171490529,
      0.011653875953662915,
      0.06392574916702094,
      0.00433889677925154
    ],
    [
      0.7205559986264509,
      0.19410187529214426,
      0.00641828274345873,
      0.010767063394218311,
      0.0636699868812309,
      0.004486793062496818
    ],
    [
      0.6812003225314969,
      0.22388451409104151,
