[
  [
    [
      0.9340138037716665,
      0.0258672556569307,
      0.0028682245007691357,
      0.0029803703473021245,
      0.030046831341774567,
      0.004223514381556833
    ],
    [
      0.9207141249644886,
      0.03108086413149554,
      0.003446322145238732,
      0.0035810712606930985,
      0.03610284349068314,
      0.005074774007400883
    ],
    [
      0.92877604102057,
      0.027920511578580408,
      0.0030958945334518297,
      0.0032169421408262543,
      0.032431847951094654,
      0.0045587627754768425
    ],
    [
      0.929809579514263,
      0.02751535404600909,
      0.003050969676443241,
      0.0031702607490281987,
      0.031961225933456766,
      0.004492610080799602
    ],
    [
      0.9090535559773255,
      0.03565192499477818,
      0.003953172540829938,
      0.004107739200784016,
      0.04141248656351682,
      0.0058211207227654525
    ],
    [
      0.9087692828898052,
      0.035763362917428355,
      0.003965529049935472,
      0.004120578841936383,
      0.041541930386679034,
      0.005839315914215448
    ],
    [
      0.9042924260249935,
      0.03751833604333566,
      0.004160124757523418,
      0.004322783124220377,
      0.04358046830592503,
      0.006125861744001968
    ],
    [
      0.9225144921545255,
      0.030375102001793632,
      0.0033680655161253286,
      0.003499754844622158,
      0.03528304582989484,
      0.004959539653038458
    ],
    [
      0.9108316985849185,
      0.03495487512595518,
      0.003875881948486781,
      0.0040274265929378765,
      0.0406028088720328,
      0.005707308875668815
    ],
    [
      0.9199036641573466,
      0.03139857295692504,
      0.003481550475962843,
      0.0036176769978824076,
      0.03647188702665314,
      0.005126648385229963
    ],
    [
      0.9223492464902221,
      0.030439879971870067,
      0.0033752482556995414,
      0.003507218424977754,
      0.035358290485430134,
      0.004970116371800372
    ],
    [
      0.9223492464902221,
      0.030439879971870067,
      0.0033752482556995414,
      0.003507218424977754,
      0.035358290485430134,
      0.004970116371800372
    ],
    [
      0.9223492464902221,
      0.030439879971870067,
      0.0033752482556995414,
      0.003507218424977754,
      0.035358290485430134,
      0.004970116371800372
    ],
    [
      0.9288586849012915,
      0.027888114342290146,
      0.0030923022487457387,
      0.003213209399956692,
      0.03239421603885536,
      0.004553473068860519
    ],
    [
      0.9295000574891317,
      0.027636689807322264,
      0.0030644236820800805,
      0.003184240798163725,
      0.032102166866822684,
      0.004512421356479558
    ],
    [
      0.9229612071698147,
      0.030199985202118012,
      0.003348648137568152,
      0.00347957825828499,
      0.035079634033345984,
      0.0049309471988681595
    ],
    [
      0.921714356926533,
      0.030688763095865153,
      0.0034028450245078864,
      0.003535894210787298,
      0.03564738761075625,
      0.005010753131550276
    ],
    [
      0.9190474333713627,
      0.031734224076527935,
      0.003518768292097802,
      0.003656350008161146,
      0.03686177193420358,
      0.005181452317646685
    ],
    [
      0.924195395830613,
      0.02971617077663898,
      0.0032950016121157037,
      0.0034238341860718877,
      0.03451764591076016,
      0.004851951683800141
    ],
    [
      0.9260706584491326,
      0.028981048882216115,
      0.0032134895005643364,
      0.0033391350001648803,
      0.03366374459744278,
      0.004731923570479183
    ],
    [
      0.9357873922174642,
      0.025171991065547482,
      0.002791131864349923,
      0.002900263435337056,
      0.029239227389029697,
      0.004109994028271599
    ],
    [
      0.9386813135733159,
      0.024037544653394336,
      0.0026653416747255557,
      0.0027695549252335257,
      0.027921479558941895,
      0.003924765614388791
    ],
    [
      0.9341669029875425,
      0.025807239217367602,
      0.002861569731330628,
      0.002973455380395823,
      0.029977117574639667,
      0.0042137151087237815
    ],
    [
      0.9352815225505704,
      0.025370297086360495,
      0.0028131205203979224,
      0.002923111834562748,
      0.029469575271327392,
      0.004142372736780968
    ],
    [
      0.9298362590663188,
      0.027504895392028644,
      0.0030498099953394685,
      0.003169055725093328,
      0.031949077392599536,
      0.004490902428620183
    ],
    [
      0.9272413104765785,
      0.028522141458995932,
      0.003162604724369986,
      0.0032862606599386953,
      0.03313068789711629,
      0.00465699478300055
    ],
    [
      0.9272413104765785,
      0.028522141458995932,
      0.003162604724369986,
      0.0032862606599386953,
      0.03313068789711629,
      0.00465699478300055
    ],
    [
      0.9252980959976799,
      0.0292839011692842,
      0.0032470705020205114,
      0.0033740289985063126,
      0.034015531107449586,
      0.004781372225059466
    ],
    [
      0.92877604102057,
      0.027920511578580408,
      0.0030958945334518297,
      0.0032169421408262543,
      0.032431847951094654,
      0.0045587627754768425
    ],
    [
      0.929809579514263,
      0.02751535404600909,
      0.003050969676443241,
      0.0031702607490281987,
      0.031961225933456766,
      0.004492610080799602
    ],
    [
      0.9237361841188501,
      0.02989618640760107,
      0.003314962185053736,
      0.003444575205362295,
      0.034726748081246955,
      0.004881344001885871
    ],
    [
      0.921714356926533,
      0.030688763095865153,
      0.0034028450245078864,
      0.003535894210787298,
      0.03564738761075625,
      0.005010753131550276
    ],
    [
      0.9199027151152687,
      0.03139894499100883,
      0.0034815917280109298,
      0.0036177198628606724,
      0.03647231917320618,
      0.005126709129644605
    ],
    [
      0.9100473964365592,
      0.03526232949283046,
      0.003909973239794828,
      0.004062850833156345,
      0.04095994105603077,
      0.005757508941628354
    ],
    [
      0.9108316985849185,
      0.03495487512595518,
      0.003875881948486781,
      0.0040274265929378765,
      0.0406028088720328,
      0.005707308875668815
    ],
    [
      0.9263012367037438,
      0.028890659876607796,
      0.0032034669468027637,
      0.003328720570601496,
      0.033558750730188984,
      0.0047171651720551485
    ],
    [
      0.9344718668859695,
      0.02568769028777861,
      0.002848313853960583,
      0.0029596812062227204,
      0.02983825218543524,
      0.004194195580633311
    ],
    [
      0.9368301846643972,
      0.024763205889802676,
      0.0027458047654039504,
      0.002853164074184684,
      0.02876439158141549,
      0.004043249024796024
    ],
    [
      0.9282808542508774,
      0.02811462979574879,
      0.003117418835600937,
      0.003239308030195921,
      0.03265733137341748,
      0.004590457714159414
    ],
    [
      0.9357687082547892,
      0.025179315367701943,
      0.0027919440008660297,
      0.0029011073259006836,
      0.02924773513621595,
      0.004111189914526195
    ]
  ],
  [
    [
      0.9106805394235407,
      0.035014131044552435,
      0.0038824523895026487,
      0.0040342539342311185,
      0.04067163923485548,
      0.005716983973317637
    ],
    [
      0.6500498841257268,
      0.11439304447159143,
      0.1531710374130278,
      0.01078881891314775,
      0.06609919381766712,
      0.00549802125883917
    ],
    [
      0.6435159247713137,
      0.21342438787419907,
      0.06956699866341269,
      0.01086318373038159,
      0.057850801942335967,
      0.004778703018356927
    ],
    [
      0.2059870439481463,
      0.28470119880430844,
      0.028060353731346768,
      0.0123674167626347,
      0.4625737377916601,
      0.006310248961903638
    ],
    [
      0.5974185080300364,
      0.13295396156561695,
      0.18619159974641727,
      0.010909420534245146,
      0.06682657050431311,
      0.005699939619371059
    ],
    [
      0.5922852326844102,
      0.27321011034388404,
      0.04912984263581217,
      0.012119811947465435,
      0.06754232801783037,
      0.005712674370597695
    ],
    [
      0.5871456209364438,
      0.2844863324934287,
      0.04219352010138793,
      0.011068505666782195,
      0.06914969698036956,
      0.0059563238215877045
    ],
    [
      0.7475822313530285,
      0.1294825957722829,
      0.027086453899303985,
      0.011481431851668607,
      0.07803328631731289,
      0.0063340008064030695
    ],
    [
      0.19773097899704892,
      0.27189930178533545,
      0.043787853544149456,
      0.011843592259654683,
      0.4682272139848501,
      0.0065110594289614155
    ],
    [
      0.9165347174981705,
      0.03271923408771545,
      0.003627988608510994,
      0.003769840773013599,
      0.038005937750192675,
      0.005342281282396691
    ],
    [
      0.9223492464902221,
      0.030439879971870067,
      0.0033752482556995414,
      0.003507218424977754,
      0.035358290485430134,
      0.004970116371800372
    ],
    [
      0.9223492464902221,
      0.030439879971870067,
      0.0033752482556995414,
      0.003507218424977754,
      0.035358290485430134,
      0.004970116371800372
    ],
    [
      0.8018844737917926,
      0.10171169757682967,
      0.019382824373557827,
      0.013372200531720545,
      0.058778731555097066,
      0.0048700721710023594
    ],
    [
      0.9267513444427675,
      0.028714213094947535,
      0.003183902096593993,
      0.00330839074656018,
      0.03335379405601917,
      0.0046883555631115
    ],
    [
      0.7074300391313618,
      0.09969949406447294,
      0.03038037559262436,
      0.016768305144518166,
      0.14091559872260898,
      0.004806187344413683
    ],
    [
      0.7632862967007664,
      0.11447231522128908,
      0.040666195291829715,
      0.010805614076256598,
      0.06527153371178866,
      0.005498044998069468
    ],
    [
      0.6159947988741429,
      0.13004101018767153,
      0.17198797064892352,
      0.011530855733102405,
      0.06519643732843754,
      0.0052489272277221185
    ],
    [
      0.7212470014488138,
      0.13762203952615895,
      0.05596149204366188,
      0.010514029953565545,
      0.06912512326570766,
      0.0055303137620920295
    ],
    [
      0.6312941466866849,
      0.22552348947984988,
      0.06161662446077919,
      0.011206629805637434,
      0.06546981485312174,
      0.00488929471392685
    ],
    [
      0.1944223387256849,
      0.23441745047449372,
      0.047767897587747354,
      0.011259000506636177,
      0.5066747359578319,
      0.005458576747606015
    ],
    [
      0.7453081028740279,
      0.12305946227725936,
      0.053449721772784196,
      0.012977718346756572,
      0.06082480831946893,
      0.004380186409702967
    ],
    [
      0.7196513572882234,
      0.18160702610220908,
      0.030959338198320783,
      0.010941070801276449,
      0.05257097851295826,
      0.004270229097012121
    ],
    [
      0.7806451136950736,
      0.10378670946994138,
      0.042382484526257765,
      0.012481871373247142,
      0.0564082688290784,
      0.004295552106401701
    ],
    [
      0.1772540654681285,
      0.11431451583312471,
      0.017800329965000427,
      0.010839956451919942,
      0.673975800992278,
      0.005815331289548389
    ],
    [
      0.8012465128503663,
      0.1009287942986617,
      0.014306103628488824,
      0.0107047527279287,
      0.0675858805170719,
      0.005227955977482568
    ],
    [
      0.16544136264116518,
      0.10861782895465152,
      0.019219015906505002,
      0.010081108646172336,
      0.6912040065897059,
      0.00543667726180002
    ],
    [
      0.9176556702343097,
      0.032279809288857306,
      0.003579264113301824,
      0.0037192111794550286,
      0.037495511634883204,
      0.0052705335491928075
    ],
    [
      0.7731258637478878,
      0.10683791276994431,
      0.037745435124236774,
      0.010018868434144266,
      0.0671136966059241,
      0.00515822331786277
    ],
    [
      0.7255272643819219,
      0.12500307744949118,
      0.06522638074941972,
      0.010960091542680038,
      0.06837831986720347,
      0.004904866009283601
    ],
    [
      0.19154847865738553,
      0.12553670090542257,
      0.037154546556004704,
      0.012223955306860657,
      0.6277541120462447,
      0.005782206528081968
    ],
    [
      0.5971777436035695,
      0.12461576701586152,
      0.07249794392813812,
      0.010242619427792258,
      0.1901324283479011,
      0.0053334976767376125
    ],
    [
      0.7149898433479085,
      0.13131305521622275,
      0.06397553769303065,
      0.011370424435248948,
      0.07310243884250707,
      0.005248700465082057
    ],
    [
      0.5683373797307971,
      0.1361566607262206,
      0.1977823930671193,
      0.011466234728381113,
      0.07989911509248031,
      0.006358216655001568
    ],
    [
      0.21635065694452546,
      0.1306475741855699,
      0.016845812165908455,
      0.012980999411064792,
      0.6160508275639223,
      0.007124129729009202
    ],
    [
      0.9065780311239662,
      0.036622355750406975,
      0.004060776273769758,
      0.004219550174725163,
      0.04253971743910593,
      0.005979569238025908
    ],
    [
      0.7817166220875824,
      0.10281807415343525,
      0.02644873086916195,
      0.014615582870650077,
      0.06925471660397627,
      0.005146273415193955
    ],
    [
      0.7789589217212302,
      0.10370517293222284,
      0.04238233693419739,
      0.01244149118504345,
      0.0582166727129648,
      0.004295404514341334
    ],
    [
      0.7844880954742458,
      0.10167636168536977,
      0.04153170971761772,
      0.01221791650633903,
      0.05587663634094144,
      0.00420928027548613
    ],
    [
      0.812840423864564,
      0.09914537843941046,
      0.014339613694146772,
      0.010342489968680006,
      0.058419830925862476,
      0.004912263107336165
    ],
    [
      0.9247134044559673,
      0.02951310616145541,
      0.0032724853114986835,
      0.0034004375116930474,
      0.034281770550620504,
      0.004818796008764961
    ]
  ],
  [
    [
      0.921714356926533,
      0.030688763095865153,
      0.0034028450245078864,
      0.003535894210787298,
      0.03564738761075625,
      0.005010753131550276
    ],
    [
      0.7228492104674024,
      0.12994179502632625,
      0.06447128323761568,
      0.01151508277392247,
      0.06597372356140076,
      0.005248904933332475
    ],
    [
      0.7405170164642783,
      0.16315459882937908,
      0.008327479864421387,
      0.013951929336833186,
      0.06822715559344995,
      0.005821819911638114
    ],
    [
      0.743884409045733,
      0.16091058142997858,
      0.007895432926602991,
      0.012790768029074398,
      0.06899903675631433,
      0.005519771812296576
    ],
    [
      0.5997328779890566,
      0.3024351466372774,
      0.008160692879086271,
      0.01311656715304134,
      0.07084949778836104,
      0.005705217553177349
    ],
    [
      0.7366280957533148,
      0.16588727164856512,
      0.008327383326402383,
      0.013925517188601874,
      0.06941000870949668,
      0.0058217233736191105
    ],
    [
      0.5187815823772521,
      0.28055100253293164,
      0.007752061424825492,
      0.038730579311665056,
      0.14718601997059702,
      0.006998754382728596
    ],
    [
      0.5851179093917398,
      0.2887728995759064,
      0.026613032127485215,
      0.011446661555648803,
      0.08178637765424246,
      0.006263119694977279
    ],
    [
      0.8965217064687138,
      0.040564536626030975,
      0.004497894919979865,
      0.004673759896128806,
      0.04711886744479689,
      0.006623234644349568
    ],
    [
      0.9164827343629884,
      0.03273961200195301,
      0.0036302481614247594,
      0.0037721886730822793,
      0.03802960828410295,
      0.005345608516448495
    ],
    [
      0.9191869484497709,
      0.03167953275610857,
      0.00351270398487918,
      0.0036500485901910873,
      0.036798243707541485,
      0.0051725225115087205
    ],
    [
      0.7064868681783483,
      0.10363915177729965,
      0.12151379374842519,
      0.0112424258891095,
      0.05272728689349553,
      0.004390473513321898
    ],
    [
      0.7804105708580492,
      0.12062249552130998,
      0.009576151521153717,
      0.01181389534165269,
      0.07088203948069183,
      0.0066948472771426095
    ],
    [
      0.6942188353579964,
      0.20432492540536917,
      0.015444033404462442,
      0.015445352794377724,
      0.06530549158444446,
      0.005261361453349742
    ],
    [
      0.9328176634483893,
      0.026336154749654735,
      0.0029202171776876533,
      0.0030343959065019907,
      0.03059149414413162,
      0.004300074573634584
    ],
    [
      0.6133606540784399,
      0.1326022557382862,
      0.022751082862848424,
      0.010958864712054983,
      0.21442014148180635,
      0.005907001126564065
    ],
    [
      0.7247366901084557,
      0.17383178652375655,
      0.01571736076949202,
      0.011465580086627913,
      0.06812716122891456,
      0.006121421282753245
    ],
    [
      0.36354526609938737,
      0.2759569614355162,
      0.0076251209097184134,
      0.038096363531011715,
      0.30789213870444165,
      0.006884149319924738
    ],
    [
      0.6141047813815156,
      0.2919889030523736,
      0.0071149059400138085,
      0.016828560256466486,
      0.06498885869691026,
      0.0049739906727203015
    ],
    [
      0.7265449258539478,
      0.17683660044821178,
      0.006860034870823519,
      0.017110445428663034,
      0.06785220859463982,
      0.0047957848037139305
    ],
    [
      0.6591204257070183,
      0.25057465102601595,
      0.0065877872409721115,
      0.012010079197754398,
      0.06710159774016283,
      0.00460545908807631
    ],
    [
      0.7491845420923919,
      0.1577375165927266,
      0.006693247968511588,
      0.012478356366353449,
      0.0692271250204671,
      0.004679211959549269
    ],
    [
      0.6893155251106229,
      0.22556673259021912,
      0.006282747336894186,
      0.012915695747230563,
      0.06152708082036733,
      0.00439221839466592
    ],
    [
      0.609846108075048,
      0.11112166138626459,
      0.02708293376219381,
      0.01076019604643446,
      0.2349320095424126,
      0.006257091187646495
    ],
    [
      0.9298362590663188,
      0.027504895392028644,
      0.0030498099953394685,
      0.003169055725093328,
      0.031949077392599536,
      0.004490902428620183
    ],
    [
      0.9215992619623423,
      0.030733881484766468,
      0.00340784786169318,
      0.003541092655886498,
      0.03569979613215914,
      0.005018119903152362
    ],
    [
      0.9176050744306072,
      0.03229964335513705,
      0.00358146336302541,
      0.0037214964185151964,
      0.037518550447049166,
      0.005273771985665862
    ],
    [
      0.653867367081894,
      0.12140043725811042,
      0.14031710075248163,
      0.010697935009150731,
      0.06877888720874598,
      0.004938272689617298
    ],
    [
      0.7153069782701845,
      0.1828229819828502,
      0.007168269265454116,
      0.012671030061843625,
      0.07701955190840042,
      0.00501118851126715
    ],
    [
      0.3176101292521002,
      0.20023203383298271,
      0.007135384479580492,
      0.020883231055729378,
      0.4485663009627761,
      0.005572920416831099
    ],
    [
      0.7141527756820206,
      0.17613865140539917,
      0.008050306947038682,
      0.012639690861119945,
      0.08339086067835401,
      0.005627714426067503
    ],
    [
      0.7214604248214391,
      0.17769249444342985,
      0.007491885621783995,
      0.013095329419265079,
      0.07502251600381843,
      0.0052373496902634745
    ],
    [
      0.32047368917965835,
      0.4761987218243861,
      0.02580084788026237,
      0.04977303160810598,
      0.11974137034427,
      0.008012339163317245
    ],
    [
      0.8895522418329925,
      0.04329663718385536,
      0.0048008369043344105,
      0.0049885467291961045,
      0.05029241495051084,
      0.0070693223991106354
    ],
    [
      0.19758638482613422,
      0.12618871619059777,
      0.0400281666929886,
      0.011580621004161396,
      0.6188691133249211,
      0.0057469979611969
    ],
    [
      0.7585141193291107,
      0.12530933260507132,
      0.013441629289027111,
      0.009922465372054599,
      0.0873005068223901,
      0.005511946582346145
    ],
    [
      0.7497807758234984,
      0.1541181455785122,
      0.006755804071706386,
      0.016558161453643798,
      0.06806428003909883,
      0.004722833033540328
    ],
    [
      0.16809469316871892,
      0.15077417360543854,
      0.006713002439312717,
      0.01003236656557095,
      0.6591473012058067,
      0.0052384630151521795
    ],
    [
      0.7087538612791852,
      0.19025122367999822,
      0.02750084480809479,
      0.011244106044893646,
      0.05783311638139114,
      0.004416847806437145
    ],
    [
      0.9340138037716665,
      0.0258672556569307,
      0.0028682245007691357,
      0.0029803703473021245,
      0.030046831341774567,
      0.004223514381556833
    ]
  ],
  [
    [
      0.9190474333713627,
      0.031734224076527935,
      0.003518768292097802,
      0.003656350008161146,
      0.03686177193420358,
      0.005181452317646685
    ],
    [
      0.7374103646640849,
      0.1365441877299406,
      0.039080162151762715,
      0.010958568030500122,
      0.07004488483178645,
      0.00596183259192514
    ],
    [
      0.5187815823772521,
      0.28055100253293164,
      0.007752061424825492,
      0.038730579311665056,
      0.14718601997059702,
      0.006998754382728596
    ],
    [
      0.7283563118831875,
      0.16934861314169883,
      0.008200409435307383,
      0.013205731975034553,
      0.07515599941966095,
      0.005732934145110787
    ],
    [
      0.7231936957272956,
      0.17319158424009465,
      0.00799103610927654,
      0.01422929216641338,
      0.07580783121660849,
      0.005586560540311305
    ],
    [
      0.1843508136681935,
      0.04817613035669235,
      0.005341472579314916,
      0.00555033915829287,
      0.05596040148095541,
      0.7006208427565509
    ],
    [
      0.7309512956632968,
      0.15904271732777014,
      0.015882228139991916,
      0.011481748178520346,
      0.07629187845898697,
      0.0063501322314339905
    ],
    [
      0.7319826670867832,
      0.12828911034357818,
      0.050167624089786644,
      0.011862734689274249,
      0.07210604358999131,
      0.00559182020058652
    ],
    [
      0.9016222966171519,
      0.038565053750638074,
      0.00427618737403331,
      0.004443383718972853,
      0.044796312415206804,
      0.0062967661239970475
    ],
    [
      0.6038187894976541,
      0.12304436077891476,
      0.03987366257715757,
      0.14986363705019798,
      0.07748698439589348,
      0.005912565700182081
    ],
    [
      0.7647459346342913,
      0.12562728086882533,
      0.023666530489622667,
      0.010246999545629513,
      0.07018844372762163,
      0.005524810734009496
    ],
    [
      0.7460689373564412,
      0.1345836128686627,
      0.014416888484244066,
      0.026175208583120314,
      0.07301191323455815,
      0.005743439472973545
    ],
    [
      0.6682867105086934,
      0.13417733784894167,
      0.007053821016823123,
      0.010149789456099591,
      0.1754009728058934,
      0.00493136836354885
    ],
    [
      0.7661955125330246,
      0.13163002193896944,
      0.013792510892685772,
      0.022561320154834544,
      0.060448882125918986,
      0.005371752354566675
    ],
    [
      0.7737980302048407,
      0.11025325868612067,
      0.047782740986093426,
      0.00994784152587858,
      0.05387300271211173,
      0.004345125884954785
    ],
    [
      0.9098935641703825,
      0.035322633295518366,
      0.003916659872758641,
      0.004069798909432556,
      0.0410299886178078,
      0.005767355134100136
    ],
    [
      0.7210490706694023,
      0.13440895025225064,
      0.06251582703319754,
      0.011375380030420821,
      0.06569386403112644,
      0.0049569079836022075
    ],
    [
      0.6978031118292362,
      0.1898863539967922,
      0.014786445134931415,
      0.010957868708424221,
      0.08068270946726912,
      0.005883510863346763
    ],
    [
      0.6012601345699637,
      0.2976594406492805,
      0.006805527555968229,
      0.012735235909331313,
      0.07678198731217731,
      0.004757674003278892
    ],
    [
      0.6235083967927143,
      0.2641165028573714,
      0.006749477067045702,
      0.016046756056431147,
      0.08486040319146029,
      0.0047184640349771665
    ],
    [
      0.18578695337293827,
      0.25750108895167634,
      0.00690820722686218,
      0.014570739836736816,
      0.5298388569971624,
      0.005394153614624073
    ],
    [
      0.6795940030442442,
      0.23396352160187564,
      0.006547357742063833,
      0.01239347749250606,
      0.06292447484810804,
      0.0045771652712022345
    ],
    [
      0.7654339764223476,
      0.13386492690530374,
      0.007053475270272501,
      0.0100551955412897,
      0.07866140324378826,
      0.004931022616998226
    ],
    [
      0.7644299109701167,
      0.12286151687697533,
      0.016806120097715364,
      0.011443722703533629,
      0.07776346125256513,
      0.006695268099093827
    ],
    [
      0.7691683276857555,
      0.1055403039965699,
      0.03197739616156282,
      0.017717006340431163,
      0.07049734976962023,
      0.005099616046060396
    ],
    [
      0.9239007510513854,
      0.029831674507235766,
      0.0033078089479391,
      0.003437142280994636,
      0.03465181248639601,
      0.004870810726049112
    ],
    [
      0.9185150189973773,
      0.031942935890733014,
      0.0035419107679383953,
      0.0036803973408368017,
      0.03710420695566963,
      0.0052155300474448114
    ],
    [
      0.7327132544945091,
      0.1328424252849835,
      0.050912764219790047,
      0.009726770590937637,
      0.06890344414159152,
      0.004901341268188156
    ],
    [
      0.3586677022335689,
      0.276583916421926,
      0.007040332056722903,
      0.03669378440004259,
      0.31458214166879744,
      0.006432123218942099
    ],
    [
      0.5972295973016228,
      0.1786196408365778,
      0.007598216302625714,
      0.012444431053301175,
      0.19879645721185785,
      0.005311657294014536
    ],
    [
      0.19543523817193878,
      0.17009156961864882,
      0.007514024449562202,
      0.01196881209932258,
      0.6091110043844613,
      0.0058793512760662294
    ],
    [
      0.20303992622421285,
      0.1997265917816301,
      0.007108032886854566,
      0.020787702147165927,
      0.5637649615671956,
      0.005572785392940968
    ],
    [
      0.19168183967457506,
      0.1239910981398138,
      0.02862921254249745,
      0.016255185438759017,
      0.6333965063383985,
      0.006046157865956156
    ],
    [
      0.8993487837041877,
      0.039456293784469944,
      0.004375010246277896,
      0.0045460705058662804,
      0.045831557102031885,
      0.006442284657166203
    ],
    [
      0.732734076374472,
      0.11677232450669502,
      0.047136476618183605,
      0.010786953469681096,
      0.08686276880106582,
      0.0057074002299025125
    ],
    [
      0.19769422434871922,
      0.14570219567217535,
      0.010463404460012137,
      0.016064999293140793,
      0.6240106985456011,
      0.006064477680351341
    ],
    [
      0.6666978161993687,
      0.2434536171760386,
      0.006959771626555864,
      0.009761062430123922,
      0.06826237681904761,
      0.004865355748865154
    ],
    [
      0.2853364014956676,
      0.12825392616317605,
      0.006573132563925905,
      0.00944367301938385,
      0.5652740224292159,
      0.005118844328630661
    ],
    [
      0.7798248315598665,
      0.11083173540613445,
      0.02751751059080439,
      0.013540626813655667,
      0.0637068980424462,
      0.004578397587092787
    ],
    [
      0.9353286573015948,
      0.02535181978770163,
      0.002811071712382713,
      0.002920982919390938,
      0.029448112450384277,
      0.004139355828545589
    ]
  ],
  [
    [
      0.9241722557032276,
      0.029725241940385737,
      0.0032960074449127357,
      0.0034248793463240975,
      0.03452818277368785,
      0.00485343279146189
    ],
    [
      0.7363603685340618,
      0.1280484546402041,
      0.04897250381223279,
      0.011960235444281894,
      0.06902242312817258,
      0.005636014441046821
    ],
    [
      0.7415380212878939,
      0.16069956504326333,
      0.008051110565071377,
      0.013499190111581454,
      0.07058360754360957,
      0.005628505448580464
    ],
    [
      0.7036303780786382,
      0.19305238849720854,
      0.007835190413941493,
      0.013538579255186495,
      0.07646592626310222,
      0.005477537491923171
    ],
    [
      0.596616764391722,
      0.15924296335489782,
      0.008020758544662067,
      0.013204530822641529,
      0.21730769643714443,
      0.005607286448932094
    ],
    [
      0.1940902013224273,
      0.050721310385402354,
      0.005623666463134934,
      0.005843567615490694,
      0.05891683021845231,
      0.6848044239950924
    ],
    [
      0.7310126076654622,
      0.12956271091913493,
      0.0481054611693004,
      0.01197737132449832,
      0.07356926722682147,
      0.005772581694782735
    ],
    [
      0.9004697628955594,
      0.03901685861489338,
      0.004326284601138132,
      0.004495439717415525,
      0.04532111894032557,
      0.00637053523066795
    ],
    [
      0.21167991685766335,
      0.12282262323903914,
      0.03235895500139499,
      0.011763130019687028,
      0.6150659542223315,
      0.006309420659884063
    ],
    [
      0.7499574636285932,
      0.13420864726782042,
      0.014422342255933,
      0.01027013286882033,
      0.08525352346372464,
      0.005887890515108442
    ],
    [
      0.7435824235067475,
      0.1597027420986741,
      0.006692944315241613,
      0.012395278888067435,
      0.07294770288499004,
      0.0046789083062792934
    ],
    [
      0.761380275100406,
      0.13599794729332015,
      0.007053314907833082,
      0.0100113214638599,
      0.08062627898002213,
      0.004930862254558808
    ],
    [
      0.7233735151633675,
      0.17448271181513889,
      0.006966092168725475,
      0.010344296855109396,
      0.07996344469853377,
      0.0048699392991250505
    ],
    [
      0.7405223189420371,
      0.16609844281752562,
      0.006524198861200248,
      0.013135803818748716,
      0.06915818916308825,
      0.004561046397400022
    ],
    [
      0.7507527720206458,
      0.11105946904720645,
      0.06558169664417281,
      0.010211092518027225,
      0.05787504056262541,
      0.004519929207322295
    ],
    [
      0.9010030399853667,
      0.038807808607369126,
      0.004303104625596104,
      0.0044713534188227455,
      0.045078291080989236,
      0.006336402281856014
    ],
    [
      0.9031767755579097,
      0.03795568229914908,
      0.004208618778801922,
      0.004373173232456722,
      0.04408848003166299,
      0.006197270100019554
    ],
    [
      0.1982919011446635,
      0.12104707318914286,
      0.16686212647442922,
      0.010991050721835465,
      0.4971455810667352,
      0.005662267403193836
    ],
    [
      0.7655502666091246,
      0.12544420113177043,
      0.013765230060959203,
      0.010118066130188242,
      0.0795663250100521,
      0.005555911057905386
    ],
    [
      0.6028544889851417,
      0.29863461393378365,
      0.007038577059887555,
      0.010061914395334,
      0.07648989225768486,
      0.004920513368168152
    ],
    [
      0.1862982012468158,
      0.14277908059675531,
      0.007136490745509763,
      0.010550147700714729,
      0.6476422743985966,
      0.005593805311607787
    ],
    [
      0.7749733876320272,
      0.1379141194813749,
      0.006753446128780421,
      0.009878647234833482,
      0.06575920043111891,
      0.004721199091865093
    ],
    [
      0.7769872438109546,
      0.1356122440875782,
      0.006817618544786633,
      0.011567090864915289,
      0.06424968124144279,
      0.004766121450322438
    ],
    [
      0.7384778792574681,
      0.11977013281715933,
      0.022087226809033213,
      0.016520396152388782,
      0.0973915702327771,
      0.005752794731173476
    ],
    [
      0.9100473964365592,
      0.03526232949283046,
      0.003909973239794828,
      0.004062850833156345,
      0.04095994105603077,
      0.005757508941628354
    ],
    [
      0.9165991942444218,
      0.032693958551701235,
      0.003625185995329776,
      0.003766928579348835,
      0.037976578247284266,
      0.0053381543819139565
    ],
    [
      0.9099265709434223,
      0.03530969430698083,
      0.003915225166099738,
      0.004068308106609372,
      0.04101495897525597,
      0.005765242501631665
    ],
    [
      0.6320124881277673,
      0.13293580190954868,
      0.05575005116833041,
      0.01076988340162766,
      0.16336325305877983,
      0.005168522333946077
    ],
    [
      0.21562874494187312,
      0.1346960748414646,
      0.011637258981600946,
      0.012250693829275005,
      0.6189203044216417,
      0.006866922984144702
    ],
    [
      0.19321767728595468,
      0.1738846829831505,
      0.007489703010733726,
      0.015079812934904362,
      0.6044561043109414,
      0.005872019474315199
    ],
    [
      0.7169107974224785,
      0.17180626809302435,
      0.007346548529099773,
      0.012516571429314371,
      0.08628413162930312,
      0.0051356828967798526
    ],
    [
      0.6098393766186914,
      0.13219193320641365,
      0.014062350098861386,
      0.010414366804760745,
      0.2275716317508604,
      0.005920341520412411
    ],
    [
      0.7255820793526135,
      0.11831813229296305,
      0.041673100378256965,
      0.010859062641744499,
      0.09770433728187457,
      0.00586328805254742
    ],
    [
      0.9119928808816707,
      0.03449967993285062,
      0.0038254087934366044,
      0.0039749799679941215,
      0.04007406421600143,
      0.005632986208046456
    ],
    [
      0.9071463586841308,
      0.03639956560434691,
      0.004036072758099815,
      0.004193880766505175,
      0.042280929339121205,
      0.005943192847795979
    ],
    [
      0.6329331681741661,
      0.10837247006239502,
      0.01677440008269749,
      0.0100892779905063,
      0.22588487570225832,
      0.005945807987976817
    ],
    [
      0.7560928022645267,
      0.14786559834802254,
      0.0069821526749813114,
      0.010401422943133773,
      0.0737770493038016,
      0.004880974465534028
    ],
    [
      0.18055450265618797,
      0.12825392616317605,
      0.006573132563925905,
      0.00944367301938385,
      0.6700559212686956,
      0.005118844328630661
    ],
    [
      0.7775707878491218,
      0.11128179315483049,
      0.02767865346602882,
      0.013593340113027529,
      0.06527056765624033,
      0.004604857760751024
    ],
    [
      0.9341669029875425,
      0.025807239217367602,
      0.002861569731330628,
      0.002973455380395823,
      0.029977117574639667,
      0.0042137151087237815
    ]
  ],
  [
    [
      0.9090535559773255,
      0.03565192499477818,
      0.003953172540829938,
      0.004107739200784016,
      0.04141248656351682,
      0.0058211207227654525
    ],
    [
      0.7380522066166333,
      0.12675618522472573,
      0.045899159853259736,
      0.010788112972777542,
      0.07280456717617816,
      0.005699768156425452
    ],
    [
      0.7451219926765305,
      0.15201557767519452,
      0.007975022200566229,
      0.012653524055305064,
      0.07665865207763405,
      0.005575231314769773
    ],
    [
      0.32887293008236756,
      0.145479207372012,
      0.0075618546881413935,
      0.014864415366486684,
      0.4973207312194688,
      0.00590086127152359
    ],
    [
      0.1823988511735072,
      0.04766602683328378,
      0.005284915442767725,
      0.0054915704788701895,
      0.05536787572690576,
      0.7037907603446654
    ],
    [
      0.1940902013224273,
      0.050721310385402354,
      0.005623666463134934,
      0.005843567615490694,
      0.05891683021845231,
      0.6848044239950924
    ],
    [
      0.8989232056126341,
      0.039623124696470294,
      0.004393508865367272,
      0.00456529240979508,
      0.04602534419494779,
      0.006469524220785428
    ],
    [
      0.9014290818237196,
      0.0386407959019377,
      0.00428458584880697,
      0.004452110569040296,
      0.0448842928208496,
      0.006309133035645763
    ],
    [
      0.2051464037471464,
      0.1291714536027839,
      0.02785022335998616,
      0.012203969521061429,
      0.6193179318291485,
      0.006310017939873553
    ],
    [
      0.20481594514282478,
      0.3189055047179271,
      0.008023037433209078,
      0.015856694461726023,
      0.44613807497138924,
      0.006260743272923662
    ],
    [
      0.7061554566308895,
      0.1916624074243951,
      0.006881943846425546,
      0.011893657176911364,
      0.07859557700076023,
      0.004810957920618218
    ],
    [
      0.7337613347663694,
      0.16421653655937477,
      0.006941886885393788,
      0.010545271170817414,
      0.0796820609791565,
      0.004852909638888221
    ],
    [
      0.7050084948871328,
      0.19391904627280043,
      0.006882036496133431,
      0.011919005509552915,
      0.07746036626405431,
      0.004811050570326103
    ],
    [
      0.1736864424137966,
      0.2664212368240079,
      0.006717527125652883,
      0.013926946357274646,
      0.5339842714605572,
      0.005263575818710762
    ],
    [
      0.730310495737687,
      0.1356027292011422,
      0.028302222483906972,
      0.01031859702432685,
      0.09000628856904025,
      0.005459666983896693
    ],
    [
      0.9007212528693178,
      0.03891827200408382,
      0.004315353076885153,
      0.004484080777163234,
      0.04520660291640564,
      0.00635443835614421
    ],
    [
      0.9119928808816707,
      0.03449967993285062,
      0.0038254087934366044,
      0.0039749799679941215,
      0.04007406421600143,
      0.005632986208046456
    ],
    [
      0.9180484935659252,
      0.03212581857371225,
      0.0035621892466082767,
      0.003701468695781265,
      0.03731663943028879,
      0.00524539048768419
    ],
    [
      0.7372358218714133,
      0.11527688446874833,
      0.03531284347367401,
      0.010904948328848403,
      0.0948962943966925,
      0.006373207460623366
    ],
    [
      0.6805477721164594,
      0.22901960908926922,
      0.006569078170311883,
      0.01733442247481384,
      0.061936821058620105,
      0.0045922970905255085
    ],
    [
      0.30504835268100594,
      0.14721581538431533,
      0.006953782198993902,
      0.01975051260418904,
      0.5156205140765127,
      0.005411023054983086
    ],
    [
      0.7733668019688044,
      0.14010476895922858,
      0.006753494893724374,
      0.009891988993255945,
      0.06516169732817773,
      0.004721247856809045
    ],
    [
      0.7473422911687951,
      0.1601052131440952,
      0.00701900423671629,
      0.01060509877792375,
      0.07002146845230188,
      0.0049069242201677495
    ],
    [
      0.7221652036346258,
      0.13366762218640849,
      0.05709350719556273,
      0.012937547873873046,
      0.06930534009165888,
      0.004830779017871059
    ],
    [
      0.9001125741130748,
      0.039156880226721785,
      0.004341810539529506,
      0.004511572710625533,
      0.04548376494385258,
      0.006393397466195728
    ],
    [
      0.1966930879023018,
      0.11827074322861865,
      0.15540896674663354,
      0.011455363484097546,
      0.5116228975243989,
      0.00654894111394941
    ],
    [
      0.7609069823154461,
      0.12207962734479336,
      0.024498463833553204,
      0.010428075072796803,
      0.07628090476327598,
      0.005805946670134571
    ],
    [
