[
  [
    [
      0.9340138037716665,
      0.0258672556569307,
      0.0028682245007691357,
      0.0029803703473021245,
      0.030046831341774567,
      0.004223514381556833
    ],
    [
      0.9247134044559673,
      0.02951310616145541,
      0.0032724853114986835,
      0.0034004375116930474,
      0.034281770550620504,
      0.004818796008764961
    ],
    [
      0.9337045513154214,
      0.025988485744516693,
      0.002881666789044946,
      0.002994338220934878,
      0.03018764952687914,
      0.00424330840320287
    ],
    [
      0.9307124691607922,
      0.027161412181623566,
      0.00301172373784262,
      0.0031294803179196975,
      0.03155009490181462,
      0.0044348197000072444
    ],
    [
      0.9298362590663188,
      0.027504895392028644,
      0.0030498099953394685,
      0.003169055725093328,
      0.031949077392599536,
      0.004490902428620183
    ],
    [
      0.9320819568196667,
      0.026624559181815294,
      0.002952196165695672,
      0.003067625253636523,
      0.030926498345825,
      0.00434716423336076
    ],
    [
      0.9357873922174642,
      0.025171991065547482,
      0.002791131864349923,
      0.002900263435337056,
      0.029239227389029697,
      0.004109994028271599
    ],
    [
      0.9362188264313442,
      0.025002864494423935,
      0.002772378696968688,
      0.0028807770304318473,
      0.029042773709313574,
      0.004082379637517615
    ],
    [
      0.9352367531114961,
      0.02538784715883541,
      0.002815066515308648,
      0.0029251339166997533,
      0.02948996104686862,
      0.004145238250791354
    ],
    [
      0.9352367531114961,
      0.02538784715883541,
      0.002815066515308648,
      0.0029251339166997533,
      0.02948996104686862,
      0.004145238250791354
    ],
    [
      0.9365051173552449,
      0.02489063555952412,
      0.0027599344784924756,
      0.002867846250525356,
      0.028912411063839107,
      0.004064055292373982
    ],
    [
      0.9347893577018618,
      0.025563230679969184,
      0.0028345134685927036,
      0.002945341234117768,
      0.029693682661156722,
      0.004173874254301765
    ],
    [
      0.9229612071698147,
      0.030199985202118012,
      0.003348648137568152,
      0.00347957825828499,
      0.035079634033345984,
      0.0049309471988681595
    ],
    [
      0.9157677613991309,
      0.03301988862799008,
      0.0036613259184336304,
      0.003804481551629639,
      0.03835517140619321,
      0.005391371096622501
    ],
    [
      0.9185150189973773,
      0.031942935890733014,
      0.0035419107679383953,
      0.0036803973408368017,
      0.03710420695566963,
      0.0052155300474448114
    ],
    [
      0.9141234726465122,
      0.03366446643318172,
      0.0037327982801724485,
      0.0038787484395670733,
      0.039103898710554745,
      0.005496615490011785
    ],
    [
      0.9141784332189368,
      0.033642921333460564,
      0.0037304093068808363,
      0.003876266058861899,
      0.03907887239983401,
      0.0054930976820258435
    ],
    [
      0.9186999820681481,
      0.03187042849809344,
      0.0035338709711074546,
      0.0036720431928031158,
      0.03701998397405273,
      0.005203691295795083
    ],
    [
      0.9350355328424365,
      0.025466727537469633,
      0.0028238129643958364,
      0.0029342223466663243,
      0.02958158674788738,
      0.0041581175611442875
    ],
    [
      0.9361577548583322,
      0.025026805168121922,
      0.002775033297355222,
      0.002883535424091006,
      0.029070582665715914,
      0.00408628858638365
    ],
    [
      0.9394731475212119,
      0.02372713774499811,
      0.002630922998400628,
      0.0027337904994416476,
      0.0275609177680971,
      0.0038740834678505755
    ],
    [
      0.9347893577018618,
      0.025563230679969184,
      0.0028345134685927036,
      0.002945341234117768,
      0.029693682661156722,
      0.004173874254301765
    ],
    [
      0.9370927965618187,
      0.02466025937253945,
      0.0027343898040721663,
      0.0028413027947556415,
      0.028644811186708932,
      0.004026440280105092
    ],
    [
      0.9389604122870934,
      0.023928135137534057,
      0.002653210080320269,
      0.002756948992810413,
      0.027794391888187837,
      0.0039069016140540185
    ],
    [
      0.9321932806906336,
      0.026580919099561486,
      0.0029473572467629467,
      0.003062597135894615,
      0.030875806992686806,
      0.004340038834460476
    ],
    [
      0.933450143255374,
      0.026088216274636346,
      0.0028927251538656156,
      0.0030058289611444872,
      0.030303494302137624,
      0.004259592052841898
    ],
    [
      0.9348930124518291,
      0.025522596970637294,
      0.0028300079036341096,
      0.0029406595042891456,
      0.02964648344422863,
      0.004167239725381676
    ],
    [
      0.9374445739220508,
      0.024522359092911918,
      0.0027190990841776254,
      0.0028254142169436983,
      0.02848462927568963,
      0.004003924408226293
    ],
    [
      0.9375361490203035,
      0.02448646072910697,
      0.0027151185858994755,
      0.0028212780835857607,
      0.0284429305312616,
      0.0039980630498427285
    ],
    [
      0.9207964125635225,
      0.031048606561226724,
      0.003442745347042302,
      0.0035773546118463766,
      0.03606537381140146,
      0.005069507104960541
    ],
    [
      0.92237236080314,
      0.030430818927655395,
      0.00337424354498095,
      0.0035061744306765738,
      0.035347765377126826,
      0.004968636916420174
    ],
    [
      0.9200630501654011,
      0.03133609203130511,
      0.0034746224382896304,
      0.0036104780781183875,
      0.03639931056709055,
      0.00511644671979515
    ],
    [
      0.9212708407104643,
      0.03086262593392521,
      0.0034221233607377097,
      0.0035559263183260483,
      0.03584934283326138,
      0.005039140843285292
    ],
    [
      0.9207964125635225,
      0.031048606561226724,
      0.003442745347042302,
      0.0035773546118463766,
      0.03606537381140146,
      0.005069507104960541
    ],
    [
      0.9247134044559673,
      0.02951310616145541,
      0.0032724853114986835,
      0.0034004375116930474,
      0.034281770550620504,
      0.004818796008764961
    ],
    [
      0.9247134044559673,
      0.02951310616145541,
      0.0032724853114986835,
      0.0034004375116930474,
      0.034281770550620504,
      0.004818796008764961
    ],
    [
      0.9186999820681481,
      0.03187042849809344,
      0.0035338709711074546,
      0.0036720431928031158,
      0.03701998397405273,
      0.005203691295795083
    ],
    [
      0.9242917680526564,
      0.029678391891837148,
      0.00329081259707532,
      0.0034194813830721866,
      0.03447376279478621,
      0.0048457832805726825
    ],
    [
      0.9115300610366951,
      0.034681109988489195,
      0.0038455262012381942,
      0.003995883954296576,
      0.04028480935087005,
      0.005662609468410794
    ],
    [
      0.9337045513154214,
      0.025988485744516693,
      0.002881666789044946,
      0.002994338220934878,
      0.03018764952687914,
      0.00424330840320287
    ]
  ],
  [
    [
      0.9223492464902221,
      0.030439879971870067,
      0.0033752482556995414,
      0.003507218424977754,
      0.035358290485430134,
      0.004970116371800372
    ],
    [
      0.7996623606945803,
      0.10160424634282059,
      0.019382629872424225,
      0.013318986338753664,
      0.06116189908155257,
      0.004869877669868757
    ],
    [
      0.8142045385338444,
      0.09921134079061927,
      0.014339733094842384,
      0.010375157190402927,
      0.0569568478822592,
      0.004912382508031779
    ],
    [
      0.1828391950245001,
      0.1300595930719352,
      0.013379916162216555,
      0.011396831445810125,
      0.6563449459283791,
      0.005979518367158985
    ],
    [
      0.1710684065931953,
      0.09532376636336645,
      0.0331023201115231,
      0.010492592321050476,
      0.6850527371075376,
      0.004960177503327119
    ],
    [
      0.8022001937815736,
      0.09861621425189418,
      0.02716617728247944,
      0.011120549600177,
      0.05653372666813506,
      0.0043631384157407
    ],
    [
      0.1601921371485738,
      0.0962589778699006,
      0.036364016014933186,
      0.014022236443405691,
      0.6881812686887246,
      0.004981363834462128
    ],
    [
      0.6893947078591137,
      0.1915871744853346,
      0.04238219648209797,
      0.012403064441800988,
      0.05993759266941082,
      0.004295264062241911
    ],
    [
      0.6883674020198602,
      0.1035779050168029,
      0.13034170021529348,
      0.01237846297069017,
      0.061039355634994484,
      0.004295174142358651
    ],
    [
      0.7967654751014126,
      0.09901721307675236,
      0.02737469590241802,
      0.011111479212209199,
      0.06134636598898038,
      0.004384770718227459
    ],
    [
      0.7950162913454234,
      0.09960173952104759,
      0.027500478522011686,
      0.01114389265309461,
      0.062321116438068674,
      0.004416481520354045
    ],
    [
      0.6578061206638469,
      0.20268433463229674,
      0.0542024369422105,
      0.01314150041406897,
      0.06769215295416939,
      0.004473454393407446
    ],
    [
      0.7227968584165616,
      0.13134119536293962,
      0.056964012460381255,
      0.012899761365324594,
      0.07116744678650307,
      0.004830725608289813
    ],
    [
      0.7546381807493358,
      0.12848427786122554,
      0.02663440387851401,
      0.010288082249488096,
      0.074345946905897,
      0.005609108355539636
    ],
    [
      0.9104030222601065,
      0.03512292057669786,
      0.0038945152385990167,
      0.004046788433445234,
      0.04079800674625588,
      0.005734746744895454
    ],
    [
      0.9082189727322258,
      0.03597909005962421,
      0.0039894494024820815,
      0.004145434465827683,
      0.04179251425778502,
      0.005874539082055142
    ],
    [
      0.9141234726465122,
      0.03366446643318172,
      0.0037327982801724485,
      0.0038787484395670733,
      0.039103898710554745,
      0.005496615490011785
    ],
    [
      0.6790284431919117,
      0.21525573084165375,
      0.030340505828241982,
      0.009839240525015926,
      0.06038588954776863,
      0.005150190065408009
    ],
    [
      0.1832007409122537,
      0.10689257829440683,
      0.04638404026944444,
      0.014081312316277562,
      0.6441711135188721,
      0.00527021468874522
    ],
    [
      0.7046980604770903,
      0.10209041269367405,
      0.12253739766390943,
      0.012108607764342775,
      0.05441108979063924,
      0.004154431610344259
    ],
    [
      0.7063703879920074,
      0.1884863970374083,
      0.03595637222738226,
      0.010923973384035486,
      0.0539250568022051,
      0.004337812556961556
    ],
    [
      0.7125864261800385,
      0.18579579810092878,
      0.03118775697522089,
      0.010992687758780591,
      0.05513085776971007,
      0.004306473215321125
    ],
    [
      0.7978135925650733,
      0.10088001033252726,
      0.030924133285994387,
      0.010886481706838034,
      0.055225752539037526,
      0.004270029570529453
    ],
    [
      0.6830204451021827,
      0.18404622511250004,
      0.057693626875113806,
      0.01217150216525911,
      0.05885312824578498,
      0.00421507249915939
    ],
    [
      0.17188956092963228,
      0.0942844393167166,
      0.023484504635771935,
      0.010651325614243819,
      0.6946165994839729,
      0.005073570019662453
    ],
    [
      0.28099744190899606,
      0.1016840142622324,
      0.03854319168559543,
      0.010404261944774992,
      0.5629562282017107,
      0.00541486199669042
    ],
    [
      0.6927642643462323,
      0.1961067777946005,
      0.02805586885149589,
      0.010157853011632554,
      0.0681278750120641,
      0.004787360983974604
    ],
    [
      0.16247332144897472,
      0.08905167515200196,
      0.022163310303662066,
      0.010124608921748074,
      0.7114039802437803,
      0.004783103929832984
    ],
    [
      0.6449938163306932,
      0.24129778725685183,
      0.023826617168029335,
      0.011479204637077044,
      0.07305177782490009,
      0.005350796782448485
    ],
    [
      0.7543399020686011,
      0.11920009379362495,
      0.03655487777767188,
      0.01101738052881077,
      0.07376115547555091,
      0.005126590355740298
    ],
    [
      0.7754752524940827,
      0.11367937209434878,
      0.03231369760017624,
      0.010986880774455745,
      0.06250802910536747,
      0.005036767931569163
    ],
    [
      0.6702264794672397,
      0.1073812619930522,
      0.1448287928204993,
      0.01132619486628664,
      0.06111557364580321,
      0.005121697207118898
    ],
    [
      0.7904425605881824,
      0.10992111436936443,
      0.013979160806006637,
      0.01182156076106216,
      0.06801956799371649,
      0.005816035481667882
    ],
    [
      0.7909083119025885,
      0.10930724102008776,
      0.014147052056885049,
      0.01167876238120869,
      0.06820364058971572,
      0.005754992049514299
    ],
    [
      0.752290643041488,
      0.11972586107579875,
      0.031231956606503092,
      0.022944226953202324,
      0.06820078409300803,
      0.005606528229999893
    ],
    [
      0.9120506015050134,
      0.034477052865281584,
      0.003822899848906778,
      0.003972372925247741,
      0.040047781115388724,
      0.005629291740161739
    ],
    [
      0.7343411052190069,
      0.11696132728729552,
      0.04727370843106156,
      0.010826997654204626,
      0.08488940457782124,
      0.00570745683061025
    ],
    [
      0.19805770085308022,
      0.12651659105159016,
      0.040145979059863966,
      0.01167225985800395,
      0.6178603416907136,
      0.005747127486748054
    ],
    [
      0.2008382353218326,
      0.12474985378702258,
      0.02902076544178105,
      0.011965432634400624,
      0.6267852530394346,
      0.006640459775528549
    ],
    [
      0.9071463586841308,
      0.03639956560434691,
      0.004036072758099815,
      0.004193880766505175,
      0.042280929339121205,
      0.005943192847795979
    ]
  ],
  [
    [
      0.9223492464902221,
      0.030439879971870067,
      0.0033752482556995414,
      0.003507218424977754,
      0.035358290485430134,
      0.004970116371800372
    ],
    [
      0.9223492464902221,
      0.030439879971870067,
      0.0033752482556995414,
      0.003507218424977754,
      0.035358290485430134,
      0.004970116371800372
    ],
    [
      0.9199036641573466,
      0.03139857295692504,
      0.003481550475962843,
      0.0036176769978824076,
      0.03647188702665314,
      0.005126648385229963
    ],
    [
      0.7991477749844306,
      0.10082730892699485,
      0.014305919926365571,
      0.01065449307106204,
      0.06983673081578755,
      0.005227772275359316
    ],
    [
      0.799763085948393,
      0.09983127281452242,
      0.02750089400803372,
      0.011257566814996393,
      0.057230283407678356,
      0.0044168970063760745
    ],
    [
      0.7305334339669458,
      0.13814347468911417,
      0.034775882807368326,
      0.010028909007124236,
      0.08119017177852014,
      0.005328127750927304
    ],
    [
      0.760656525135134,
      0.13723677807693005,
      0.007693880982443547,
      0.014722502384580331,
      0.07431165278582928,
      0.005378660635082825
    ],
    [
      0.7825129447905228,
      0.1302303221400798,
      0.006434851689599011,
      0.012620665017145326,
      0.06370278532078351,
      0.004498431041869515
    ],
    [
      0.773632480482795,
      0.13275580346138577,
      0.006568812739556048,
      0.01726180241754854,
      0.06518906923894496,
      0.004592031659769672
    ],
    [
      0.16591584516252605,
      0.1350834285130642,
      0.006698885829899708,
      0.00959433018464961,
      0.6774697457157173,
      0.005237764594143222
    ],
    [
      0.1772876430536075,
      0.2698259412702629,
      0.0071371814722349875,
      0.01338790011854762,
      0.5268032351810192,
      0.005558098904327791
    ],
    [
      0.7476454505147323,
      0.15300072933605238,
      0.006952517734173165,
      0.010569009195046502,
      0.07697206174183693,
      0.004860231478158771
    ],
    [
      0.7222960245758109,
      0.17632206674445117,
      0.006859637159761666,
      0.017001634375491126,
      0.07272525005183308,
      0.004795387092652077
    ],
    [
      0.7558026292330849,
      0.14158966723836552,
      0.014418457206946013,
      0.010482574088000036,
      0.07188710616175063,
      0.00581956607185284
    ],
    [
      0.439590585525951,
      0.11450069543989876,
      0.31418085709885685,
      0.02171548477728454,
      0.10197644819519483,
      0.008035928962814055
    ],
    [
      0.8941416115969194,
      0.04149755786464604,
      0.004601350594282008,
      0.00478126062484358,
      0.04820264425385506,
      0.006775575065453839
    ],
    [
      0.8995473843382693,
      0.03937844032921634,
      0.004366377664963917,
      0.004537100395834113,
      0.04574112425247087,
      0.006429573019245333
    ],
    [
      0.5920141771487302,
      0.28008486132940574,
      0.024491085545057766,
      0.01089417124313781,
      0.08666942359603255,
      0.005846281137635988
    ],
    [
      0.723958944801445,
      0.1789501260376675,
      0.006843262860722668,
      0.01642044170147659,
      0.06904314891145763,
      0.0047840756872307155
    ],
    [
      0.7285873442250871,
      0.17591716038593508,
      0.006871830349275462,
      0.016241759696771545,
      0.06757787443298309,
      0.004804030909947727
    ],
    [
      0.6914431428402634,
      0.2245972797551737,
      0.006435126977345257,
      0.012695981880233784,
      0.060329762217368035,
      0.004498706329615761
    ],
    [
      0.7730072379790248,
      0.1364778181142102,
      0.006509678856325478,
      0.013291453292912252,
      0.06616300657982244,
      0.004550805177704832
    ],
    [
      0.7815044517276512,
      0.13230343949333173,
      0.006434940577735118,
      0.012644984209221822,
      0.06261366406205457,
      0.0044985199300056206
    ],
    [
      0.7807360047996817,
      0.13257295688638934,
      0.006387733960070456,
      0.012564864440779913,
      0.06327294760349962,
      0.004465492309578876
    ],
    [
      0.753511664638061,
      0.14991816300364733,
      0.0069821085431062465,
      0.010389348760982872,
      0.07431778472054361,
      0.004880930333658963
    ],
    [
      0.17019304222285436,
      0.14479667050751843,
      0.006734541071262373,
      0.010226695809105683,
      0.6627802364518254,
      0.005268813937433847
    ],
    [
      0.16544105457834082,
      0.23224869360782843,
      0.006648186207720387,
      0.012400096447151544,
      0.5780509122617432,
      0.005211056897215597
    ],
    [
      0.6926042869342743,
      0.21135229582374723,
      0.007193800809103915,
      0.01179355024597994,
      0.07202716320860275,
      0.005028902978291929
    ],
    [
      0.1830842596997804,
      0.12237664627577971,
      0.007382979778795996,
      0.010619881637587002,
      0.6707713610932547,
      0.005764871514802254
    ],
    [
      0.185707160963924,
      0.2563719727290812,
      0.007528652975197285,
      0.010648901891173651,
      0.5338927667660637,
      0.00585054467456017
    ],
    [
      0.6323627447825758,
      0.26867836995612876,
      0.007793727075807821,
      0.011484227392814475,
      0.07423243458231482,
      0.005448496210358367
    ],
    [
      0.16905569866980466,
      0.04417908017111937,
      0.004898304275710852,
      0.00508984172941281,
      0.05131751025104327,
      0.7254595649029091
    ],
    [
      0.6160097869890102,
      0.270033310693149,
      0.02274164280992085,
      0.010995098707588665,
      0.07414842424554258,
      0.0060717365547887075
    ],
    [
      0.9182290717613482,
      0.03205503009651453,
      0.003554340047320828,
      0.0036933125975399644,
      0.03723441310278384,
      0.0052338323944926156
    ],
    [
      0.9014290818237196,
      0.0386407959019377,
      0.00428458584880697,
      0.004452110569040296,
      0.0448842928208496,
      0.006309133035645763
    ],
    [
      0.20917825288240377,
      0.3032551089031592,
      0.017101339708130547,
      0.012452939734805676,
      0.45109685649575343,
      0.006915502275747366
    ],
    [
      0.7282265688743637,
      0.15389176897268442,
      0.014112895078220949,
      0.0104770680036898,
      0.08741679457631076,
      0.005874904494730436
    ],
    [
      0.7005876365434676,
      0.19556822442588578,
      0.0076541102299623265,
      0.013193327812311945,
      0.07764597013090503,
      0.005350730857467322
    ],
    [
      0.19823165790843272,
      0.13380211530190883,
      0.0353592393441963,
      0.024629389624703023,
      0.6018965065126002,
      0.006081091308158914
    ],
    [
      0.9162033886062582,
      0.032849118361146956,
      0.003642390494055471,
      0.003784805763588949,
      0.0381568084459288,
      0.005363488329021641
    ]
  ],
  [
    [
      0.9223492464902221,
      0.030439879971870067,
      0.0033752482556995414,
      0.003507218424977754,
      0.035358290485430134,
      0.004970116371800372
    ],
    [
      0.9223492464902221,
      0.030439879971870067,
      0.0033752482556995414,
      0.003507218424977754,
      0.035358290485430134,
      0.004970116371800372
    ],
    [
      0.9223492464902221,
      0.030439879971870067,
      0.0033752482556995414,
      0.003507218424977754,
      0.035358290485430134,
      0.004970116371800372
    ],
    [
      0.9223492464902221,
      0.030439879971870067,
      0.0033752482556995414,
      0.003507218424977754,
      0.035358290485430134,
      0.004970116371800372
    ],
    [
      0.9247134044559673,
      0.02951310616145541,
      0.0032724853114986835,
      0.0034004375116930474,
      0.034281770550620504,
      0.004818796008764961
    ],
    [
      0.9340138037716665,
      0.0258672556569307,
      0.0028682245007691357,
      0.0029803703473021245,
      0.030046831341774567,
      0.004223514381556833
    ],
    [
      0.7626932270514319,
      0.12552802131128313,
      0.023666350816521277,
      0.010197842201857992,
      0.07238992755799759,
      0.005524631060908104
    ],
    [
      0.7810470651157583,
      0.1301594388982863,
      0.0064347233814319674,
      0.012585560771561692,
      0.06527490909925941,
      0.004498302733702471
    ],
    [
      0.18868109241113334,
      0.12526983838518288,
      0.006911845173557398,
      0.010500673104781949,
      0.6632653299240894,
      0.005371221001255006
    ],
    [
      0.17241684625329318,
      0.2579524006065055,
      0.006840416664960462,
      0.01020618994523465,
      0.5472357209669073,
      0.005348425563098986
    ],
    [
      0.18206558491559066,
      0.16262510371287991,
      0.007090947475092107,
      0.014959684523783172,
      0.6277365853155986,
      0.005522094057055487
    ],
    [
      0.18147506265644509,
      0.27726855273779677,
      0.0070580735532436755,
      0.01484486817996549,
      0.5138315111009172,
      0.005521931771631883
    ],
    [
      0.19240404898165547,
      0.15698192585628562,
      0.006850389888921822,
      0.023069870550899933,
      0.6153304887318404,
      0.005363275990396792
    ],
    [
      0.7624919856773925,
      0.13969417743944543,
      0.007383716614307001,
      0.011656845159275876,
      0.07361148232130175,
      0.00516179278827748
    ],
    [
      0.6506479673674374,
      0.1244996688232202,
      0.1390999794182155,
      0.009924198573166348,
      0.07031559215397737,
      0.005512593663983248
    ],
    [
      0.8977669165852389,
      0.04007640167854452,
      0.004443769324492228,
      0.004617518022531336,
      0.04655186069952501,
      0.006543533689668
    ],
    [
      0.5799817376867443,
      0.13542372812812734,
      0.18367826262930478,
      0.011702707655503982,
      0.08295195076428863,
      0.006261613136030921
    ],
    [
      0.577344764514587,
      0.31034470131144154,
      0.014786445134931417,
      0.010957868708424223,
      0.08068270946726912,
      0.005883510863346764
    ],
    [
      0.6204824816349722,
      0.28036659348227566,
      0.006752955683389808,
      0.012665515766452523,
      0.07501150014615293,
      0.004720953286756911
    ],
    [
      0.1962128519803077,
      0.16287252741298075,
      0.007405584606378772,
      0.015156571004415214,
      0.6125656659582169,
      0.005786799037700624
    ],
    [
      0.7397045872154933,
      0.16285467559546,
      0.006683319251815442,
      0.012442672603863326,
      0.07364256088276934,
      0.0046721844505987304
    ],
    [
      0.17492057024690297,
      0.1314997291746265,
      0.006617405745442668,
      0.009954422058440176,
      0.6718239576351437,
      0.005183915139443915
    ],
    [
      0.7627390585895155,
      0.14580781556567785,
      0.006959637657906412,
      0.009724409514886982,
      0.06990385689179744,
      0.004865221780215701
    ],
    [
      0.19338521359746558,
      0.1539814527979902,
      0.007027402240503171,
      0.024266022032367256,
      0.6158595634988282,
      0.005480345832845562
    ],
    [
      0.6050435737468115,
      0.2907280868704267,
      0.006827859990514264,
      0.011819188101020943,
      0.08080820735867511,
      0.00477308393255147
    ],
    [
      0.6488470448628668,
      0.1682804221872863,
      0.00642113946328679,
      0.0157064606250048,
      0.15625611354826546,
      0.004488819313289767
    ],
    [
      0.7489832507580714,
      0.14159981914359074,
      0.007352678153694929,
      0.011988676418684003,
      0.0849356257117372,
      0.00513994981422183
    ],
    [
      0.3014382074740279,
      0.13512858799434466,
      0.007386613339854144,
      0.015085983405342186,
      0.5351634634573035,
      0.005797144329127612
    ],
    [
      0.625642040840424,
      0.270639923222948,
      0.008027586458961945,
      0.010727457644850587,
      0.07935120708158828,
      0.005611784751227271
    ],
    [
      0.5880657988409618,
      0.29693131901670605,
      0.008233208235459461,
      0.01080724600930094,
      0.09020686911439975,
      0.005755558783172091
    ],
    [
      0.18063989369619293,
      0.04720636103071514,
      0.005233950530021715,
      0.005438612694904661,
      0.054833937391295266,
      0.7066472446568702
    ],
    [
      0.7548100221153505,
      0.13637049648917346,
      0.015081837623663382,
      0.013770959416761833,
      0.07392215275823223,
      0.006044531596818461
    ],
    [
      0.7680961371569893,
      0.11554361460061285,
      0.03763383018683145,
      0.01081942583348786,
      0.06286942298346376,
      0.005037569238614776
    ],
    [
      0.9019547530702335,
      0.038434727461835155,
      0.00426173647674461,
      0.0044283678003236675,
      0.04464492828420365,
      0.006275486906659332
    ],
    [
      0.19859517533419155,
      0.12067579863754252,
      0.04138622860752892,
      0.011838327678036012,
      0.621401399238083,
      0.006103070504617983
    ],
    [
      0.7202840574571671,
      0.14523326858176616,
      0.013966796506586472,
      0.010654362999042924,
      0.10398140162338744,
      0.0058801128320500355
    ],
    [
      0.20707619815682796,
      0.1835194257702217,
      0.007499571211816443,
      0.023514267134189845,
      0.5725368139696049,
      0.005853723757339296
    ],
    [
      0.49059071055940245,
      0.2756908324927518,
      0.007124573149694223,
      0.037175097013518656,
      0.1829865444656016,
      0.006432242319031341
    ],
    [
      0.7168197708482658,
      0.1386729030523019,
      0.05395956142760066,
      0.010295931475509081,
      0.07504488346793128,
      0.0052069497283912785
    ],
    [
      0.9199027151152687,
      0.03139894499100883,
      0.0034815917280109298,
      0.0036177198628606724,
      0.03647231917320618,
      0.005126709129644605
    ]
  ],
  [
    [
      0.9247134044559673,
      0.02951310616145541,
      0.0032724853114986835,
      0.0034004375116930474,
      0.034281770550620504,
      0.004818796008764961
    ],
    [
      0.7989477924663525,
      0.10156969308898169,
      0.019382567326404133,
      0.013301874171225999,
      0.06192825782318705,
      0.0048698151238486635
    ],
    [
      0.9247134044559673,
      0.02951310616145541,
      0.0032724853114986835,
      0.0034004375116930474,
      0.034281770550620504,
      0.004818796008764961
    ],
    [
      0.8115221511492768,
      0.0990816327955925,
      0.014339498305988609,
      0.010310920550029676,
      0.05983364947993445,
      0.0049121477191780005
    ],
    [
      0.810879489408675,
      0.09905055661087231,
      0.014339442053929596,
      0.010295530367630895,
      0.06052289009177326,
      0.0049120914671189906
    ],
    [
      0.9298362590663188,
      0.027504895392028644,
      0.0030498099953394685,
      0.003169055725093328,
      0.031949077392599536,
      0.004490902428620183
    ],
    [
      0.7741585768188562,
      0.11066371572979039,
      0.024659611990043472,
      0.010380860771592641,
      0.07474015056319087,
      0.005397084126526375
    ],
    [
      0.7711897235177161,
      0.13469631523305714,
      0.006568770805852756,
      0.017250329640308402,
      0.06570287107699929,
      0.004591989726066381
    ],
    [
      0.18808440035321325,
      0.2368044336627697,
      0.006878627783737028,
      0.010384657155485545,
      0.5524768240245272,
      0.005371057020267193
    ],
    [
      0.6306336953377559,
      0.25712538249068817,
      0.007123536333104749,
      0.010417549523758491,
      0.08972009136679363,
      0.004979744947899107
    ],
    [
      0.18982612031441679,
      0.2915299701126132,
      0.007219191864029346,
      0.013141702247802315,
      0.4926574144093808,
      0.005625601051757568
    ],
    [
      0.7305666936475317,
      0.15719238418091236,
      0.007123536333104747,
      0.010417549523758488,
      0.0897200913667936,
      0.004979744947899106
    ],
    [
      0.5967747060255212,
      0.3002397550614479,
      0.00703820346088575,
      0.009959700238501264,
      0.08106749544447747,
      0.004920139769166347
    ],
    [
      0.1929367809220382,
      0.16578850907579634,
      0.006662109018614758,
      0.010173470017403471,
      0.6192076515903231,
      0.005231479375824228
    ],
    [
      0.189807989902541,
      0.12512065497131306,
      0.01589358575860201,
      0.011415686284993436,
      0.6514863129106845,
      0.006275770171865965
    ],
    [
      0.9010402439852353,
      0.038793224263505274,
      0.004301487477919028,
      0.004469673041647712,
      0.04506135023012668,
      0.006334021001565925
    ],
    [
      0.2017755719938038,
      0.13145752428408883,
      0.018952774948552912,
      0.016746815215171833,
      0.6245896920781251,
      0.0064776214802574
    ],
    [
      0.3038047087129593,
      0.4928010118243634,
      0.01693627983026669,
      0.0337878255692351,
      0.1458647938550309,
      0.006805380208144569
    ],
    [
      0.6105713541581113,
      0.28937996097978297,
      0.006989812814861562,
      0.012231050953603786,
      0.07594128232021079,
      0.004886538773429628
    ],
    [
      0.7245781726139681,
      0.17185336097585163,
      0.006823581175890594,
      0.011600883115683108,
      0.08037370701616038,
      0.004770295102446199
    ],
    [
      0.7549896857719416,
      0.14502988464059097,
      0.0068318165089620905,
      0.012450228770956149,
      0.07592241266225808,
      0.004775971645291169
    ],
    [
      0.7529795257296426,
      0.1483126800746647,
      0.006918716477545186,
      0.009852989799606176,
      0.07709945055810337,
      0.0048366373604379585
    ],
    [
      0.3150868230814163,
      0.18018728640545745,
      0.007307632033413514,
      0.011065496266226308,
      0.48061438024433883,
      0.005738381969147708
    ],
    [
      0.18534600679553775,
      0.16242978505814015,
      0.007174775043430108,
      0.01382902247469982,
      0.625592717662005,
      0.005627692966187153
    ],
    [
      0.6387271259044215,
      0.2572245556088365,
      0.006809806122134387,
      0.011024305364282746,
      0.0814537438053403,
      0.0047604631949844855
    ],
    [
      0.66205096946173,
      0.23646912183836222,
      0.006510270945937337,
      0.014566340717509455,
      0.07585216001194325,
      0.0045511370245176356
    ],
    [
      0.6727440041260995,
      0.1434579648715466,
      0.006844022633746411,
      0.09432668773472495,
      0.07784286771882874,
      0.004784452915053806
    ],
    [
      0.6856427601270874,
      0.12966344637096228,
      0.007096843745205604,
      0.012344968953711512,
      0.16029082534721098,
      0.004961155455822314
    ],
    [
      0.18905727609288478,
      0.14829661482723852,
      0.007317339325411709,
      0.011179542745852531,
      0.6384064501468889,
      0.005742776861723558
    ],
    [
      0.1941753858581628,
      0.13387766813776514,
      0.007053126635873142,
      0.01384962020662852,
      0.6455328143623075,
      0.005511384799262907
    ],
    [
      0.17119313341260478,
      0.044737652887719366,
      0.00496023537783927,
      0.005154194511563323,
      0.051966336822331004,
      0.7219884469879423
    ],
    [
      0.19055258533437902,
      0.12169054165927111,
      0.015622763795726833,
      0.011379521430285403,
      0.6544634639822061,
      0.006291123798131516
    ],
    [
      0.9162613168486449,
      0.03282640990481484,
      0.0036398725249407625,
      0.003782189343401865,
      0.03813043080593125,
      0.0053597805722663955
    ],
    [
      0.7735897551073597,
      0.1135895188136946,
      0.026188192296372894,
      0.00968084543085502,
      0.07145807710187323,
      0.005493611249844521
    ],
    [
      0.6754274698563011,
      0.2197746520880441,
      0.013033666749164416,
      0.012141446846041393,
      0.07418014381171975,
      0.005442620648729278
    ],
    [
      0.27861032573515343,
      0.1489387553485053,
      0.006792501372134657,
      0.024154279897735022,
      0.5361732628601058,
      0.005330874786365829
    ],
    [
      0.18452658136856032,
      0.2548301432665755,
      0.007111883548776065,
      0.011225280769706004,
      0.5367407508542906,
      0.005565360192091456
    ],
    [
      0.576581708142942,
      0.3268834811659669,
      0.007049437463262,
      0.012284699104773278,
      0.0722726677482553,
      0.0049280063748006146
    ],
    [
      0.6498995171527041,
      0.12317654052585587,
      0.06002431738170676,
      0.010649067992272285,
      0.15131235332924003,
      0.004938203618220958
    ],
    [
      0.921714356926533,
      0.030688763095865153,
      0.0034028450245078864,
      0.003535894210787298,
      0.03564738761075625,
      0.005010753131550276
    ]
  ],
  [
    [
      0.9344718668859695,
      0.02568769028777861,
      0.002848313853960583,
      0.0029596812062227204,
      0.02983825218543524,
      0.004194195580633311
    ],
    [
      0.8003897622940612,
      0.10163942015984298,
      0.01938269354174684,
      0.01333640583424548,
      0.06038177683091214,
      0.004869941339191376
    ],
    [
      0.7747638991249977,
      0.11235490411569753,
      0.010002775493961533,
      0.011003241726803748,
      0.08554550807187276,
      0.006329671466666807
    ],
    [
      0.7714794915334896,
      0.12459932416428984,
      0.00780429811233742,
      0.014886304654727124,
      0.07577461553969476,
      0.00545596599546124
    ],
    [
      0.19653645280398563,
      0.13242380285177976,
      0.007667567943976673,
      0.010897623908672438,
      0.646516056469887,
      0.00595849602169842
    ],
    [
      0.7682272146111749,
      0.11106874968566814,
      0.010172993124956736,
      0.010677540803259448,
      0.09359671269726902,
      0.006256789077671703
    ],
    [
      0.21039778727622513,
      0.11992484133089483,
      0.008007621213310051,
      0.011200659257897214,
      0.6441961147078146,
      0.006272976213858166
    ],
    [
      0.6729209176531302,
      0.23571838325633168,
      0.006546947107302957,
      0.01228113060280261,
      0.06795586674399125,
      0.004576754636441359
    ],
    [
      0.7101141866918559,
      0.17682553920769942,
      0.006911789677699133,
      0.012630870536762736,
      0.08868580985044534,
      0.004831804035537506
    ],
    [
      0.1769648521083342,
      0.26524437122617334,
      0.0057316096876901075,
      0.019983312638344384,
      0.527556638556963,
      0.004519215782494979
    ],
    [
      0.7220038980057266,
      0.16793605293718136,
      0.005815760213909821,
      0.014903068136748984,
      0.08527560323792586,
      0.004065617468507342
    ],
    [
      0.6467350528738965,
      0.24000211095636828,
      0.0055483660712850845,
      0.022689898014226433,
      0.08114591386324939,
      0.0038786582209743557
    ],
    [
      0.6081524118271049,
      0.2777276995166701,
      0.006911701207838258,
      0.012606665781956823,
      0.0897698061007533,
      0.004831715565676632
    ],
    [
      0.6738151317872896,
      0.23002375120872576,
      0.006521203171898774,
      0.00926622405750938,
      0.07581495285833798,
      0.004558736916238497
    ],
    [
      0.6313034056154407,
      0.25731519828678323,
      0.015103461975103852,
      0.010587212704749901,
      0.07947691518187004,
      0.006213806236052189
    ],
    [
      0.741275736817797,
      0.13116146945321921,
      0.03265098387789689,
      0.011169150151785304,
      0.07759049285929591,
      0.006152166840005616
    ],
    [
      0.8979718024643661,
      0.03999608434372587,
      0.004434863542192837,
      0.004608264029520149,
      0.04645856586202376,
      0.006530419758171213
    ],
    [
      0.6943402394730267,
      0.15362518446772488,
      0.05045667636427616,
      0.0105035134480339,
      0.08525380245647211,
      0.005820583790466372
    ],
    [
      0.589446046696798,
      0.2972014405900098,
      0.015154526080574979,
      0.010972323881006442,
      0.08117375730514063,
      0.006051905446470097
    ],
    [
      0.7268923828501753,
      0.16900913534040718,
      0.006812771984702572,
      0.012187831060034586,
      0.08033514025611882,
      0.004762738508561478
    ],
    [
      0.743836406196118,
      0.16092748219890454,
      0.006811588331052957,
      0.009951916778245942,
      0.0737107365539003,
      0.00476186994177831
    ],
    [
      0.1695591603767099,
      0.13714182286765386,
      0.006071916795272758,
      0.012513200856818524,
      0.6699757045548812,
      0.004738194548663708
    ],
    [
      0.7494083829890359,
      0.15207609858985277,
      0.005873940213018342,
      0.013443977325354822,
      0.07509133077043201,
      0.004106270112306082
    ],
    [
      0.7349176871101157,
      0.15869710964536993,
      0.0060531938981832605,
      0.013384224035066462,
      0.08271622438224796,
      0.004231560929016688
    ],
    [
      0.16976599561489994,
      0.15393104067781327,
      0.005759126184654824,
      0.011062093640604358,
      0.6549427161886522,
      0.004539027693375414
    ],
    [
      0.2972152607637528,
      0.5467154130741888,
      0.005835355122096905,
      0.028684555856799604,
      0.11621817187400986,
      0.0053312433091519855
    ],
    [
      0.6912143760350639,
      0.21582986390725348,
      0.006212664410859339,
      0.010904259395794681,
      0.07149574711449902,
      0.004343089136529638
    ],
    [
      0.6866915061011951,
