{
  "prediction": [
    [
      [
        0.9552717656185792,
        0.015298869000580443,
        0.0022150554636925788,
        0.002926161626533597,
        0.021155909826105088,
        0.0031322384645090773
      ],
      [
        0.9472809523139076,
        0.01803205101965531,
        0.0026107807793605805,
        0.003448927874302962,
        0.02493546714708652,
        0.0036918208656869732
      ],
      [
        0.9551614390805497,
        0.015336605148137889,
        0.0022205191133141725,
        0.002933379288630816,
        0.02120809293420802,
        0.0031399644351594136
      ],
      [
        0.9566270497143758,
        0.01483530690994769,
        0.0021479383623187534,
        0.0028374977128107076,
        0.020514876963619946,
        0.003037330336927028
      ],
      [
        0.95780352927412,
        0.014432903217619916,
        0.002089676114484166,
        0.0027605313538713446,
        0.019958416467863352,
        0.0029549435720412237
      ],
      [
        0.9571956375732524,
        0.014640826817259622,
        0.0021197804513076977,
        0.002800300179821378,
        0.02024594183490388,
        0.0029975131434550302
      ],
      [
        0.958105833973673,
        0.014329502757917412,
        0.0020747052200210743,
        0.0027407543064741865,
        0.01981543002871148,
        0.002933773713202913
      ],
      [
        0.9584783402436637,
        0.01420209051584485,
        0.002056257765968527,
        0.0027163846087214184,
        0.019639239102184382,
        0.002907687763617105
      ],
      [
        0.9558620004602333,
        0.015096984762426968,
        0.0021858255392623285,
        0.0028875479283141893,
        0.020876735938314767,
        0.0030909053714485097
      ],
      [
        0.9563990053956015,
        0.01491330730963942,
        0.0021592316946233057,
        0.0028524165788016225,
        0.020622739147564115,
        0.0030532998737700617
      ],
      [
        0.9523252516144765,
        0.01630669621264381,
        0.0023609743007291157,
        0.003118925242850874,
        0.022549575045272503,
        0.003338577584027263
      ],
      [
        0.9520506801052371,
        0.01640061079722868,
        0.002374571777359397,
        0.0031368879598055494,
        0.022679444023349128,
        0.003357805337020242
      ],
      [
        0.9519448121211799,
        0.016436821938621712,
        0.002379814628094712,
        0.003143813939261498,
        0.022729518289752892,
        0.0033652190830893622
      ],
      [
        0.9572410278887722,
        0.014625301489675491,
        0.002117532607908977,
        0.0027973307042467904,
        0.02022447276876715,
        0.0029943345406294704
      ],
      [
        0.9504219568571092,
        0.016957700160489086,
        0.0024552302781811358,
        0.003243440510668021,
        0.02344981027289165,
        0.003471861920660962
      ],
      [
        0.9476043310262965,
        0.017921442393430007,
        0.0025947662464011444,
        0.003427772145888541,
        0.024782512956660868,
        0.0036691752313230044
      ],
      [
        0.9466844994280402,
        0.018236062080948072,
        0.002640318637090659,
        0.0034879483626096878,
        0.02521758209401978,
        0.0037335893972916473
      ],
      [
        0.9551614390805497,
        0.015336605148137889,
        0.0022205191133141725,
        0.002933379288630816,
        0.02120809293420802,
        0.0031399644351594136
      ],
      [
        0.9547063665899147,
        0.015492258384092246,
        0.002243055455754195,
        0.002963150543360701,
        0.02142333667698841,
        0.0031718323498897798
      ],
      [
        0.958039274415753,
        0.014352268824395024,
        0.0020780014179253843,
        0.0027451086930704357,
        0.019846911888545513,
        0.0029384347603106462
      ],
      [
        0.958039274415753,
        0.014352268824395024,
        0.0020780014179253843,
        0.0027451086930704357,
        0.019846911888545513,
        0.0029384347603106462
      ],
      [
        0.95780352927412,
        0.014432903217619916,
        0.002089676114484166,
        0.0027605313538713446,
        0.019958416467863352,
        0.0029549435720412237
      ],
      [
        0.9569796183857975,
        0.014714714134659688,
        0.002130478268649515,
        0.002814432350824044,
        0.020348116278266278,
        0.003012640581802995
      ],
      [
        0.9546031649996951,
        0.015527557510723466,
        0.0022481662599126654,
        0.0029699020849154726,
        0.021472149771598347,
        0.0031790593731549433
      ],
      [
        0.955357128791725,
        0.015269671335582243,
        0.0022108280631325194,
        0.0029205770903892015,
        0.0211155340854009,
        0.0031262606337702334
      ],
      [
        0.9550886887895422,
        0.015361488696242778,
        0.002224121892002172,
        0.0029381386785957714,
        0.021242502935355203,
        0.00314505900826182
      ],
      [
        0.9594520355445434,
        0.01386904725892555,
        0.002008037908287735,
        0.0026526845797626725,
        0.019178693089841263,
        0.0028395016186394317
      ],
      [
        0.9598983143680352,
        0.013716401813542828,
        0.001985937050519101,
        0.0026234886147062293,
        0.018967608644464288,
        0.0028082495087323697
      ],
      [
        0.958105833973673,
        0.014329502757917412,
        0.0020747052200210743,
        0.0027407543064741865,
        0.01981543002871148,
        0.002933773713202913
      ],
      [
        0.9574674327373556,
        0.014547861855237064,
        0.00210632046632108,
        0.00278251909388148,
        0.02011738603424555,
        0.002978479812959316
      ],
      [
        0.9565096813972315,
        0.014875451631366806,
        0.0021537507386790227,
        0.002845176054478974,
        0.020570390747436558,
        0.0030455494308071823
      ],
      [
        0.9486757604355209,
        0.017554970110278522,
        0.002541706348113513,
        0.0033576782629939727,
        0.02427573990201052,
        0.0035941449410825956
      ],
      [
        0.9477528103295016,
        0.017870656453845113,
        0.0025874131752066654,
        0.003418058495319004,
        0.02471228405554071,
        0.003658777490586875
      ],
      [
        0.9459863533796076,
        0.018474856325477445,
        0.0026748925978208973,
        0.003533621709767077,
        0.0255477966676634,
        0.0037824793196636806
      ],
      [
        0.9491053676906437,
        0.017408027016979213,
        0.0025204311086397865,
        0.003329572967048222,
        0.024072540905320555,
        0.003564060311368557
      ],
      [
        0.9452606288495025,
        0.018723083528498826,
        0.0027108323148201585,
        0.003581099266187448,
        0.025891055527080223,
        0.0038333005139108874
      ],
      [
        0.9559156918053623,
        0.01507862014627447,
        0.0021831666078507535,
        0.0028840353918600614,
        0.020851340586325116,
        0.003087145462327344
      ],
      [
        0.9517805980352979,
        0.016492989811615195,
        0.0023879469255837283,
        0.003154556973572813,
        0.02280718955134283,
        0.0033767187025875865
      ],
      [
        0.9471805063212105,
        0.018066407620249067,
        0.002615755119349779,
        0.003455499142170657,
        0.024982976877646695,
        0.003698854919373259
      ],
      [
        0.955125008526373,
        0.01534906587420219,
        0.0022223232466360055,
        0.0029357626084988873,
        0.021225324142408714,
        0.0031425156018811385
      ]
    ],
    [
      [
        0.948056275810796,
        0.01776685895974041,
        0.0025723847958914687,
        0.003398205508528411,
        0.024568748580769895,
        0.0036375263442738975
      ],
      [
        0.8463951352748578,
        0.07672669398782789,
        0.013365036709324492,
        0.014828474021940914,
        0.044972781198834216,
        0.003711878807214762
      ],
      [
        0.8514845969557214,
        0.0716878996082815,
        0.01736585462933838,
        0.010977505752686726,
        0.0451979666426549,
        0.00328617641131713
      ],
      [
        0.8504258420084132,
        0.0716368136543954,
        0.017365761959390807,
        0.010952115361233219,
        0.04633338327519786,
        0.003286083741369552
      ],
      [
        0.8543181395747171,
        0.06870877195503045,
        0.01712046607127545,
        0.010484309052971647,
        0.04624212372650109,
        0.003126189619504255
      ],
      [
        0.8444908882015545,
        0.07057951280289974,
        0.025701103233640322,
        0.010469287233263506,
        0.045628600564715974,
        0.0031306079639259275
      ],
      [
        0.11414328417640242,
        0.08454199751166352,
        0.0202944583974263,
        0.010601714573011652,
        0.7668546102591951,
        0.0035639350823010087
      ],
      [
        0.7482562806937726,
        0.16806757127288294,
        0.018492037375510872,
        0.011540411467841391,
        0.050513722856346525,
        0.0031299763336456047
      ],
      [
        0.7319232050113786,
        0.07782445158466898,
        0.026211102988150117,
        0.11152583995167988,
        0.04932618585968567,
        0.0031892146044367035
      ],
      [
        0.6287537332227798,
        0.1274589556691107,
        0.05543394029146322,
        0.12806360894674101,
        0.056915602313945296,
        0.003374159555959922
      ],
      [
        0.6308599906824801,
        0.2278349729628711,
        0.0608101383047271,
        0.02112362518814092,
        0.055971088943081726,
        0.0034001839186990363
      ],
      [
        0.6201012009291765,
        0.10045052494829551,
        0.1918537420860426,
        0.018120679306446934,
        0.06582704902203217,
        0.0036468037080062887
      ],
      [
        0.7543507743554057,
        0.10572564146469318,
        0.055815765058849866,
        0.019123055505536682,
        0.061397928347335116,
        0.003586835268179365
      ],
      [
        0.7792682405072004,
        0.10087052097123972,
        0.026613223435249262,
        0.02837607767226134,
        0.06103129133129374,
        0.0038406460827555577
      ],
      [
        0.8430961181720017,
        0.0747124165649247,
        0.021382180319927325,
        0.013575805438422763,
        0.043776556182403455,
        0.0034569233223201395
      ],
      [
        0.943906922129244,
        0.019186106092766265,
        0.0027778713005618253,
        0.0036696599865731943,
        0.026531342310156948,
        0.00392809818069783
      ],
      [
        0.8082875279076299,
        0.08728317002569318,
        0.014748230164632219,
        0.026549096170529647,
        0.059285022266402004,
        0.0038469534651129553
      ],
      [
        0.8393752204977568,
        0.07708826924635263,
        0.019077880518867597,
        0.012172672578477178,
        0.04900778972229744,
        0.0032781674362483623
      ],
      [
        0.8464196444271669,
        0.06986550323554609,
        0.025502126317294514,
        0.010330333141009757,
        0.0448162419520699,
        0.003066150926912886
      ],
      [
        0.8367437040219764,
        0.07882404427852369,
        0.01486264663361954,
        0.012097985689441575,
        0.0535871692931745,
        0.00388445008326434
      ],
      [
        0.8248577106423476,
        0.07871000271008094,
        0.028131864670716076,
        0.0118529170607953,
        0.05306362477053882,
        0.003383880145521283
      ],
      [
        0.8496467373171858,
        0.07041784282368792,
        0.017105326211378315,
        0.010715608480958247,
        0.048877897404871425,
        0.003236587761918349
      ],
      [
        0.8349409430556929,
        0.07316069793982725,
        0.03312979933409821,
        0.010204488131695376,
        0.04543538358856094,
        0.003128687950125259
      ],
      [
        0.829285250007849,
        0.07978256050762185,
        0.026984807237262015,
        0.011981590745614456,
        0.04869207178567408,
        0.003273719715978537
      ],
      [
        0.7893375440423721,
        0.09772876553150983,
        0.04028577922929057,
        0.011760022279579917,
        0.05730452410453579,
        0.0035833648127117515
      ],
      [
        0.11931693355979392,
        0.08697718462471629,
        0.03338862287385545,
        0.01089000037809826,
        0.74594538289483,
        0.003481875668705958
      ],
      [
        0.8189293152609302,
        0.07686164208326474,
        0.04314477696162216,
        0.010594301353631923,
        0.04741116889019656,
        0.0030587954503544464
      ],
      [
        0.8472970902024249,
        0.06932140025640735,
        0.023563959374053166,
        0.01000871691487884,
        0.04678383616707145,
        0.003024997085164313
      ],
      [
        0.8306253119488871,
        0.07421751197838163,
        0.033337325793818956,
        0.010341733515074425,
        0.04827500566190456,
        0.0032031111019332633
      ],
      [
        0.1165578137119594,
        0.08602336458469673,
        0.02057389029804646,
        0.010902610444171281,
        0.7623263507786172,
        0.003615970182508884
      ],
      [
        0.6772260702381754,
        0.20994341697991276,
        0.039495823095022864,
        0.011529441078591997,
        0.05828037973321643,
        0.00352486887508059
      ],
      [
        0.6657809626252189,
        0.09655922653901801,
        0.1620629175570336,
        0.013692365726682702,
        0.05845538815113632,
        0.0034491394009104307
      ],
      [
        0.7241077873934544,
        0.10298751866036768,
        0.08983791075881474,
        0.013108888549786452,
        0.06633273819208006,
        0.003625156445496644
      ],
      [
        0.5808765837200534,
        0.11431534806381616,
        0.2139925368782435,
        0.014344731875999607,
        0.07269639631518598,
        0.0037744031467013676
      ],
      [
        0.2375319489144859,
        0.2553444362591512,
        0.050758009909772576,
        0.012690799775550347,
        0.4395350591299187,
        0.004139746011121368
      ],
      [
        0.6336342272103632,
        0.10367053019314415,
        0.18138496619764746,
        0.014302738886543861,
        0.06328138501777122,
        0.0037261524945299716
      ],
      [
        0.12301688093246166,
        0.09425915118700383,
        0.16178767543052958,
        0.013648822152357323,
        0.6035364753665236,
        0.003750994931124013
      ],
      [
        0.8361648809025866,
        0.07714085727194678,
        0.019139613047884058,
        0.012146181550550776,
        0.052119891837076965,
        0.00328857538995488
      ],
      [
        0.13744945932870425,
        0.09262923246982306,
        0.010761107224968692,
        0.01271663499857415,
        0.7421156731923818,
        0.004327892785548142
      ],
      [
        0.947674164216397,
        0.01789755661206579,
        0.0025913079299390994,
        0.0034232035953084237,
        0.024749482708696244,
        0.0036642849375933817
      ]
    ],
    [
      [
        0.9551614390805497,
        0.015336605148137889,
        0.0022205191133141725,
        0.002933379288630816,
        0.02120809293420802,
        0.0031399644351594136
      ],
      [
        0.8537096339388712,
        0.07061388152932706,
        0.01710568182569483,
        0.010813042297840995,
        0.044520817032031035,
        0.0032369433762348683
      ],
      [
        0.8464206653603805,
        0.08597350101706526,
        0.005207813212149797,
        0.011682497761501822,
        0.047056284119487285,
        0.0036592385294154295
      ],
      [
        0.8437254884608812,
        0.08904022487628988,
        0.00482581974945174,
        0.011084846855206734,
        0.04793286033776785,
        0.003390759720402655
      ],
      [
        0.8414455920854431,
        0.08966965651236392,
        0.004750005441357965,
        0.011074209006157368,
        0.049723098577652634,
        0.0033374383770250404
      ],
      [
        0.8365848169131629,
        0.08874154771690214,
        0.0047959132925140665,
        0.012788649866143855,
        0.05371944547542009,
        0.0033696267358569888
      ],
      [
        0.8323024905303855,
        0.08906972836981505,
        0.00478500082945635,
        0.012812949254600806,
        0.057667966731956975,
        0.0033618642837852978
      ],
      [
        0.1285785161146074,
        0.104297364167829,
        0.0051848274937847305,
        0.012276451462613726,
        0.7456817129949976,
        0.00398112776616742
      ],
      [
        0.8045308948483889,
        0.10646991571110175,
        0.0049485178096353695,
        0.012475142762345869,
        0.06809884244458912,
        0.0034766864239389596
      ],
      [
        0.13865704591528463,
        0.2854313882487525,
        0.005487047003149412,
        0.013109571702073141,
        0.5530895465137875,
        0.004225400616952871
      ],
      [
        0.5938473991159503,
        0.16668414316398578,
        0.005128831776537247,
        0.025252992370084618,
        0.2054831489781587,
        0.003603484595283418
      ],
      [
        0.7167497406695486,
        0.17480251690142337,
        0.005517661347414927,
        0.014474887118438752,
        0.08457842604016158,
        0.0038767679230127567
      ],
      [
        0.568669583201327,
        0.32005683024204995,
        0.016809953669184946,
        0.017626491845587483,
        0.07240198827976158,
        0.004435152762089133
      ],
      [
        0.6685477256430715,
        0.2280213734224144,
        0.031153895719668385,
        0.013677962084329205,
        0.05471690512589227,
        0.0038821380046241277
      ],
      [
        0.9550022949498335,
        0.015391038890978623,
        0.0022284003337811253,
        0.0029437906418807273,
        0.02128336616878453,
        0.003151109014741504
      ],
      [
        0.7759288326894087,
        0.0878109228807665,
        0.03528189594870866,
        0.030251308369463787,
        0.06658253646148589,
        0.004144503650166374
      ],
      [
        0.16541069742514114,
        0.10552129660865935,
        0.010798245565999075,
        0.013300360048763893,
        0.7001918300961184,
        0.004777570255318186
      ],
      [
        0.8060751040367782,
        0.10994666047181495,
        0.004888570219966555,
        0.01425193149898873,
        0.06140307955865812,
        0.0034346542137934834
      ],
      [
        0.1467459001458647,
        0.09840793163221365,
        0.006105438699067384,
        0.013312051347523356,
        0.7306901853007963,
        0.004738492874534526
      ],
      [
        0.7902934872122851,
        0.11432513714399183,
        0.00603159156001502,
        0.014201660280684172,
        0.07091037590604853,
        0.004237747896975367
      ],
      [
        0.786991466216781,
        0.11662390158711135,
        0.005955088919579849,
        0.01708797233419602,
        0.06915752336426813,
        0.004184047578063705
      ],
      [
        0.8113096998528218,
        0.10501601484439003,
        0.005315712743615695,
        0.013108139220029694,
        0.06151561168812084,
        0.0037348216510219314
      ],
      [
        0.8300235874187779,
        0.09559701222718206,
        0.004825223143838725,
        0.010921384476586107,
        0.05524262961882554,
        0.0033901631147896408
      ],
      [
        0.14090288944868037,
        0.13282061108558968,
        0.005501208287632155,
        0.012822686492957848,
        0.7036935827302575,
        0.004259021954882503
      ],
      [
        0.14376222577822537,
        0.15521808963657543,
        0.005149007671755946,
        0.012678240180603463,
        0.6791952644225521,
        0.003997172310287653
      ],
      [
        0.7593608949532953,
        0.14636049769408113,
        0.004697257212361584,
        0.022008268392021003,
        0.06427281869764498,
        0.0033002630505960745
      ],
      [
        0.7651862044056879,
        0.14058617167749277,
        0.004713150099441575,
        0.021132264012611434,
        0.06507076478364465,
        0.0033114450211216874
      ],
      [
        0.7879424042002539,
        0.1221251161578826,
        0.005105598090452199,
        0.020591247176999748,
        0.06064846512322183,
        0.0035871692511897438
      ],
      [
        0.8343165552553454,
        0.09058958993162587,
        0.0047505041617144465,
        0.010709978466552516,
        0.05629575231265234,
        0.003337619872109461
      ],
      [
        0.8070698098728537,
        0.1030181267092316,
        0.004948441586112213,
        0.012454258482798143,
        0.06903275314858849,
        0.003476610200415803
      ],
      [
        0.14261145104603537,
        0.1312056590052081,
        0.005356515730701002,
        0.01299953420715908,
        0.7037260509236646,
        0.004100789087231985
      ],
      [
        0.15360615188296625,
        0.29920924190879156,
        0.005153819714278289,
        0.014787742012660518,
        0.5232742516155093,
        0.00396879286579393
      ],
      [
        0.58493549410882,
        0.30903616486452506,
        0.005147474719842232,
        0.014075683503491613,
        0.08318865846584392,
        0.0036165243374770934
      ],
      [
        0.35205430570000507,
        0.48104263437811196,
        0.0063540384586124885,
        0.051953637822419976,
        0.1041111895772771,
        0.004484194063573423
      ],
      [
        0.5822047581921878,
        0.29745273051349136,
        0.005203942650714415,
        0.022471931370043278,
        0.08901040595246788,
        0.0036562313210953892
      ],
      [
        0.28852037688382515,
        0.15929637606313407,
        0.0053195862720016385,
        0.014471529496428569,
        0.528290381297023,
        0.004101749987587619
      ],
      [
        0.6716225061594742,
        0.23606706104625927,
        0.004896511247531862,
        0.015398834014400979,
        0.06857491663366876,
        0.003440170898664967
      ],
      [
        0.8062597618163969,
        0.1066109119600364,
        0.004948673940235805,
        0.012517920568598642,
        0.06618588916019277,
        0.0034768425545393953
      ],
      [
        0.8313895592586229,
        0.07427804114867023,
        0.03340038700233886,
        0.01036013309611581,
        0.04736874238093255,
        0.0032031371133196536
      ],
      [
        0.955125008526373,
        0.01534906587420219,
        0.0022223232466360055,
        0.0029357626084988873,
        0.021225324142408714,
        0.0031425156018811385
      ]
    ],
    [
      [
        0.9562715737159794,
        0.01495689410889551,
        0.0021655424341840805,
        0.0028607532747627266,
        0.020683012779205475,
        0.0030622236869728274
      ],
      [
        0.8490692206614068,
        0.07188324761121381,
        0.017926644887699104,
        0.010869763901929863,
        0.047010193261944846,
        0.003240929675805571
      ],
      [
        0.843419365432911,
        0.08563297245412692,
        0.005188956258063894,
        0.011575966155790268,
        0.050536839435836624,
        0.0036459002632712677
      ],
      [
        0.8413428667305806,
        0.08552711943715255,
        0.005025651868672735,
        0.01139188660684146,
        0.05318138971874266,
        0.0035310856380100664
      ],
      [
        0.13795703673789736,
        0.09115788264674682,
        0.0056486055671784215,
        0.015674514231815238,
        0.7451888242494064,
        0.004373136566955792
      ],
      [
        0.842747679423229,
        0.08306179683620746,
        0.004888778188980641,
        0.01101246331359433,
        0.05485444145174114,
        0.003434840786247471
      ],
      [
        0.8145387246400572,
        0.09853114035357924,
        0.005064348448486363,
        0.013830574638110328,
        0.06447713840138702,
        0.003558073518379871
      ],
      [
        0.813642780948754,
        0.09848791020082784,
        0.0050642700289662305,
        0.013809088683215547,
        0.06543795503937679,
        0.003557995098859738
      ],
      [
        0.7840126037696143,
        0.12105444322239822,
        0.005079441248321072,
        0.014998748186958946,
        0.07128622131344478,
        0.003568542259262587
      ],
      [
        0.2882905409159928,
        0.16175858342755542,
        0.005066413834400578,
        0.022006860528192698,
        0.518992599030515,
        0.0038850022633435156
      ],
      [
        0.6013323408593259,
        0.2973683086356916,
        0.005237183087731024,
        0.0136650319668787,
        0.07871764109645857,
        0.003679494353914193
      ],
      [
        0.3104592626892885,
        0.5114065949583951,
        0.025429815130971034,
        0.04875349089655498,
        0.09848404049598436,
        0.005466795828806046
      ],
      [
        0.5907139621430839,
        0.28225176506893573,
        0.034966440968118226,
        0.012644531465266765,
        0.07491095121096583,
        0.004512349143629477
      ],
      [
        0.9488167889257265,
        0.01750673265072205,
        0.0025347222600517645,
        0.0033484520513628866,
        0.024209035144647187,
        0.0035842689674895636
      ],
      [
        0.7682873522377672,
        0.1062001861670133,
        0.030538983346540028,
        0.019030017051088366,
        0.0722205598528942,
        0.003722901344696811
      ],
      [
        0.7538711950089276,
        0.12855688205726193,
        0.014718997253875024,
        0.021457225172741543,
        0.07731913420010514,
        0.004076566307088687
      ],
      [
        0.59927620270658,
        0.17303545392669134,
        0.004922705699459333,
        0.019267673038491577,
        0.2000394281266512,
        0.003458536502126553
      ],
      [
        0.7729704201940956,
        0.1263383041267536,
        0.005749344435327181,
        0.015978816771226097,
        0.0749238510964522,
        0.004039263376145314
      ],
      [
        0.7718409445665991,
        0.12418448130927198,
        0.0062222296227743435,
        0.015580964319468564,
        0.07779985834643353,
        0.004371521835452531
      ],
      [
        0.746310474574759,
        0.1395531723026143,
        0.00569496422546378,
        0.015884634267251157,
        0.08855567109988363,
        0.004001083530028186
      ],
      [
        0.7361957067657681,
        0.15296878346497722,
        0.005796376780094509,
        0.017625375819536694,
        0.08334139829365621,
        0.004072358875967379
      ],
      [
        0.7694392768217408,
        0.13083193695853118,
        0.005906949909874471,
        0.016441395889295513,
        0.07323035038586291,
        0.004150090034695067
      ],
      [
        0.6473174728400974,
        0.2600553103797116,
        0.0050768642331488,
        0.014257939131870059,
        0.06972556227586305,
        0.003566851139309088
      ],
      [
        0.7567483719297946,
        0.14805134763728148,
        0.0049594242738065265,
        0.015190630328994818,
        0.07156592930531143,
        0.0034842965248111407
      ],
      [
        0.7118372628701671,
        0.18145528363262267,
        0.005036421496595836,
        0.01948704700862035,
        0.07864557064863287,
        0.0035384143433611235
      ],
      [
        0.7224689394456802,
        0.17799918270756476,
        0.004732581374147573,
        0.01630329965485192,
        0.07517094631029383,
        0.0033250505074617293
      ],
      [
        0.7385324425127275,
        0.15582908938126888,
        0.004884600176797789,
        0.01555787672064437,
        0.0817641183060714,
        0.00343187290248999
      ],
      [
        0.7886600299327756,
        0.1277210328957855,
        0.004870405665935229,
        0.014386704466297006,
        0.06093995085255451,
        0.0034218761866522326
      ],
      [
        0.8110399158251143,
        0.10202994916852216,
        0.005064348448486363,
        0.013830574638110328,
        0.06447713840138702,
        0.003558073518379871
      ],
      [
        0.8143234937320764,
        0.0999386467768567,
        0.005166583693628073,
        0.011555890224570006,
        0.06538553929693587,
        0.0036298462759330524
      ],
      [
        0.14087115858115698,
        0.10824596826162038,
        0.005419555602003209,
        0.016002136621087577,
        0.7253494129238348,
        0.004111768010296996
      ],
      [
        0.742694967866771,
        0.15072922856913643,
        0.005061016704508796,
        0.023830247496569788,
        0.07412888293343511,
        0.0035556564295788668
      ],
      [
        0.5765545829781054,
        0.3107902502185011,
        0.005044556627148735,
        0.02013652723670936,
        0.08392989101185579,
        0.0035441919276796145
      ],
      [
        0.7202630218046615,
        0.17480584546081748,
        0.005527564515156675,
        0.014352232860967424,
        0.0811676944780428,
        0.0038836408803540174
      ],
      [
        0.5789217424538476,
        0.1822828340621556,
        0.005187505697003254,
        0.016697426393876447,
        0.2132657914595612,
        0.003644699933555934
      ],
      [
        0.5851522794696308,
        0.3119566022751319,
        0.005498422183672448,
        0.017322494700299295,
        0.07620709876892778,
        0.003863102602337761
      ],
      [
        0.1710124936673097,
        0.13680341408183133,
        0.005396153129036398,
        0.029898749274340917,
        0.6527821637982473,
        0.0041070260492344435
      ],
      [
        0.7618173908477305,
        0.14066604453678586,
        0.0051026838831942185,
        0.019788674370149154,
        0.069040101555262,
        0.0035851048068782946
      ],
      [
        0.8337808953941737,
        0.07510895428780213,
        0.025736468581040946,
        0.010746389692819878,
        0.051363593389935965,
        0.0032636986542273695
      ],
      [
        0.9580365159810886,
        0.014353212320850016,
        0.00207813802259711,
        0.002745289152365908,
        0.019848216594528827,
        0.0029386279285695113
      ]
    ],
    [
      [
        0.9563531667840955,
        0.014928985972620332,
        0.0021615017387748015,
        0.002855415382305879,
        0.020644420252239597,
        0.0030565098699638343
      ],
      [
        0.8433400124377454,
        0.0715404234559916,
        0.025935113925561203,
        0.01058628036048963,
        0.045407476359721165,
        0.0031906934604910724
      ],
      [
        0.8420589225712588,
        0.08773631168982851,
        0.004724740609655862,
        0.01089736003601659,
        0.051263028251887416,
        0.003319636841352807
      ],
      [
        0.837396099826012,
        0.08756676779610058,
        0.0049445653924141166,
        0.011138129585908325,
        0.055480400692721976,
        0.0034740367068429073
      ],
      [
        0.8167134644513555,
        0.1037796944611158,
        0.005147198453435837,
        0.011795984397048126,
        0.058947277849824314,
        0.0036163803872204274
      ],
      [
        0.6740784245816706,
        0.23940525365383872,
        0.00511707660513191,
        0.013211611857125197,
        0.06459246614039064,
        0.003595167161843083
      ],
      [
        0.786428034147398,
        0.11512317510919498,
        0.005297395009197066,
        0.014937708328234765,
        0.07449186522930623,
        0.0037218221766688983
      ],
      [
        0.7944713151471728,
        0.1170685381662579,
        0.005116914298846895,
        0.013167141991547575,
        0.06658108554061662,
        0.0035950048555580677
      ],
      [
        0.7850627881024727,
        0.11083174701766013,
        0.005336739687264173,
        0.013415438235046675,
        0.08160398065206839,
        0.0037493063054879947
      ],
      [
        0.13976763732936584,
        0.12712035857164478,
        0.005304342037763223,
        0.16393149919845348,
        0.5598208749133854,
        0.004055287949387334
      ],
      [
        0.7334367556998188,
        0.1446650475756736,
        0.015890030265562696,
        0.01727760393349272,
        0.08431513220242169,
        0.004415430323030364
      ],
      [
        0.7409876532099536,
        0.12850985727768036,
        0.03470126616822305,
        0.012567160521459625,
        0.07872182305793099,
        0.004512239764752305
      ],
      [
        0.9296894693348553,
        0.02404905118396885,
        0.003481955575909017,
        0.004599778632420613,
        0.033256024235002436,
        0.004923721037843834
      ],
      [
        0.7674820970628762,
        0.10607568314623056,
        0.03046789538892908,
        0.01900927547845079,
        0.07324217690106365,
        0.003722872022449799
      ],
      [
        0.272357803840935,
        0.11319488710096633,
        0.009682264082481983,
        0.01240817363938207,
        0.5881292796029535,
        0.004227591733281241
      ],
      [
        0.7137256431443632,
        0.177761252715699,
        0.005036270727643073,
        0.019445738225895,
        0.08049283161199129,
        0.00353826357440836
      ],
      [
        0.7454888098413122,
        0.14362941622628408,
        0.005949778744936202,
        0.016237491116147033,
        0.08451444971216002,
        0.004180054359160501
      ],
      [
        0.752156975053157,
        0.1398508321422977,
        0.005830891452247667,
        0.013994835070970038,
        0.08406996229901628,
        0.004096503982311336
      ],
      [
        0.7599044183464441,
        0.12851514379430384,
        0.006125878148239151,
        0.01637722103432743,
        0.08477360876434323,
        0.004303729912342277
      ],
      [
        0.16167130840254085,
        0.1453103222638991,
        0.005883716302502076,
        0.014222596244851385,
        0.6683489999667452,
        0.004563056819461381
      ],
      [
        0.7329949727791211,
        0.151285737598843,
        0.006227582616947054,
        0.016472697904782462,
        0.08864379999507604,
        0.0043752091052303
      ],
      [
        0.15861082602045684,
        0.14312284525762886,
        0.005830749840417297,
        0.013537577532355625,
        0.6743351680524377,
        0.004562833296703769
      ],
      [
        0.7558440015838223,
        0.13257556055692568,
        0.006125878148239152,
        0.016377221034327434,
        0.08477360876434324,
        0.004303729912342278
      ],
      [
        0.7353717244543069,
        0.16150325038937483,
        0.005317065519881071,
        0.019689246750118877,
        0.07438308722504813,
        0.003735625661270191
      ],
      [
        0.581235944294804,
        0.31818040671710557,
        0.005384218827009351,
        0.01531952978773434,
        0.07609711942207155,
        0.003782780951275247
      ],
      [
        0.4206042046067732,
        0.4311170814219449,
        0.00592043339749987,
        0.03622427158230522,
        0.10177945656869244,
        0.004354552422784433
      ],
      [
        0.6326566569013894,
        0.265671280466477,
        0.004816611440439193,
        0.01973405933343871,
        0.07373738645354866,
        0.0033840054047071036
      ],
      [
        0.6889470221370086,
        0.2255583468490303,
        0.004624057896844817,
        0.012333572273923942,
        0.06528824185753221,
        0.003248758985660083
      ],
      [
        0.7923160561310064,
        0.11329411118255941,
        0.00497181873083112,
        0.01814651102518731,
        0.0677784535814273,
        0.0034930493489884655
      ],
      [
        0.3092744744612351,
        0.10654348476160369,
        0.005369802003852914,
        0.012976153137931802,
        0.5616903084907905,
        0.004145777144586064
      ],
      [
        0.8098805570710105,
        0.10357075080172,
        0.005219258499929225,
        0.011747229748559209,
        0.06591535027637747,
        0.0036668536024036446
      ],
      [
        0.7575221311653818,
        0.14307617089053998,
        0.00505632973948215,
        0.013344120114882285,
        0.07744884690823202,
        0.0035524011814817343
      ],
      [
        0.6539951965612575,
        0.255149433437903,
        0.004967314323526034,
        0.014907499859537739,
        0.0674906325938117,
        0.003489923223964082
      ],
      [
        0.6182838746924589,
        0.2816455560523721,
        0.005317320562083908,
        0.019759125082161072,
        0.07125824290745097,
        0.003735880703473029
      ],
      [
        0.6083898060641474,
        0.15540555555653107,
        0.005354203561837386,
        0.0136722783372034,
        0.21341626368897973,
        0.003761892791300947
      ],
      [
        0.7174277697969541,
        0.186961894308548,
        0.005344514284427624,
        0.015583308298046432,
        0.07092750040310404,
        0.003755012908919776
      ],
      [
        0.7002879811536623,
        0.19101609499086183,
        0.0050448872176289015,
        0.020227104839498192,
        0.07987940928018902,
        0.0035445225181597803
      ],
      [
        0.7588257996915156,
        0.14236034748027318,
        0.005045303737635638,
        0.022506425134704477,
        0.06771735054307208,
        0.0035447734127989697
      ],
      [
        0.8080104831717061,
        0.08134110398871851,
        0.044348215589016644,
        0.011269568093192437,
        0.05173450207606613,
        0.003296127081300209
      ],
      [
        0.9565096813972315,
        0.014875451631366806,
        0.0021537507386790227,
        0.002845176054478974,
        0.020570390747436558,
        0.0030455494308071823
      ]
    ],
    [
      [
        0.9563531667840955,
        0.014928985972620332,
        0.0021615017387748015,
        0.002855415382305879,
        0.020644420252239597,
        0.0030565098699638343
      ],
      [
        0.11977527006290617,
        0.08223147417726243,
        0.016631788368056094,
        0.01617453888362541,
        0.7614831161809243,
        0.0037038123272255838
      ],
      [
        0.8392502432731012,
        0.08856176985590065,
        0.004809719779813557,
        0.010930535124202959,
        0.05306841296887599,
        0.0033793189981057253
      ],
      [
        0.8347381451592105,
        0.08899815104626445,
        0.005025390210551994,
        0.011320195597121016,
        0.056387294006962574,
        0.0035308239798893253
      ],
      [
        0.6392984333793688,
        0.2641282629336205,
        0.005056565905897762,
        0.013408826720391707,
        0.07455527371282399,
        0.0035526373478973455
      ],
      [
        0.7758257142536419,
        0.12676545699114058,
        0.00424830219993354,
        0.017550675552147767,
        0.07262510279920723,
        0.0029847482039289455
      ],
      [
        0.7544186402024964,
        0.14299318793111118,
        0.004128111232730456,
        0.018666490005622188,
        0.07689334020045288,
        0.0029002304275870003
      ],
      [
        0.750828083684885,
        0.1455262571588273,
        0.004976035244201028,
