{
  "prediction": [
    [
      [
        0.9544895112824372,
        0.01556643168842812,
        0.0022537946798774342,
        0.002977337414092949,
        0.021525906594932965,
        0.0031870183402314023
      ],
      [
        0.9454430052728287,
        0.018660703399977142,
        0.002701800572375501,
        0.003569168035301593,
        0.025804793701196527,
        0.0038205290183206436
      ],
      [
        0.9460861742956213,
        0.018440713526443848,
        0.002669949213212384,
        0.0035270913349824593,
        0.025500582590757572,
        0.003775489038982476
      ],
      [
        0.9459087032388325,
        0.018501415820794502,
        0.0026787380294807624,
        0.003538701652344134,
        0.025584524238043485,
        0.0037879170205046297
      ],
      [
        0.9544519802308817,
        0.015579268829199288,
        0.0022556533126170367,
        0.0029797927294968247,
        0.021543658324983696,
        0.003189646572821422
      ],
      [
        0.9550387544975854,
        0.015378568247936491,
        0.002226594764624007,
        0.0029414054252266918,
        0.021266121246976067,
        0.0031485558176514283
      ],
      [
        0.9543631169892142,
        0.015609663659490304,
        0.002260054045436016,
        0.0029856062432957334,
        0.02158568955544865,
        0.0031958695071152014
      ],
      [
        0.9468569244016478,
        0.018177085751563904,
        0.002631779715643199,
        0.0034766681645825516,
        0.025136027182589477,
        0.0037215147839731303
      ],
      [
        0.9434957360219758,
        0.01932674840688739,
        0.0027982342781328173,
        0.003696560154332818,
        0.026725828328382766,
        0.00395689281028849
      ],
      [
        0.9431947196774612,
        0.019429708196949554,
        0.002813141369990992,
        0.0037162529163758443,
        0.026868205391300762,
        0.0039779724479217194
      ],
      [
        0.9434957360219758,
        0.01932674840688739,
        0.0027982342781328173,
        0.003696560154332818,
        0.026725828328382766,
        0.00395689281028849
      ],
      [
        0.9462456008763759,
        0.01838618317424222,
        0.0026620540051040783,
        0.0035166615035950735,
        0.02542517576075468,
        0.0037643246799280465
      ],
      [
        0.9527980694288267,
        0.016144973356758192,
        0.0023375591649096106,
        0.003087993072962501,
        0.022325937980610628,
        0.003305466995932419
      ],
      [
        0.9462052339312655,
        0.018399990305548373,
        0.002664053078475871,
        0.0035193023457252355,
        0.025444268833900087,
        0.003767151505084861
      ],
      [
        0.9459239248674062,
        0.01849620940688739,
        0.002677984215877237,
        0.0035377058396088095,
        0.025577324593211437,
        0.0037868510770089773
      ],
      [
        0.9446493153325959,
        0.018932177527910578,
        0.002741106108641438,
        0.0036210919504436434,
        0.0261801993714106,
        0.0038761097089978365
      ],
      [
        0.9544895112824372,
        0.01556643168842812,
        0.0022537946798774342,
        0.002977337414092949,
        0.021525906594932965,
        0.0031870183402314023
      ],
      [
        0.9423286642385234,
        0.019725934258424793,
        0.0028560306290554348,
        0.003772911048021729,
        0.027277839060591915,
        0.004038620765382806
      ],
      [
        0.9577599119153085,
        0.014447822122151614,
        0.0020918361565757737,
        0.002763384841011402,
        0.019979046947081452,
        0.002957998017871223
      ],
      [
        0.9577599119153085,
        0.014447822122151614,
        0.0020918361565757737,
        0.002763384841011402,
        0.019979046947081452,
        0.002957998017871223
      ],
      [
        0.9577599119153085,
        0.014447822122151614,
        0.0020918361565757737,
        0.002763384841011402,
        0.019979046947081452,
        0.002957998017871223
      ],
      [
        0.958074680898839,
        0.01434015837214948,
        0.0020762479991979434,
        0.0027427923688611404,
        0.019830165053491864,
        0.0029359553074605922
      ],
      [
        0.9580365159810886,
        0.014353212320850016,
        0.00207813802259711,
        0.002745289152365908,
        0.019848216594528827,
        0.0029386279285695113
      ],
      [
        0.9571956375732524,
        0.014640826817259622,
        0.0021197804513076977,
        0.002800300179821378,
        0.02024594183490388,
        0.0029975131434550302
      ],
      [
        0.9574674327373556,
        0.014547861855237064,
        0.00210632046632108,
        0.00278251909388148,
        0.02011738603424555,
        0.002978479812959316
      ],
      [
        0.9589348393707267,
        0.014045949312410367,
        0.0020336507728789094,
        0.002686520022143585,
        0.019423320577757894,
        0.002875719944082624
      ],
      [
        0.96026777607413,
        0.013590030935719317,
        0.0019676403709825963,
        0.002599318095082557,
        0.01879285775956041,
        0.002782376764525098
      ],
      [
        0.9581538869698479,
        0.014313066685630342,
        0.0020723255139317065,
        0.0027376106359181776,
        0.019792701547070947,
        0.0029304086476009353
      ],
      [
        0.9582214949704904,
        0.014289942009248097,
        0.002068977394488062,
        0.0027331876592489113,
        0.01976072378660499,
        0.0029256741799196287
      ],
      [
        0.9582214949704904,
        0.014289942009248097,
        0.002068977394488062,
        0.0027331876592489113,
        0.01976072378660499,
        0.0029256741799196287
      ],
      [
        0.9515096828145687,
        0.01658565379733961,
        0.0024013633335455593,
        0.0031722804928197685,
        0.02293532914950782,
        0.0033956904122185217
      ],
      [
        0.9522717443317859,
        0.01632499787198231,
        0.00236362411690251,
        0.0031224257377734832,
        0.022574883337971696,
        0.003342324603584212
      ],
      [
        0.9496202779463632,
        0.01723190684013227,
        0.0024949314485030456,
        0.003295887071500762,
        0.023828994628808862,
        0.0035280020646919433
      ],
      [
        0.9512384748849387,
        0.01667841790137168,
        0.002414794237193599,
        0.0031900231613482795,
        0.02306360719541614,
        0.0034146826197316354
      ],
      [
        0.9487704405617674,
        0.017522585669702335,
        0.002537017548435956,
        0.0033514842033345823,
        0.024230957356021487,
        0.0035875146607383104
      ],
      [
        0.9565096813972315,
        0.014875451631366806,
        0.0021537507386790227,
        0.002845176054478974,
        0.020570390747436558,
        0.0030455494308071823
      ],
      [
        0.9529332685266836,
        0.016098729785651134,
        0.0023308637631228864,
        0.003079148225461537,
        0.022261990454794118,
        0.0032959992442867063
      ],
      [
        0.9555483080421767,
        0.015204280283403648,
        0.002201360382390936,
        0.002908069970575547,
        0.021025108629553674,
        0.0031128726918994492
      ],
      [
        0.947674164216397,
        0.01789755661206579,
        0.0025913079299390994,
        0.0034232035953084237,
        0.024749482708696244,
        0.0036642849375933817
      ],
      [
        0.955626622140355,
        0.015177493687744417,
        0.0021974820698786547,
        0.0029029465913034884,
        0.020988067015412556,
        0.003107388495305968
      ]
    ],
    [
      [
        0.9466844994280402,
        0.018236062080948072,
        0.002640318637090659,
        0.0034879483626096878,
        0.02521758209401978,
        0.0037335893972916473
      ],
      [
        0.844229341933586,
        0.0771294339170051,
        0.013448161787374796,
        0.014891438807802927,
        0.04656673582769662,
        0.003734887726534592
      ],
      [
        0.943906922129244,
        0.019186106092766265,
        0.0027778713005618253,
        0.0036696599865731943,
        0.026531342310156948,
        0.00392809818069783
      ],
      [
        0.13792826103210912,
        0.09281586824012532,
        0.010787736110385781,
        0.012809728822737105,
        0.7413303814031289,
        0.004328024391513783
      ],
      [
        0.8361202475290309,
        0.07870793979803019,
        0.0112030548437228,
        0.015299264439529127,
        0.05470630834833324,
        0.003963185041353797
      ],
      [
        0.8315357938403198,
        0.08037110978292994,
        0.012149720767767316,
        0.022137192085411615,
        0.050108645023296566,
        0.0036975385002746977
      ],
      [
        0.8217408525728592,
        0.08364290519407516,
        0.021090374783462647,
        0.021919042263605186,
        0.04790738369356983,
        0.0036994414924278614
      ],
      [
        0.7610354897619326,
        0.1092025664849435,
        0.028811512755000948,
        0.030719981207101676,
        0.06607256099299641,
        0.0041578887980248825
      ],
      [
        0.9387889803560961,
        0.02093664961014038,
        0.0030313247409726194,
        0.004004480375317156,
        0.02895206640412981,
        0.004286498513343869
      ],
      [
        0.9372177198880289,
        0.021474084373644866,
        0.003109137539371885,
        0.004107273659034555,
        0.02969525345891691,
        0.0043965310810029044
      ],
      [
        0.9387889803560961,
        0.02093664961014038,
        0.0030313247409726194,
        0.004004480375317156,
        0.02895206640412981,
        0.004286498513343869
      ],
      [
        0.7434606274702598,
        0.11947547022501921,
        0.038273592992610794,
        0.02892661546625561,
        0.0657443476656182,
        0.0041193461802364675
      ],
      [
        0.12289563413385228,
        0.09698852311169157,
        0.03441381236317062,
        0.013625248033740373,
        0.7283258207529567,
        0.0037509616045884177
      ],
      [
        0.13839115237192667,
        0.08682359777562343,
        0.029194875299809804,
        0.012360504157019343,
        0.7290992300230033,
        0.0041306403726173915
      ],
      [
        0.13200173205250512,
        0.08653620453848446,
        0.028154346191898282,
        0.014493187540756333,
        0.734705631188426,
        0.004108898487929828
      ],
      [
        0.8172063655442886,
        0.08146984626318565,
        0.023373631710700612,
        0.011647201367538827,
        0.062388669110171366,
        0.003914286004114854
      ],
      [
        0.817548777746578,
        0.08234133461678533,
        0.02534919240923544,
        0.011808526193939246,
        0.059080272195584795,
        0.003871896837877307
      ],
      [
        0.8274249977307273,
        0.07993753379582336,
        0.015064198222237382,
        0.012198903348513817,
        0.06138449709452205,
        0.0039898698081760045
      ],
      [
        0.8301081802010015,
        0.07850387381340318,
        0.01486206584422516,
        0.01193885675432587,
        0.060703154093174366,
        0.0038838692938699603
      ],
      [
        0.8301081802010015,
        0.07850387381340318,
        0.01486206584422516,
        0.01193885675432587,
        0.060703154093174366,
        0.0038838692938699603
      ],
      [
        0.8421884684790156,
        0.0698103939031296,
        0.02628855359009009,
        0.01017107288959857,
        0.04848505445967978,
        0.0030564566784863786
      ],
      [
        0.8296586028498304,
        0.07924990756976642,
        0.01663975204561831,
        0.012082148238817873,
        0.05849994255256402,
        0.0038696467434029794
      ],
      [
        0.8415507713001618,
        0.07049210481800446,
        0.02560943588714221,
        0.010379552458055198,
        0.04881366781842738,
        0.0031544677182090528
      ],
      [
        0.8375432549613127,
        0.07694413512059611,
        0.019092626513765868,
        0.012160611453789792,
        0.050981664209555314,
        0.0032777077409802654
      ],
      [
        0.11447665239269962,
        0.08533073295844827,
        0.020709721549503995,
        0.010576200343846268,
        0.7653126935191592,
        0.003593999236342598
      ],
      [
        0.844540040369698,
        0.07113537485165847,
        0.017719303341832797,
        0.01115330898064265,
        0.05241566338948977,
        0.003036309066678239
      ],
      [
        0.8445919512982101,
        0.071517429434972,
        0.01796527730677575,
        0.01120326353426509,
        0.05168141768321873,
        0.0030406607425583175
      ],
      [
        0.10768856427352967,
        0.08004636438262898,
        0.019210856627037493,
        0.009904004584588236,
        0.7797578883196665,
        0.0033923218125490305
      ],
      [
        0.8124823145361845,
        0.07834811266939008,
        0.03672132097794949,
        0.011362275220682174,
        0.05779213808884148,
        0.003293838506952283
      ],
      [
        0.8360008911282464,
        0.07129507570857124,
        0.026300089297349522,
        0.010431167623713314,
        0.052811205066473195,
        0.0031615711756462685
      ],
      [
        0.11544786466010362,
        0.08835150947762622,
        0.02414003511199721,
        0.010615527518431376,
        0.7578076764435978,
        0.003637386788243808
      ],
      [
        0.13929764364208555,
        0.09701730705561797,
        0.044543189917808465,
        0.014790288213315404,
        0.7003584749273102,
        0.003993096243862559
      ],
      [
        0.7765170372556867,
        0.09647082116112479,
        0.050510996921689005,
        0.013673625987636093,
        0.05937840576521897,
        0.003449112908644542
      ],
      [
        0.1576790046423304,
        0.10787015829074056,
        0.05025708546078921,
        0.012674114336839746,
        0.6673691798619347,
        0.004150457407365324
      ],
      [
        0.7724272473516379,
        0.09848835479293223,
        0.05235313003634824,
        0.013961571614815151,
        0.059291778903381435,
        0.003477917300884979
      ],
      [
        0.13379699790662974,
        0.10339659993981036,
        0.03565004935190299,
        0.014761990734489226,
        0.7083137124257458,
        0.004080649641421909
      ],
      [
        0.8268299483392568,
        0.07980658406056271,
        0.02652094537094684,
        0.011936561237880523,
        0.05161537620295841,
        0.003290584788394666
      ],
      [
        0.12147702263190083,
        0.08351424685470242,
        0.016900192204588767,
        0.01638144176629846,
        0.7579588418477158,
        0.0037682546947937568
      ],
      [
        0.8293212093108498,
        0.08026425392980076,
        0.012149526931192785,
        0.022084083320014023,
        0.05248358184444243,
        0.0036973446637001664
      ],
      [
        0.94761133180295,
        0.017919047844071966,
        0.002594419550208216,
        0.003427314148735675,
        0.024779201674611784,
        0.0036686849794224136
      ]
    ],
    [
      [
        0.9543631169892142,
        0.015609663659490304,
        0.002260054045436016,
        0.0029856062432957334,
        0.02158568955544865,
        0.0031958695071152014
      ],
      [
        0.8430260191769344,
        0.07707137242599373,
        0.013448056463799155,
        0.014862581482589026,
        0.047857188047724646,
        0.0037347824029589504
      ],
      [
        0.9459087032388325,
        0.018501415820794502,
        0.0026787380294807624,
        0.003538701652344134,
        0.025584524238043485,
        0.0037879170205046297
      ],
      [
        0.8304189414673468,
        0.08031722057186337,
        0.012149623012709719,
        0.022110408438244102,
        0.05130636576461889,
        0.0036974407452171
      ],
      [
        0.940483562527512,
        0.02035703382584332,
        0.0029474047394482616,
        0.003893619274010982,
        0.02815054968639659,
        0.0041678299467888535
      ],
      [
        0.13744945932870425,
        0.09262923246982306,
        0.010761107224968692,
        0.01271663499857415,
        0.7421156731923818,
        0.004327892785548142
      ],
      [
        0.8004004407484844,
        0.09079853452933705,
        0.024050859146999254,
        0.02637737691750159,
        0.05452365351807305,
        0.0038491351396046382
      ],
      [
        0.9387889803560961,
        0.02093664961014038,
        0.0030313247409726194,
        0.004004480375317156,
        0.02895206640412981,
        0.004286498513343869
      ],
      [
        0.7542544949130713,
        0.12453726302200631,
        0.04212935946074352,
        0.013311888908697427,
        0.0611748074429471,
        0.0045921862525343474
      ],
      [
        0.9300010350698127,
        0.02394248307480686,
        0.00346652605151439,
        0.004579395719694827,
        0.0331086574389547,
        0.004901902645216606
      ],
      [
        0.9332826541498767,
        0.022820036344905127,
        0.0033040119622912995,
        0.0043647092256316414,
        0.03155649160228359,
        0.004672096715011749
      ],
      [
        0.750631946354,
        0.10713809808555948,
        0.05796428642562097,
        0.015091001998108642,
        0.06520435323357929,
        0.003970313903131679
      ],
      [
        0.7633209269740663,
        0.1302247149509085,
        0.006149653069465194,
        0.017576123959792446,
        0.07840800201052617,
        0.004320579035241421
      ],
      [
        0.7667535691315065,
        0.1316025322036478,
        0.005517852016061516,
        0.016954949231888318,
        0.07529445505225835,
        0.0038766423646374925
      ],
      [
        0.7866516418095196,
        0.11412261852833763,
        0.005517976983980209,
        0.015866002764201387,
        0.07396506250573519,
        0.0038766974082259393
      ],
      [
        0.7830453623119427,
        0.11417583765028431,
        0.006143628680286645,
        0.014147155823651376,
        0.07817171598319098,
        0.004316299550644128
      ],
      [
        0.8223178106617235,
        0.08917126280001944,
        0.005674632840662595,
        0.01154908225800253,
        0.06730038617041903,
        0.00398682526917298
      ],
      [
        0.8203791559862545,
        0.08810382184572775,
        0.005757114773754942,
        0.011969619016667632,
        0.06974553133659574,
        0.004044757040999266
      ],
      [
        0.8224506478393845,
        0.08435413072441228,
        0.005945313858929509,
        0.01178897919789691,
        0.07128396685349601,
        0.0041769615258807615
      ],
      [
        0.1447626525980204,
        0.09035605095452402,
        0.006032865942029777,
        0.013205735353805578,
        0.740990959746354,
        0.004651735405266265
      ],
      [
        0.8289214827238263,
        0.08336832743177253,
        0.0057080081796619,
        0.011770392266519885,
        0.0662214891981716,
        0.0040103002000479405
      ],
      [
        0.824123443586316,
        0.0851245349800538,
        0.005965907697517177,
        0.011943130477461943,
        0.06865148016438896,
        0.004191503094262291
      ],
      [
        0.8232965788807509,
        0.08635777744153239,
        0.005773069707652857,
        0.01179720154698743,
        0.06871939720696067,
        0.004055975216115683
      ],
      [
        0.12715754673053892,
        0.10400244007027844,
        0.005114743976478739,
        0.012062436741254933,
        0.7477030102477771,
        0.00395982223367191
      ],
      [
        0.8257358219143395,
        0.08845925624073515,
        0.004811430785275445,
        0.012583644739245925,
        0.06502958699823275,
        0.0033802593221712402
      ],
      [
        0.8316377303151515,
        0.0856979956951858,
        0.004508209208170903,
        0.011739320874895284,
        0.06324956840460179,
        0.003167175501994737
      ],
      [
        0.1176806764476466,
        0.09858995224893079,
        0.004722797789804281,
        0.011089808726257406,
        0.7642277421200593,
        0.0036890226673016576
      ],
      [
        0.8126114419755394,
        0.09921436588277448,
        0.0046281576275900484,
        0.011555787190121227,
        0.06873875917673378,
        0.003251488147241111
      ],
      [
        0.790153436475784,
        0.11437237524656205,
        0.004868848226141403,
        0.016818865400931214,
        0.07036585598343595,
        0.003420618667145541
      ],
      [
        0.8004394054694614,
        0.10613623783671357,
        0.004948148315217792,
        0.012373905973642164,
        0.0726259854754437,
        0.0034763169295213827
      ],
      [
        0.7987074180780089,
        0.10959717800359309,
        0.004948292680020794,
        0.012413460100477358,
        0.07085718984357542,
        0.0034764612943243844
      ],
      [
        0.7547711595534183,
        0.1415199886443416,
        0.005149924738884093,
        0.019289088246102076,
        0.07565164967198634,
        0.0036181891452675237
      ],
      [
        0.7129048976146382,
        0.1661109796784148,
        0.005128499301393928,
        0.025161898393471344,
        0.08709057289194172,
        0.0036031521201400985
      ],
      [
        0.7123224689982202,
        0.18265075623178748,
        0.005147558349029444,
        0.014098596841156424,
        0.08216401161314228,
        0.003616607966664305
      ],
      [
        0.7500384674503627,
        0.15279569205385882,
        0.0052589713559561225,
        0.01725510579869263,
        0.07095693669801888,
        0.0036948266431108953
      ],
      [
        0.7549561978257893,
        0.14314329670491935,
        0.004987798917920424,
        0.02236198129353572,
        0.0710464487130998,
        0.0035042765447353377
      ],
      [
        0.8028559885455796,
        0.10633332017750481,
        0.004948366552117253,
        0.012433700118904262,
        0.0699520894394732,
        0.003476535166420844
      ],
      [
        0.8358557487401626,
        0.08903274765262617,
        0.004798568302139204,
        0.010949675697666469,
        0.055991847537181616,
        0.003371412070223856
      ],
      [
        0.8401534566580984,
        0.07113162190044736,
        0.02595778318555335,
        0.010476728211606764,
        0.04910962722165432,
        0.0031707828226398235
      ],
      [
        0.9544895112824372,
        0.01556643168842812,
        0.0022537946798774342,
        0.002977337414092949,
        0.021525906594932965,
        0.0031870183402314023
      ]
    ],
    [
      [
        0.9466844994280402,
        0.018236062080948072,
        0.002640318637090659,
        0.0034879483626096878,
        0.02521758209401978,
        0.0037335893972916473
      ],
      [
        0.8418439645109315,
        0.07701433714099999,
        0.013447953001761773,
        0.014834234195272383,
        0.04912483221011284,
        0.0037346789409215715
      ],
      [
        0.9466844994280402,
        0.018236062080948072,
        0.002640318637090659,
        0.0034879483626096878,
        0.02521758209401978,
        0.0037335893972916473
      ],
      [
        0.9454430052728287,
        0.018660703399977142,
        0.002701800572375501,
        0.003569168035301593,
        0.025804793701196527,
        0.0038205290183206436
      ],
      [
        0.943906922129244,
        0.019186106092766265,
        0.0027778713005618253,
        0.0036696599865731943,
        0.026531342310156948,
        0.00392809818069783
      ],
      [
        0.9418463855523388,
        0.019890893115928312,
        0.0028799142912126698,
        0.0038044621567190655,
        0.02750595100234587,
        0.004072393881455269
      ],
      [
        0.9415274899000273,
        0.01999996835390807,
        0.0028957068116814352,
        0.0038253245992806214,
        0.027656784759983323,
        0.004094725575119206
      ],
      [
        0.9372177198880289,
        0.021474084373644866,
        0.003109137539371885,
        0.004107273659034555,
        0.02969525345891691,
        0.0043965310810029044
      ],
      [
        0.9300010350698127,
        0.02394248307480686,
        0.00346652605151439,
        0.004579395719694827,
        0.0331086574389547,
        0.004901902645216606
      ],
      [
        0.24069049495991843,
        0.1248573681809615,
        0.23381043764230588,
        0.026875927840689765,
        0.3671790888996629,
        0.006586682476461468
      ],
      [
        0.9252887331807584,
        0.025554281311174855,
        0.003699891177374448,
        0.004887678779625311,
        0.03533751881067981,
        0.005231896740387183
      ],
      [
        0.7277011770377044,
        0.10513861741641672,
        0.07874143799011595,
        0.014150233496992615,
        0.06991925024059932,
        0.004349283818171017
      ],
      [
        0.16340298725377858,
        0.15286419494234263,
        0.006200436814555306,
        0.016448201979203176,
        0.6563347268260327,
        0.004749452184087667
      ],
      [
        0.15692583856127526,
        0.12541877316609923,
        0.005476330481910679,
        0.016595127573450007,
        0.6913767392489403,
        0.004207190968324542
      ],
      [
        0.7577981268737419,
        0.1424353872183431,
        0.005365486938208212,
        0.016499088011089215,
        0.07413221510763146,
        0.0037696958509861687
      ],
      [
        0.7722266845465954,
        0.12584362057801074,
        0.00585870497150065,
        0.016383347185015565,
        0.0755715206431755,
        0.004116122075702158
      ],
      [
        0.15153901659887986,
        0.10741378830283688,
        0.0060411215476854725,
        0.01655598405807595,
        0.7137860174053032,
        0.004664072087218588
      ],
      [
        0.1568770835809939,
        0.10676286196018918,
        0.006289675419223358,
        0.01726800173567326,
        0.7080152891375412,
        0.004787088166379139
      ],
      [
        0.14999935009287457,
        0.09497290638347793,
        0.006241672788372062,
        0.017061369251947414,
        0.7269961473753653,
        0.004728554107962701
      ],
      [
        0.14524088356584489,
        0.0922010570369141,
        0.006024259599165926,
        0.016380821052455013,
        0.7355078793952893,
        0.0046450993503307945
      ],
      [
        0.7953524447472685,
        0.103852058310978,
        0.005972108354267025,
        0.015389712855692624,
        0.07523788038878529,
        0.004195795343008604
      ],
      [
        0.6750320863746333,
        0.23383499707296193,
        0.005741702574771088,
        0.011864170023467003,
        0.06949313231940095,
        0.004033911634765672
      ],
      [
        0.8155222420861653,
        0.08573451510437141,
        0.0058108435168222556,
        0.011744280733928367,
        0.0771057887555446,
        0.004082329803168052
      ],
      [
        0.8057815491781809,
        0.08804005674973292,
        0.0061466224682755165,
        0.012151870893672628,
        0.0835617395739487,
        0.00431816113618929
      ],
      [
        0.81159546447338,
        0.09800698074198251,
        0.005080674707870542,
        0.011225851457950322,
        0.07052168967031318,
        0.003569338948503396
      ],
      [
        0.8269249664020513,
        0.09071809330717374,
        0.004605530341565068,
        0.012653577810583098,
        0.06186224711871115,
        0.0032355850199155996
      ],
      [
        0.6962010545595579,
        0.21228293737411377,
        0.004740246589633843,
        0.013198847839486404,
        0.07024668460414658,
        0.0033302290330614204
      ],
      [
        0.6894114100034544,
        0.21408834656858303,
        0.004742472899309694,
        0.013876468965736537,
        0.07454961027624137,
        0.003331691286675053
      ],
      [
        0.15545125742338806,
        0.29320135425861477,
        0.005005326663520952,
        0.021916410436869916,
        0.5205712081337485,
        0.0038544430838578303
      ],
      [
        0.6194854941132417,
        0.27130626464043117,
        0.005060796900155079,
        0.023770023888702228,
        0.07682198383224462,
        0.00355543662522515
      ],
      [
        0.1472786812744923,
        0.11742299538371988,
        0.00557321739476671,
        0.02108327055245989,
        0.7043100990401754,
        0.004331736354385781
      ],
      [
        0.714701935555045,
        0.17661024404793138,
        0.004945672045922142,
        0.019309392696477204,
        0.080958037807713,
        0.003474717846911219
      ],
      [
        0.728027602763834,
        0.16189052087135206,
        0.005272240792832046,
        0.013869895008216511,
        0.08723554086116744,
        0.0037041997025979126
      ],
      [
        0.5002096602093162,
        0.3358204621483025,
        0.006819696667124655,
        0.03956817840441849,
        0.1128631551665231,
        0.004718847404314977
      ],
      [
        0.7225317499404202,
        0.17766373397327706,
        0.005059688028708137,
        0.016929490056662385,
        0.07426050711490888,
        0.003554830886023275
      ],
      [
        0.3169823471840484,
        0.16383668418797337,
        0.005198273045710891,
        0.02550784034929904,
        0.48445540271370824,
        0.004019452519260086
      ],
      [
        0.7877527155049607,
        0.12030128443961297,
        0.004848184128999493,
        0.017077689581036868,
        0.06661400419006024,
        0.0034061221553297254
      ],
      [
        0.8094505873230372,
        0.10283657385889021,
        0.004888258386536974,
        0.014166493090397386,
        0.06522374496077435,
        0.0034343423803639022
      ],
      [
        0.8403238034843222,
        0.07427040307926189,
        0.019117132350218724,
        0.011598336314778633,
        0.05157475594232081,
        0.0031155688290976256
      ],
      [
        0.9570204330910107,
        0.014700753851250572,
        0.002128457021063247,
        0.002811762215822186,
        0.0203288114200484,
        0.0030097824008049217
      ]
    ],
    [
      [
        0.9456235402519187,
        0.018598953120018205,
        0.002692860022913812,
        0.0035573572733664004,
        0.02571940285599755,
        0.0038078864757853585
      ],
      [
        0.943906922129244,
        0.019186106092766265,
        0.0027778713005618253,
        0.0036696599865731943,
        0.026531342310156948,
        0.00392809818069783
      ],
      [
        0.8315357938403198,
        0.08037110978292994,
        0.012149720767767316,
        0.022137192085411615,
        0.050108645023296566,
        0.0036975385002746977
      ],
      [
        0.8304189414673468,
        0.08031722057186337,
        0.012149623012709719,
        0.022110408438244102,
        0.05130636576461889,
        0.0036974407452171
      ],
      [
        0.8406826190215211,
        0.07695830109387816,
        0.013447851352342428,
        0.014806383542329635,
        0.0503702676984265,
        0.003734577291502225
      ],
      [
        0.9454430052728287,
        0.018660703399977142,
        0.002701800572375501,
        0.003569168035301593,
        0.025804793701196527,
        0.0038205290183206436
      ],
      [
        0.9434957360219758,
        0.01932674840688739,
        0.0027982342781328173,
        0.003696560154332818,
        0.026725828328382766,
        0.00395689281028849
      ],
      [
        0.9387889803560961,
        0.02093664961014038,
        0.0030313247409726194,
        0.004004480375317156,
        0.02895206640412981,
        0.004286498513343869
      ],
      [
        0.9332826541498767,
        0.022820036344905127,
        0.0033040119622912995,
        0.0043647092256316414,
        0.03155649160228359,
        0.004672096715011749
      ],
      [
        0.7473029104256562,
        0.12870859251934463,
        0.036715390611491754,
        0.022784439255208344,
        0.05976183955147932,
        0.004726827636819768
      ],
      [
        0.9270075738277984,
        0.02496636814501463,
        0.0036147698346901884,
        0.004775230666860462,
        0.03452452812957824,
        0.005111529396058102
      ],
      [
        0.7470446069064565,
        0.10747085774702289,
        0.056953927607515095,
        0.01438061332053872,
        0.06976651485369063,
        0.004383479564776197
      ],
      [
        0.738462369209819,
        0.1550309930701169,
        0.006238152132850108,
        0.01545084455539305,
        0.08043472369370817,
        0.004382917338112671
      ],
      [
        0.5742954284273368,
        0.2758997300635878,
        0.006448652078599549,
        0.036591093802873474,
        0.10230299025726768,
        0.0044621053703345955
      ],
      [
        0.10913012950103658,
        0.026118751932290414,
        0.0037810299692246155,
        0.004995086689536419,
        0.03611835557369289,
        0.8198566463342191
      ],
      [
        0.12353320745204044,
        0.02956592478715391,
        0.004280053196181443,
        0.005654342050914246,
        0.04088528376454628,
        0.7960811887491637
      ],
      [
        0.1527452444158673,
        0.1184548652166597,
        0.006023107096431806,
        0.016106090001562615,
        0.701978083828603,
        0.004692609440875514
      ],
      [
        0.1276011895868464,
        0.03053953873528889,
        0.004420996512535023,
        0.005840541073198446,
        0.04223164728380663,
        0.7893660868083247
      ],
      [
        0.7774533341005628,
        0.11870229958930903,
        0.006115735595418522,
        0.014433633096699844,
        0.07899828553520996,
        0.004296712082799941
      ],
      [
        0.7609193552244604,
        0.13814469202728416,
        0.006022623680071844,
        0.01421857591706189,
        0.07646344005146635,
        0.004231313099655334
      ],
      [
        0.7794700366301117,
        0.11822863404670976,
        0.005704310271779322,
        0.01584358049820287,
        0.076745797392062,
        0.004007641161134393
      ],
      [
        0.6144071336064321,
        0.2772682436802726,
        0.006022006737897883,
        0.014049541578418152,
        0.08402237823949789,
        0.004230696157481373
      ],
      [
        0.15127989886884957,
        0.09485506198333549,
        0.0062806712237878995,
        0.01896878812258942,
        0.7237096872475701,
        0.004905892553867521
      ],
      [
        0.15105007033222123,
        0.09599194572692099,
        0.006281482884436028,
        0.019002950754160565,
        0.7227854547756075,
        0.0048880955266536455
      ],
      [
        0.15245893175499675,
        0.09120592685842223,
        0.006350782882190739,
        0.01906077183786443,
        0.72595041318758,
        0.004973173478945845
      ],
      [
        0.7977148369644935,
        0.10880900695273973,
        0.004837145365685105,
        0.012150514886361182,
        0.07309030128418226,
        0.003398194546538186
      ],
      [
        0.6998779577201903,
        0.11059239275244806,
        0.004677170619144379,
        0.10199378116550421,
        0.07957288876042408,
        0.003285808982288862
      ],
      [
        0.14273270718179046,
        0.12500674782219084,
        0.005019326326763955,
        0.012650939377152707,
        0.7106469339026256,
        0.003943345389476401
      ],
      [
        0.17396175265478922,
        0.3155729817328211,
        0.005836591820951307,
        0.01308859713661696,
        0.48695466101354706,
        0.004585415641274439
      ],
      [
        0.7400141387556715,
        0.15366651195248485,
        0.005475351634198436,
        0.012871686308255031,
        0.08412571366272115,
        0.00384659768666912
      ],
      [
        0.6409310231346966,
        0.1472351118852038,
        0.004862490711660689,
        0.014832890962355112,
        0.18872228849128475,
        0.0034161948147989275
      ],
      [
        0.7726110769724882,
        0.13653355302667222,
        0.004967314323526034,
        0.014907499859537739,
        0.0674906325938117,
        0.003489923223964082
      ],
      [
        0.7585989674445283,
        0.141321828283571,
        0.005310137664514186,
        0.013469095156454704,
        0.07756914595745483,
        0.0037308254934770445
      ],
      [
        0.7161348401664033,
        0.17098263825008986,
        0.005272985770451805,
        0.015428564120331069,
        0.08847629059115264,
        0.0037046811015714154
      ],
      [
        0.15745957991074475,
        0.13445152910490407,
        0.0052385922698498085,
        0.01296410569672942,
        0.6857820978521786,
        0.004104095165593304
      ],
      [
        0.7516175413283606,
        0.14562188440626767,
        0.004976109147379723,
        0.015035912125998262,
        0.07925253433094295,
        0.0034960186610508343
      ],
      [
        0.7984974316135522,
        0.11033942850979417,
        0.004960209560242928,
        0.016168666219548107,
        0.06654943777247371,
        0.0034848263243888685
      ],
      [
        0.12411271238671893,
        0.09570383043840854,
        0.005005708257849937,
        0.0115828088027423,
        0.7597352106664153,
        0.003859729447865018
      ],
      [
        0.12137817973985032,
        0.08479596988540776,
        0.022590481455129326,
        0.011409677010329486,
        0.7560132192950711,
        0.0038124726142118857
      ],
      [
        0.953165170465577,
        0.016019409923528787,
        0.002319379391698647,
        0.003063976990466614,
        0.022152303663540738,
        0.0032797595651882223
      ]
    ],
    [
      [
        0.9456235402519187,
        0.018598953120018205,
        0.002692860022913812,
        0.0035573572733664004,
        0.02571940285599755,
        0.0038078864757853585
      ],
      [
        0.943906922129244,
        0.019186106092766265,
        0.0027778713005618253,
        0.0036696599865731943,
        0.026531342310156948,
        0.00392809818069783
      ],
      [
        0.13744945932870425,
        0.09262923246982306,
        0.010761107224968692,
        0.01271663499857415,
        0.7421156731923818,
        0.004327892785548142
      ],
      [
        0.8326722703703159,
        0.08042594587862101,
        0.012149820240474129,
        0.022164446346700017,
        0.04888987919090747,
        0.0036976379729815093
      ],
      [
        0.9454430052728287,
        0.018660703399977142,
        0.002701800572375501,
        0.003569168035301593,
        0.025804793701196527,
        0.0038205290183206436
      ],
      [
        0.9454430052728287,
        0.018660703399977142,
        0.002701800572375501,
        0.003569168035301593,
        0.025804793701196527,
        0.0038205290183206436
      ],
      [
        0.9454430052728287,
        0.018660703399977142,
        0.002701800572375501,
        0.003569168035301593,
        0.025804793701196527,
        0.0038205290183206436
      ],
      [
        0.9391383566524042,
