{
  "prediction": [
    [
      [
        0.9554636751174428,
        0.015233228173847957,
        0.002205551619199919,
        0.002913606733207087,
        0.02106513897165756,
        0.0031187993846446853
      ],
      [
        0.9481804919127407,
        0.017724372018377822,
        0.0025662332998823705,
        0.0033900791785729566,
        0.024509995878186468,
        0.0036288277122397132
      ],
      [
        0.9548879248635908,
        0.015430158095910631,
        0.0022340642301525936,
        0.0029512728365663735,
        0.021337461825919647,
        0.003159118147860063
      ],
      [
        0.958039274415753,
        0.014352268824395024,
        0.0020780014179253843,
        0.0027451086930704357,
        0.019846911888545513,
        0.0029384347603106462
      ],
      [
        0.958039274415753,
        0.014352268824395024,
        0.0020780014179253843,
        0.0027451086930704357,
        0.019846911888545513,
        0.0029384347603106462
      ],
      [
        0.9519448121211799,
        0.016436821938621712,
        0.002379814628094712,
        0.003143813939261498,
        0.022729518289752892,
        0.0033652190830893622
      ],
      [
        0.9544895112824372,
        0.01556643168842812,
        0.0022537946798774342,
        0.002977337414092949,
        0.021525906594932965,
        0.0031870183402314023
      ],
      [
        0.9545778834573391,
        0.015536204822874003,
        0.0022494182659285726,
        0.002971556026326867,
        0.02148410763306432,
        0.0031808297944672316
      ],
      [
        0.9545778834573391,
        0.015536204822874003,
        0.0022494182659285726,
        0.002971556026326867,
        0.02148410763306432,
        0.0031808297944672316
      ],
      [
        0.9544519802308817,
        0.015579268829199288,
        0.0022556533126170367,
        0.0029797927294968247,
        0.021543658324983696,
        0.003189646572821422
      ],
      [
        0.9543631169892142,
        0.015609663659490304,
        0.002260054045436016,
        0.0029856062432957334,
        0.02158568955544865,
        0.0031958695071152014
      ],
      [
        0.9527888418233743,
        0.01614812957181915,
        0.002338016139305241,
        0.003088596751273369,
        0.022330302525546526,
        0.003306113188681427
      ],
      [
        0.9512384748849387,
        0.01667841790137168,
        0.002414794237193599,
        0.0031900231613482795,
        0.02306360719541614,
        0.0034146826197316354
      ],
      [
        0.9513301261759084,
        0.0166470694452193,
        0.0024102554331110215,
        0.003184027250837464,
        0.023020257251605118,
        0.0034082644433187427
      ],
      [
        0.9511195634724039,
        0.01671909042395621,
        0.0024206830315462798,
        0.003197802453715359,
        0.023119850844549022,
        0.003423009773829304
      ],
      [
        0.9447052679852276,
        0.018913039452941042,
        0.0027383351915544157,
        0.003617431477203468,
        0.026153734448527394,
        0.003872191444546134
      ],
      [
        0.9469932463410176,
        0.018130458123150513,
        0.0026250287079005877,
        0.0034677498597722838,
        0.02507154856641978,
        0.003711968401739272
      ],
      [
        0.9490523112594076,
        0.017426174466847185,
        0.002523058597507141,
        0.0033330439668601093,
        0.024097635950775614,
        0.0035677757586024053
      ],
      [
        0.9544519802308817,
        0.015579268829199288,
        0.0022556533126170367,
        0.0029797927294968247,
        0.021543658324983696,
        0.003189646572821422
      ],
      [
        0.9579301807281198,
        0.014389583287149323,
        0.002083404013672529,
        0.002752245700977504,
        0.019898511873433906,
        0.002946074396646971
      ],
      [
        0.9543631169892142,
        0.015609663659490304,
        0.002260054045436016,
        0.0029856062432957334,
        0.02158568955544865,
        0.0031958695071152014
      ],
      [
        0.9564514805264225,
        0.014895358688073628,
        0.002156632993224951,
        0.0028489836081896773,
        0.020597919050121986,
        0.003049625133967325
      ],
      [
        0.9520433324727927,
        0.016403123985325306,
        0.0023749356507296775,
        0.0031373686485785773,
        0.022682919363960663,
        0.003358319878613121
      ],
      [
        0.9512384748849387,
        0.01667841790137168,
        0.002414794237193599,
        0.0031900231613482795,
        0.02306360719541614,
        0.0034146826197316354
      ],
      [
        0.9533038856117624,
        0.015971963721387455,
        0.002312509866292512,
        0.0030549021198977206,
        0.02208669308970975,
        0.0032700455909502367
      ],
      [
        0.955097039343994,
        0.015358632468171055,
        0.0022237083513936746,
        0.002937592377756161,
        0.021238553224855305,
        0.003144474233829845
      ],
      [
        0.9546209935692903,
        0.015521459417327285,
        0.002247283343986344,
        0.0029687357237360777,
        0.02146371707543003,
        0.003177810870229991
      ],
      [
        0.9593430942612596,
        0.013906309593215345,
        0.0020134329565854505,
        0.0026598116172390856,
        0.019230220989329465,
        0.0028471305823710292
      ],
      [
        0.958074680898839,
        0.01434015837214948,
        0.0020762479991979434,
        0.0027427923688611404,
        0.019830165053491864,
        0.0029359553074605922
      ],
      [
        0.958074680898839,
        0.01434015837214948,
        0.0020762479991979434,
        0.0027427923688611404,
        0.019830165053491864,
        0.0029359553074605922
      ],
      [
        0.955357128791725,
        0.015269671335582243,
        0.0022108280631325194,
        0.0029205770903892015,
        0.0211155340854009,
        0.0031262606337702334
      ],
      [
        0.9522775534703691,
        0.016323010911141533,
        0.0023633364336452484,
        0.003122045698663044,
        0.02257213568620908,
        0.0033419177999719505
      ],
      [
        0.9524314739043918,
        0.01627036388428722,
        0.002355713903870244,
        0.0031119760843846076,
        0.022499333196515224,
        0.00333113902655093
      ],
      [
        0.953165170465577,
        0.016019409923528787,
        0.002319379391698647,
        0.003063976990466614,
        0.022152303663540738,
        0.0032797595651882223
      ],
      [
        0.953165170465577,
        0.016019409923528787,
        0.002319379391698647,
        0.003063976990466614,
        0.022152303663540738,
        0.0032797595651882223
      ],
      [
        0.953165170465577,
        0.016019409923528787,
        0.002319379391698647,
        0.003063976990466614,
        0.022152303663540738,
        0.0032797595651882223
      ],
      [
        0.9547938994027959,
        0.015462318614368673,
        0.0022387206091387113,
        0.002957424067418653,
        0.021381934723127494,
        0.003165702583150607
      ],
      [
        0.9554569346130136,
        0.01523553369955642,
        0.0022058854260530282,
        0.002914047703115179,
        0.021068327148116104,
        0.0031192714101457007
      ],
      [
        0.9482001505994806,
        0.017717647950743206,
        0.002565259751919333,
        0.0033887930894714764,
        0.02450069755890959,
        0.003627451049475799
      ],
      [
        0.9545778834573391,
        0.015536204822874003,
        0.0022494182659285726,
        0.002971556026326867,
        0.02148410763306432,
        0.0031808297944672316
      ]
    ],
    [
      [
        0.9471523808734561,
        0.018076027663309773,
        0.0026171479627646595,
        0.0034573391344503985,
        0.02499627987171167,
        0.0037008244943074475
      ],
      [
        0.8321184651244328,
        0.07907369454612273,
        0.01217860611939889,
        0.02160990956264426,
        0.051406503647918364,
        0.003612820999483011
      ],
      [
        0.8353935186925054,
        0.07331542515026877,
        0.03303983432746612,
        0.010245955364341593,
        0.04484885380000632,
        0.0031564126654118328
      ],
      [
        0.8135420006930487,
        0.07956674270919593,
        0.04424800206442821,
        0.010981478767220276,
        0.048470432780005394,
        0.0031913429861015487
      ],
      [
        0.6995070883039854,
        0.0816951302117443,
        0.03646287989336753,
        0.011566996326298557,
        0.16740375969291957,
        0.003364145571684583
      ],
      [
        0.8056324592912693,
        0.08587835626392763,
        0.04014479151425198,
        0.013329483881237596,
        0.05163736929324324,
        0.003377539756070305
      ],
      [
        0.8166903838647063,
        0.0817886870069153,
        0.036436658469314,
        0.01167251877075065,
        0.050026140080816676,
        0.003385611807497095
      ],
      [
        0.820786100680655,
        0.08356728786558686,
        0.021011594253401142,
        0.021896056203214477,
        0.04903955199998152,
        0.003699408997160873
      ],
      [
        0.13609371068730272,
        0.0952227965521976,
        0.0150565507033964,
        0.012453035632209564,
        0.7368463862875793,
        0.004327520137314333
      ],
      [
        0.8220139408545102,
        0.08186785522348625,
        0.020325298101513435,
        0.014978400193446527,
        0.056849297438742015,
        0.003965208188301593
      ],
      [
        0.7546271339306755,
        0.10792301671575212,
        0.056044324000052076,
        0.019384339243870695,
        0.058569555101745684,
        0.0034516310079040356
      ],
      [
        0.7744319288861817,
        0.09821636044237761,
        0.051461677037201566,
        0.013933751646628785,
        0.058451179400545984,
        0.0035051025870643606
      ],
      [
        0.15794408344650732,
        0.11101109856616743,
        0.050323340699518666,
        0.01272565383515374,
        0.663845293184327,
        0.004150530268325815
      ],
      [
        0.7746767231588739,
        0.09992450273399515,
        0.040533443733357,
        0.013784481879970348,
        0.06741953541519022,
        0.0036613130786133995
      ],
      [
        0.6613809219762338,
        0.10520401290733122,
        0.16360559047856496,
        0.012420748058271222,
        0.053705646805806466,
        0.0036830797737923793
      ],
      [
        0.5872041718802457,
        0.24885560112303795,
        0.07775499777653509,
        0.014597416712390896,
        0.06768001565432465,
        0.0039077968534658525
      ],
      [
        0.6130446981923223,
        0.1000619914193921,
        0.20907643945836799,
        0.013481602092422159,
        0.06058622884845049,
        0.0037490399890449263
      ],
      [
        0.6299748138067398,
        0.22837339278839544,
        0.06018237948398111,
        0.021045302418717445,
        0.05700293371229871,
        0.003421177789867471
      ],
      [
        0.12166787219844152,
        0.22037877400627476,
        0.03552415380404034,
        0.013627581798652717,
        0.6050846644066951,
        0.003716953785895599
      ],
      [
        0.8204819423477935,
        0.08523455403377103,
        0.02098796704075817,
        0.01063615482937164,
        0.059264709768412624,
        0.0033946719798931355
      ],
      [
        0.8099069695183696,
        0.0891432635627895,
        0.028095197402012738,
        0.01062977794167864,
        0.05875124470832132,
        0.0034735468668282065
      ],
      [
        0.7678908768295046,
        0.09880894993542988,
        0.04947380342292684,
        0.012296396576323183,
        0.06776539648499486,
        0.0037645767508205663
      ],
      [
        0.26808969975311364,
        0.09415209018760955,
        0.04510941091991955,
        0.012413030544713467,
        0.5763266218784587,
        0.003909146716185045
      ],
      [
        0.7321818984339657,
        0.10689567836600782,
        0.07142576411214505,
        0.020094225966851533,
        0.06590400688686841,
        0.0034984262341613732
      ],
      [
        0.6249715568265478,
        0.22768599532858153,
        0.06086242769202834,
        0.021141810339796892,
        0.0619419533998152,
        0.003396256413230205
      ],
      [
        0.12872881686718277,
        0.08965681892157194,
        0.14073290235157515,
        0.013638693621657434,
        0.6235431721611251,
        0.003699596076887533
      ],
      [
        0.10793631508864926,
        0.08253113462475162,
        0.02279048403109896,
        0.00999622670885089,
        0.7733714492350544,
        0.0033743903115948516
      ],
      [
        0.8376116125684342,
        0.08252454832127439,
        0.017649534933070546,
        0.011014627063939056,
        0.04821230338487253,
        0.002987373728409199
      ],
      [
        0.8416630415820462,
        0.07062791046762458,
        0.026422560040040035,
        0.010378848899853684,
        0.047843866965302545,
        0.0030637720451330017
      ],
      [
        0.8461244120804106,
        0.06939117871593717,
        0.025468991120818695,
        0.010282879691086743,
        0.04567305925385707,
        0.003059479137889703
      ],
      [
        0.8444908882015545,
        0.07057951280289974,
        0.025701103233640322,
        0.010469287233263506,
        0.045628600564715974,
        0.0031306079639259275
      ],
      [
        0.11650505199011692,
        0.0862332634642346,
        0.020656362127022737,
        0.010821077354005676,
        0.7621465676922818,
        0.0036376773723383105
      ],
      [
        0.11414328417640242,
        0.08454199751166352,
        0.0202944583974263,
        0.010601714573011652,
        0.7668546102591951,
        0.0035639350823010087
      ],
      [
        0.8403238034843222,
        0.07427040307926189,
        0.019117132350218724,
        0.011598336314778633,
        0.05157475594232081,
        0.0031155688290976256
      ],
      [
        0.11542949777900227,
        0.08612672700952423,
        0.021226769245663094,
        0.010841524096197786,
        0.7627951730504474,
        0.0035803088191652685
      ],
      [
        0.12100252019063419,
        0.08464953868259295,
        0.02256958889142127,
        0.01133663720330463,
        0.7566293456736033,
        0.00381236935844363
      ],
      [
        0.8298599854828566,
        0.08646386648379904,
        0.018492037375510872,
        0.011540411467841391,
        0.050513722856346525,
        0.0031299763336456047
      ],
      [
        0.8361050707439766,
        0.07718295862324694,
        0.01949242650143503,
        0.012081114573895711,
        0.05186747103393055,
        0.003270958523515327
      ],
      [
        0.13698914170443705,
        0.0924498017498029,
        0.010735506344301577,
        0.012627135049706157,
        0.7428706488915382,
        0.004327766260214141
      ],
      [
        0.9463902385870122,
        0.018336711215016233,
        0.00265489117930441,
        0.0035071991734926954,
        0.025356763886107858,
        0.003754195959066629
      ]
    ],
    [
      [
        0.9543631169892142,
        0.015609663659490304,
        0.002260054045436016,
        0.0029856062432957334,
        0.02158568955544865,
        0.0031958695071152014
      ],
      [
        0.8275837953469104,
        0.07986628951626604,
        0.02658314840749817,
        0.011954710427198468,
        0.05072144585632319,
        0.0032906104458036546
      ],
      [
        0.13524537454438035,
        0.26505401198735346,
        0.005303780703795074,
        0.012630140454911037,
        0.5777185715720654,
        0.0040481207374946674
      ],
      [
        0.7563133964934701,
        0.1461916065247452,
        0.0050152345365961064,
        0.02248437865329929,
        0.06647171189509735,
        0.003523671896791874
      ],
      [
        0.6268397911129494,
        0.27612722842133175,
        0.005473865644712234,
        0.02531277037293039,
        0.06240031880152216,
        0.0038460256465539626
      ],
      [
        0.6117689833837386,
        0.16128394519520725,
        0.005452631879262033,
        0.15667624407213812,
        0.060986999150095145,
        0.0038311963195587742
      ],
      [
        0.7491504012402057,
        0.13993578074477722,
        0.016464584145488334,
        0.02466305715172416,
        0.06553775403595957,
        0.004248422681844934
      ],
      [
        0.757883609180351,
        0.10830604313971598,
        0.056322594997720604,
        0.01946553130937722,
        0.054570475584155294,
        0.003451745788679911
      ],
      [
        0.9459087032388325,
        0.018501415820794502,
        0.0026787380294807624,
        0.003538701652344134,
        0.025584524238043485,
        0.0037879170205046297
      ],
      [
        0.8034330885056146,
        0.08729495011601776,
        0.03763563761218724,
        0.012937337697622365,
        0.05531015741855725,
        0.003388828650000736
      ],
      [
        0.17881658816850693,
        0.12025313791185462,
        0.011053557461466818,
        0.013195745022988604,
        0.6719201887879285,
        0.004760782647254537
      ],
      [
        0.5921154713182798,
        0.2888590692873377,
        0.005128662846660915,
        0.025206707724410693,
        0.08508677315790392,
        0.0036033156654070855
      ],
      [
        0.5733547642561885,
        0.28677264481943004,
        0.005117404471714117,
        0.022121150149804727,
        0.10903858045928917,
        0.0035954558435734997
      ],
      [
        0.6265175857437367,
        0.27792438768729716,
        0.00517263868350452,
        0.016313788231028394,
        0.07043731063952816,
        0.0036342890149051467
      ],
      [
        0.6249830800022727,
        0.2788366933396015,
        0.005142608764544065,
        0.013281213108718829,
        0.07414317076296652,
        0.0036132340218964464
      ],
      [
        0.30926642375378366,
        0.49902637262251137,
        0.00697934361099009,
        0.07151373712646156,
        0.1082886363013208,
        0.004925486584932478
      ],
      [
        0.5870433099797276,
        0.3068880306394066,
        0.0055178599970602225,
        0.014529314604241672,
        0.08214451820690585,
        0.0038769665726580537
      ],
      [
        0.612323055472425,
        0.284702445546054,
        0.005063459226161746,
        0.023695404089270566,
        0.07065803881171101,
        0.0035575968543775315
      ],
      [
        0.6779468041798492,
        0.11470413290087528,
        0.004869215594225013,
        0.016919519601069983,
        0.18213934168875137,
        0.0034209860352291508
      ],
      [
        0.14505006498167974,
        0.11647534004947067,
        0.005381976020859729,
        0.01276484512121049,
        0.7161952671620588,
        0.004132506664720583
      ],
      [
        0.13933932022991208,
        0.1159558125869356,
        0.005514846781230837,
        0.012886606380858291,
        0.722100095492972,
        0.0042033185280911135
      ],
      [
        0.1486375127397121,
        0.340033171555342,
        0.005983043917223597,
        0.014074452477570266,
        0.4866839313247153,
        0.004587887985436825
      ],
      [
        0.6408675927534779,
        0.2605548810310524,
        0.005141546082489452,
        0.0167530928758462,
        0.07307065429020995,
        0.003612232966923985
      ],
      [
        0.7089740130605432,
        0.18208771447705557,
        0.005147231745202068,
        0.014009111530718788,
        0.08616564782364347,
        0.003616281362836929
      ],
      [
        0.7158395935883977,
        0.17925160580794194,
        0.005073807514003145,
        0.01690178060203181,
        0.07936846954531183,
        0.003564742942313673
      ],
      [
        0.6896332267082347,
        0.2138023462761817,
        0.004751549708321778,
        0.017777191891966734,
        0.07069740488873599,
        0.003338280526559222
      ],
      [
        0.7288232288258549,
        0.10021944500369158,
        0.004601691105919582,
        0.011726347612759053,
        0.1513962925867042,
        0.003232994865070619
      ],
      [
        0.8414307136762866,
        0.08260614353064308,
        0.004469804284266017,
        0.010118681337693126,
        0.05823430111489694,
        0.003140356056214119
      ],
      [
        0.13987766403488378,
        0.09301507901992216,
        0.005694180501735743,
        0.013290823617382243,
        0.7437316661134881,
        0.004390586712588058
      ],
      [
        0.8417971562623624,
        0.08735987588902261,
        0.00471297417332997,
        0.010755459904013645,
        0.052063188435029606,
        0.0033113453362418072
      ],
      [
        0.8420589225712588,
        0.08773631168982851,
        0.004724740609655862,
        0.01089736003601659,
        0.051263028251887416,
        0.003319636841352807
      ],
      [
        0.8342392731807896,
        0.08886955601820001,
        0.0048121750692904555,
        0.012787569128841393,
        0.05591042299669225,
        0.0033810036061862514
      ],
      [
        0.8323762624827227,
        0.08842116319675092,
        0.004776347492335955,
        0.01266839866940563,
        0.05840206640197337,
        0.0033557617568114873
      ],
      [
        0.8316000930946182,
        0.08758936586051429,
        0.004692096391861118,
        0.012538537869656068,
        0.06028340326699115,
        0.0032965035163590242
      ],
      [
        0.8316000930946182,
        0.08758936586051429,
        0.004692096391861118,
        0.012538537869656068,
        0.06028340326699115,
        0.0032965035163590242
      ],
      [
        0.8273149500734547,
        0.08842880906636066,
        0.004848415741436684,
        0.010976139663005032,
        0.06502537194824398,
        0.003406313507498953
      ],
      [
        0.1294093975803881,
        0.10462123979586689,
        0.00523103753687798,
        0.012438000455705442,
        0.744318968484525,
        0.003981356146636537
      ],
      [
        0.8328812754876967,
        0.08858593309286725,
        0.004792658197133683,
        0.012733102648522206,
        0.057639786347165156,
        0.0033672442266149336
      ],
      [
        0.8410245244171933,
        0.07162470126713603,
        0.025989124445091605,
        0.010577069250004636,
        0.0475832045591709,
        0.003201376061403469
      ],
      [
        0.9547938994027959,
        0.015462318614368673,
        0.0022387206091387113,
        0.002957424067418653,
        0.021381934723127494,
        0.003165702583150607
      ]
    ],
    [
      [
        0.955125008526373,
        0.01534906587420219,
        0.0022223232466360055,
        0.0029357626084988873,
        0.021225324142408714,
        0.0031425156018811385
      ],
      [
        0.752415088493225,
        0.10826264205862253,
        0.03774516433741762,
        0.012861117693357127,
        0.08466567107059213,
        0.004050316346785555
      ],
      [
        0.14066244686047874,
        0.29122819946180023,
        0.00540536191002781,
        0.012601403682771324,
        0.5459700681871182,
        0.004132519897803688
      ],
      [
        0.5484916628755108,
        0.18971205857740775,
        0.005741563796830064,
        0.17052304288306602,
        0.08149778739553454,
        0.004033884471650974
      ],
      [
        0.5759226050036019,
        0.3192360123249101,
        0.00536560864756546,
        0.016962131033508823,
        0.07874373692332123,
        0.003769906067092405
      ],
      [
        0.5678054552087803,
        0.1846829770704127,
        0.005858001075329527,
        0.16935767312951835,
        0.06817987162841306,
        0.004116021887546039
      ],
      [
        0.7461123565729102,
        0.12853693867417973,
        0.03430390548982133,
        0.012528375427582956,
        0.07406543805369918,
        0.004452985781806571
      ],
      [
        0.9387889803560961,
        0.02093664961014038,
        0.0030313247409726194,
        0.004004480375317156,
        0.02895206640412981,
        0.004286498513343869
      ],
      [
        0.9418463855523388,
        0.019890893115928312,
        0.0028799142912126698,
        0.0038044621567190655,
        0.02750595100234587,
        0.004072393881455269
      ],
      [
        0.9366807483803906,
        0.021657750392793943,
        0.0031357297285850485,
        0.004142402821674736,
        0.029949234438758635,
        0.004434134237797056
      ],
      [
        0.7646961075559578,
        0.10580926551653265,
        0.022034881851976724,
        0.022732801620420295,
        0.07979251576030547,
        0.004934427694807016
      ],
      [
        0.7075865631624164,
        0.16906551756046004,
        0.005203691703934638,
        0.02240317513202867,
        0.09208507206684462,
        0.0036559803743156124
      ],
      [
        0.3341482294492572,
        0.48234435400943926,
        0.00646457664369774,
        0.037009395321720574,
        0.13547124112086953,
        0.004562203455015744
      ],
      [
        0.15711244517336204,
        0.12875563610280194,
        0.005509232791603065,
        0.016692742317786415,
        0.6876679068359395,
        0.004262036778507047
      ],
      [
        0.6328962577687385,
        0.26190203686726543,
        0.004837188094119773,
        0.015614169090771344,
        0.08135172988693838,
        0.0033986182921665812
      ],
      [
        0.585116146165408,
        0.3119958859724895,
        0.00510205463874824,
        0.017669569600823942,
        0.0765316032220161,
        0.003584740400514239
      ],
      [
        0.5852371476540673,
        0.3081465104515108,
        0.005045060859410446,
        0.020274680487497827,
        0.07775190438757229,
        0.0035446961599413253
      ],
      [
        0.632274772430903,
        0.2717939084892585,
        0.004966620240659962,
        0.01824748069677293,
        0.06922768576581434,
        0.0034895323765912465
      ],
      [
        0.8119221849173069,
        0.10210190186057544,
        0.005064428124485535,
        0.0138524048523414,
        0.06350092705091155,
        0.003558153194379042
      ],
      [
        0.7927107679313398,
        0.11372644556057848,
        0.005208056612301268,
        0.014213266383455122,
        0.07048252582939729,
        0.003658937682928069
      ],
      [
        0.14159356634194167,
        0.11741673995751092,
        0.005379600748951694,
        0.1687724742221585,
        0.5627373823314362,
        0.004100236398001027
      ],
      [
        0.15100766412266622,
        0.15491637216687185,
        0.005177527908929587,
        0.022230308544086645,
        0.6626979210519955,
        0.00397020620545015
      ],
      [
        0.5987157464949409,
        0.2982982218637259,
        0.005093227267308588,
        0.016877192029214252,
        0.07743728824528379,
        0.003578324099526596
      ],
      [
        0.3388993691040902,
        0.49758780359313465,
        0.0067560464227748,
        0.03933887633498622,
        0.11274309953803653,
        0.004674805006977536
      ],
      [
        0.5994390980024358,
        0.2972617134552255,
        0.005034627617650781,
        0.016816463977742,
        0.07791096550922062,
        0.003537131437725255
      ],
      [
        0.7318718763719849,
        0.16030455801821986,
        0.004709200933808121,
        0.023304783435193165,
        0.0765010957019976,
        0.003308485538796259
      ],
      [
        0.1304667062852358,
        0.10088386402987476,
        0.004896318547021637,
        0.01886403857526484,
        0.7411405967483427,
        0.0037484758142603664
      ],
      [
        0.8162558792455681,
        0.1001516150249522,
        0.004638920121511497,
        0.015158963187411823,
        0.06053547869980999,
        0.00325914372074646
      ],
      [
        0.8345910183684471,
        0.08520133620001094,
        0.005025060897706917,
        0.011229968050158294,
        0.060422121816632604,
        0.003530494667044249
      ],
      [
        0.8355088301239871,
        0.08524562150808797,
        0.005025141231279373,
        0.011251978431137425,
        0.05943785370489147,
        0.003530575000616705
      ],
      [
        0.822535791481836,
        0.09013378661432656,
        0.005213635262188408,
        0.019922803434607093,
        0.05853090754614835,
        0.003663075660893706
      ],
      [
        0.8227394825895776,
        0.09026898302578727,
        0.005185288976922512,
        0.019868853627486003,
        0.05829423208629493,
        0.003643159693931593
      ],
      [
        0.818653538717504,
        0.08994646415014636,
        0.005213295459138541,
        0.01982970170444898,
        0.06269426411091826,
        0.00366273585784384
      ],
      [
        0.8319282244683517,
        0.08574421677629877,
        0.004963479612288777,
        0.011135923901667363,
        0.06274099478746965,
        0.003487160453923749
      ],
      [
        0.8219058788310946,
        0.09271850960961724,
        0.004796344506933597,
        0.013369929866744889,
        0.06383967669261799,
        0.0033696604929917863
      ],
      [
        0.8102314850739488,
        0.10048272671687124,
        0.00513140929715529,
        0.011463333992466837,
        0.06908599992090016,
        0.00360504499865776
      ],
      [
        0.8241697664252797,
        0.09255324143847217,
        0.0047853221703653736,
        0.01330571383076996,
        0.06182399804293213,
        0.003361958092180729
      ],
      [
        0.8359299324616394,
        0.08717163775127026,
        0.004750353482578304,
        0.010668694292443121,
        0.05814191281909565,
        0.0033374691929733183
      ],
      [
        0.8486264744064488,
        0.06947170020042805,
        0.017186503892778628,
        0.010535786264790485,
        0.051013930491474485,
        0.0031656047440796666
      ],
      [
        0.95780352927412,
        0.014432903217619916,
        0.002089676114484166,
        0.0027605313538713446,
        0.019958416467863352,
        0.0029549435720412237
      ]
    ],
    [
      [
        0.9520433324727927,
        0.016403123985325306,
        0.0023749356507296775,
        0.0031373686485785773,
        0.022682919363960663,
        0.003358319878613121
      ],
      [
        0.15359825534283503,
        0.09474497488458576,
        0.0435372413961268,
        0.012964550749283201,
        0.6908973011407437,
        0.004257676486425515
      ],
      [
        0.15122826560078412,
        0.350274642801319,
        0.005595423081687944,
        0.015495166357384642,
        0.4731393690793978,
        0.004267133079426422
      ],
      [
        0.6692352312937416,
        0.22936620443380856,
        0.005578737736949049,
        0.014212316309694705,
        0.07768804938947207,
        0.003919460836333914
      ],
      [
        0.7259657906183392,
        0.17253749706060809,
        0.006064945728285668,
        0.015506216955834044,
        0.07566428550093883,
        0.004261264135994064
      ],
      [
        0.5328434648940849,
        0.29313484508947224,
        0.02436028976200395,
        0.04744040244605936,
        0.0966829490043257,
        0.005538048804053932
      ],
      [
        0.743739144183767,
        0.1292390871112736,
        0.03736420644240521,
        0.02407607140347336,
        0.060616172679591254,
        0.0049653181794895715
      ],
      [
        0.9372177198880289,
        0.021474084373644866,
        0.003109137539371885,
        0.004107273659034555,
        0.02969525345891691,
        0.0043965310810029044
      ],
      [
        0.9415274899000273,
        0.01999996835390807,
        0.0028957068116814352,
        0.0038253245992806214,
        0.027656784759983323,
        0.004094725575119206
      ],
      [
        0.14150342340735303,
        0.10499249523361624,
        0.016987293319997324,
        0.012956928498007532,
        0.7191228588695718,
        0.004437000671454119
      ],
      [
        0.6108564872721194,
        0.2706219015893984,
        0.014646385476800671,
        0.021436038990170738,
        0.07836265031521181,
        0.004076536356299063
      ],
      [
        0.1626445155223409,
        0.15993897410925922,
        0.005536477347991524,
        0.03654447802814194,
        0.6310589203098663,
        0.004276634682400101
      ],
      [
        0.5821148696100418,
        0.1875025171482626,
        0.005164224576789802,
        0.14451930135017219,
        0.07707081123846726,
        0.003628276076266326
      ],
      [
        0.5625931887290742,
        0.35203056533778576,
        0.004885318171182033,
        0.012566177116276342,
        0.06449236524624143,
        0.0034323853994401863
      ],
      [
        0.7769747582811765,
        0.1334083756910447,
        0.004973965612659778,
        0.020211381703169967,
        0.060936800254268585,
        0.003494718457680572
      ],
      [
        0.647190401108466,
        0.26630170598539726,
        0.004943762781361639,
        0.013297096260958988,
        0.0647935359774526,
        0.0034734978863635575
      ],
      [
        0.1361884658151829,
        0.1373363030512687,
        0.005093236877278334,
        0.014990551439085882,
        0.7024375653492466,
        0.003953877467937451
      ],
      [
        0.7600449371559955,
        0.1433817591569936,
        0.005056565905897761,
        0.013408826720391703,
        0.07455527371282397,
        0.0035526373478973446
      ],
      [
        0.8112873623298918,
        0.1033371733998543,
        0.0051467084327471825,
        0.011661724937208264,
        0.06495114053376666,
        0.0036158903665317738
      ],
      [
        0.8182008202482703,
        0.09735313742920819,
        0.004879395222665188,
        0.011368883236168772,
        0.06476974238693893,
        0.0034280214767485506
      ],
      [
        0.7989962358699834,
        0.10645364348935225,
        0.005051592692052975,
        0.016422785186460172,
        0.06952671464558628,
        0.0035490281165649947
      ],
      [
        0.6312181187137919,
        0.2642647027037246,
        0.004975962473717032,
        0.014995725400862792,
        0.08104961872051554,
        0.0034958719873881433
      ],
      [
        0.6014273564883853,
        0.1634084814489779,
        0.005136842168634166,
        0.013430566086088431,
        0.21298781804812578,
        0.0036089357597883635
      ],
      [
        0.5885321479956084,
        0.29661396307980303,
        0.005272821164418671,
        0.015383464152907936,
        0.0904930871117236,
        0.003704516495538281
      ],
      [
        0.1571224257160522,
        0.13415154251099945,
        0.005223770716609277,
        0.012898554445358845,
        0.6864997430848024,
        0.004103963526177753
      ],
      [
        0.132276980618227,
        0.22539366511737488,
        0.004732408887021178,
        0.01384339786583491,
        0.6200519085132927,
        0.003701638998249254
      ],
      [
        0.8115560616664258,
        0.09995465197211195,
        0.004688266390171199,
        0.015402369274359937,
        0.06510487975161316,
        0.0032937709453178866
      ],
      [
        0.8340735284485407,
        0.0835926921300677,
        0.004710123409219984,
        0.013945136653443107,
        0.060369371820605124,
        0.0033091475381235003
      ],
      [
        0.8165943819155839,
        0.09992417296065809,
        0.005146866580329264,
        0.011705055370875128,
        0.06301347465843975,
        0.003616048514113854
      ],
      [
        0.8171434266353869,
        0.0997062928805648,
        0.0051264493461261225,
        0.011658622292974631,
        0.06276350492443263,
        0.0036017039205149546
      ],
      [
        0.8187634358035198,
        0.09381505970523721,
        0.005421799059098785,
        0.01164252738843457,
        0.06654787439547022,
        0.003809303648239442
      ],
      [
        0.8194149688158754,
        0.1000602690163944,
        0.005147113458646909,
        0.011772696901815895,
        0.05998865641483601,
        0.0036162953924314995
      ],
      [
        0.8162524140685845,
        0.09957213013766995,
        0.00513091019226796,
        0.011647179196884376,
        0.06379255204588782,
        0.0036048143587053996
      ],
      [
        0.8158096851561644,
        0.09049316254128921,
        0.005046917593991853,
        0.01490010505072295,
        0.07020449257086896,
        0.003545637086962637
      ],
      [
        0.16715150437025394,
        0.10303306003367704,
        0.005293710818734331,
        0.012710140524304563,
        0.7076661831682654,
        0.004145401084764653
      ],
      [
        0.15723833984966487,
        0.09187366878802979,
        0.005471340262757696,
        0.01727234161650686,
        0.723859810265576,
        0.004284499217464815
      ],
      [
        0.8219058788310946,
        0.09271850960961724,
        0.004796344506933597,
        0.013369929866744889,
        0.06383967669261799,
        0.0033696604929917863
      ],
      [
        0.8322714900529626,
        0.08556472437657188,
        0.005224987370932005,
        0.011396112061687032,
        0.06187173582430782,
        0.003670950313538577
      ],
      [
        0.8486264744064488,
        0.06947170020042805,
        0.017186503892778628,
        0.010535786264790485,
        0.051013930491474485,
        0.0031656047440796666
      ],
      [
        0.9560819085676232,
        0.015021767276790618,
        0.0021749351327546517,
        0.002873161340645187,
        0.02077272208321158,
        0.0030755055989748125
      ]
    ],
    [
      [
        0.9478509230334329,
        0.017837097932577827,
        0.0025825543855873983,
        0.0034116398733168274,
        0.02466587794213447,
        0.0036519068329505856
      ],
      [
        0.5907355238253267,
        0.10759250711838882,
        0.0559326349359618,
        0.013704775483532059,
        0.22791946275121153,
        0.0041150958855790416
      ],
      [
        0.1609609365760054,
        0.36179688765258994,
        0.005659491711490315,
        0.013481442985629031,
        0.45374759889403693,
        0.0043536421802482855
      ],
      [
        0.5153263260559068,
        0.31139114386950123,
        0.00661748136679712,
        0.03720899219670351,
        0.12467509231008375,
        0.00478096420100762
      ],
      [
        0.5404084338175587,
        0.34833765998433336,
        0.017941510648942817,
        0.013377905424860363,
        0.07509861518203614,
        0.004835874942268693
      ],
      [
        0.7513735898117384,
        0.12334512280945191,
        0.03405895365790516,
        0.013295354874240613,
        0.07325445371168936,
        0.004672525134974517
      ],
      [
        0.9287658312691032,
        0.02436497283764719,
        0.0035276964725107496,
        0.004660203871694805,
        0.03369289378510313,
        0.004988401763940976
      ],
      [
        0.92970455001852,
        0.024043892978933088,
