{
  "prediction": [
    [
      [
        0.9548879248635908,
        0.015430158095910631,
        0.0022340642301525936,
        0.0029512728365663735,
        0.021337461825919647,
        0.003159118147860063
      ],
      [
        0.9486790725570597,
        0.017553837230471436,
        0.0025415423234652667,
        0.0033574615810014123,
        0.02427417330888252,
        0.0035939129991196125
      ],
      [
        0.9543631169892142,
        0.015609663659490304,
        0.002260054045436016,
        0.0029856062432957334,
        0.02158568955544865,
        0.0031958695071152014
      ],
      [
        0.9479429831057202,
        0.017805609656646855,
        0.0025779953376185243,
        0.0034056172199617707,
        0.024622334649741423,
        0.0036454600303112315
      ],
      [
        0.9466656835967039,
        0.018242497857873585,
        0.0026412504447191456,
        0.0034891793113468557,
        0.02522648175296136,
        0.0037349070363951863
      ],
      [
        0.9448907101822565,
        0.018849610705556755,
        0.0027291516242303596,
        0.003605299680623737,
        0.026066022549040318,
        0.0038592052582924205
      ],
      [
        0.9479025462520823,
        0.017819440699502843,
        0.002579997873037683,
        0.0034082626355711604,
        0.024641460788768513,
        0.0036482917510375257
      ],
      [
        0.9477333068195966,
        0.01787732744471289,
        0.002588379038419779,
        0.0034193344326113296,
        0.024721508978065642,
        0.003660143286593864
      ],
      [
        0.9459087032388325,
        0.018501415820794502,
        0.0026787380294807624,
        0.003538701652344134,
        0.025584524238043485,
        0.0037879170205046297
      ],
      [
        0.940483562527512,
        0.02035703382584332,
        0.0029474047394482616,
        0.003893619274010982,
        0.02815054968639659,
        0.0041678299467888535
      ],
      [
        0.940483562527512,
        0.02035703382584332,
        0.0029474047394482616,
        0.003893619274010982,
        0.02815054968639659,
        0.0041678299467888535
      ],
      [
        0.9515096828145687,
        0.01658565379733961,
        0.0024013633335455593,
        0.0031722804928197685,
        0.02293532914950782,
        0.0033956904122185217
      ],
      [
        0.9547938994027959,
        0.015462318614368673,
        0.0022387206091387113,
        0.002957424067418653,
        0.021381934723127494,
        0.003165702583150607
      ],
      [
        0.9597661313208746,
        0.01376161377307074,
        0.0019924830898356517,
        0.0026321361494374535,
        0.019030129615053536,
        0.0028175060517280502
      ],
      [
        0.9561753137216426,
        0.014989818928390922,
        0.0021703094729313,
        0.0028670506908242905,
        0.02072854258354979,
        0.0030689646026612113
      ],
      [
        0.9520035602059909,
        0.01641672771254755,
        0.002376905274125307,
        0.003139970586314893,
        0.022701731161512615,
        0.003361105059508819
      ],
      [
        0.9579301807281198,
        0.014389583287149323,
        0.002083404013672529,
        0.002752245700977504,
        0.019898511873433906,
        0.002946074396646971
      ],
      [
        0.9579301807281198,
        0.014389583287149323,
        0.002083404013672529,
        0.002752245700977504,
        0.019898511873433906,
        0.002946074396646971
      ],
      [
        0.953331311474129,
        0.015962582964883718,
        0.002311151668118099,
        0.0030531078951280305,
        0.022073720991008457,
        0.0032681250067327964
      ],
      [
        0.953331311474129,
        0.015962582964883718,
        0.002311151668118099,
        0.0030531078951280305,
        0.022073720991008457,
        0.0032681250067327964
      ],
      [
        0.9523083338024667,
        0.016312482790032636,
        0.002361812113632848,
        0.00312003202144369,
        0.022557576964200958,
        0.0033397623082231783
      ],
      [
        0.9511366163336512,
        0.016713257654254552,
        0.0024198385306622196,
        0.0031966868400790343,
        0.02311178504897681,
        0.003421815592376187
      ],
      [
        0.9520849360622137,
        0.01638889387154352,
        0.0023728753355991856,
        0.003134646904056947,
        0.02266324137312544,
        0.003355406453461238
      ],
      [
        0.9520849360622137,
        0.01638889387154352,
        0.0023728753355991856,
        0.003134646904056947,
        0.02266324137312544,
        0.003355406453461238
      ],
      [
        0.9565528731683133,
        0.014860678295087772,
        0.002151611772769804,
        0.0028423504096738612,
        0.020549961566028566,
        0.0030425247881266963
      ],
      [
        0.9598633987577413,
        0.013728344367398348,
        0.001987666159982494,
        0.0026257728255726343,
        0.01898412330266884,
        0.0028106945866364494
      ],
      [
        0.9601488808921967,
        0.013630697906780287,
        0.0019735283615547757,
        0.002607096325628975,
        0.018849093731816535,
        0.002790702782022693
      ],
      [
        0.9596503081576918,
        0.013801229989209657,
        0.001998218946257849,
        0.0026397134057333117,
        0.01908491255987479,
        0.0028256169412326213
      ],
      [
        0.9526933638043781,
        0.016180786924054488,
        0.00234274445265284,
        0.0030948430097995127,
        0.022375462465083488,
        0.0033127993440316464
      ],
      [
        0.9583484769385987,
        0.014246509029556582,
        0.002062688925780572,
        0.002724880383822571,
        0.019700662863029666,
        0.002916781859211945
      ],
      [
        0.9583484769385987,
        0.014246509029556582,
        0.002062688925780572,
        0.002724880383822571,
        0.019700662863029666,
        0.002916781859211945
      ],
      [
        0.95780352927412,
        0.014432903217619916,
        0.002089676114484166,
        0.0027605313538713446,
        0.019958416467863352,
        0.0029549435720412237
      ],
      [
        0.958074680898839,
        0.01434015837214948,
        0.0020762479991979434,
        0.0027427923688611404,
        0.019830165053491864,
        0.0029359553074605922
      ],
      [
        0.9584783402436637,
        0.01420209051584485,
        0.002056257765968527,
        0.0027163846087214184,
        0.019639239102184382,
        0.002907687763617105
      ],
      [
        0.9579301807281198,
        0.014389583287149323,
        0.002083404013672529,
        0.002752245700977504,
        0.019898511873433906,
        0.002946074396646971
      ],
      [
        0.9561688623337096,
        0.014992025564539713,
        0.002170628962003177,
        0.0028674727464691927,
        0.020731594011428614,
        0.0030694163818497356
      ],
      [
        0.9579301807281198,
        0.014389583287149323,
        0.002083404013672529,
        0.002752245700977504,
        0.019898511873433906,
        0.002946074396646971
      ],
      [
        0.955125008526373,
        0.01534906587420219,
        0.0022223232466360055,
        0.0029357626084988873,
        0.021225324142408714,
        0.0031425156018811385
      ],
      [
        0.9459087032388325,
        0.018501415820794502,
        0.0026787380294807624,
        0.003538701652344134,
        0.025584524238043485,
        0.0037879170205046297
      ],
      [
        0.9550387544975854,
        0.015378568247936491,
        0.002226594764624007,
        0.0029414054252266918,
        0.021266121246976067,
        0.0031485558176514283
      ]
    ],
    [
      [
        0.9471523808734561,
        0.018076027663309773,
        0.0026171479627646595,
        0.0034573391344503985,
        0.02499627987171167,
        0.0037008244943074475
      ],
      [
        0.8410600731639645,
        0.07679598653200156,
        0.01345573463521694,
        0.014756577426429062,
        0.05021601867620644,
        0.0037156095661815386
      ],
      [
        0.8131852033354884,
        0.08151107311617266,
        0.0361474315169426,
        0.011588130049468369,
        0.0541826694743015,
        0.0033854925076265536
      ],
      [
        0.7499737779467113,
        0.10521081940906978,
        0.055441743743146546,
        0.01901392604749092,
        0.06677305186111589,
        0.0035866809924655105
      ],
      [
        0.7368826058229202,
        0.09949278552790908,
        0.0814398430815954,
        0.013391081682663949,
        0.06504477186407133,
        0.003748912020840154
      ],
      [
        0.7201859934726416,
        0.11164430172065594,
        0.07743161806267859,
        0.014503063124949516,
        0.07232736015275551,
        0.003907663466318898
      ],
      [
        0.7377342223859478,
        0.09963174284258854,
        0.08151558091768721,
        0.013413179965994981,
        0.06395633062671989,
        0.0037489432610616023
      ],
      [
        0.745209864273786,
        0.1121948391516866,
        0.05992047285838528,
        0.02109673023640393,
        0.05813479292395226,
        0.003443300555786033
      ],
      [
        0.1408880436633602,
        0.09271241837511042,
        0.01751992065370308,
        0.012692966324951796,
        0.7317567325527549,
        0.004429918430119745
      ],
      [
        0.938820519800961,
        0.020925861841698104,
        0.00302976282777314,
        0.004002417036252646,
        0.02893714863103292,
        0.004284289862282157
      ],
      [
        0.14744480246650912,
        0.09162617316963809,
        0.013146137044119611,
        0.013746435959018607,
        0.7293683213876967,
        0.004668129973017819
      ],
      [
        0.15447784779770019,
        0.08855294671463024,
        0.014009162838775617,
        0.013513183221230062,
        0.7245142982854365,
        0.004932561142227495
      ],
      [
        0.8310465877546165,
        0.07689389465949581,
        0.019139165057573442,
        0.012023437881743211,
        0.057608787246926745,
        0.0032881273996442635
      ],
      [
        0.8426489210202255,
        0.07125321584674471,
        0.017791994081773146,
        0.011115569065033734,
        0.05414562046553138,
        0.0030446795206914797
      ],
      [
        0.10579262074209982,
        0.07857794849746833,
        0.018901779733345492,
        0.00983343035152364,
        0.7835831257186424,
        0.0033110949569203664
      ],
      [
        0.12064056911019988,
        0.084508451008451,
        0.022549458733614948,
        0.011266262745574152,
        0.7572229885315026,
        0.0038122698706575258
      ],
      [
        0.8308977781063944,
        0.0766237328901778,
        0.0192060166680138,
        0.011995343113408077,
        0.05801487634915952,
        0.003262252872846472
      ],
      [
        0.8349855724557966,
        0.07472340640985027,
        0.018658503883859787,
        0.011656922075064797,
        0.056782632970021264,
        0.003192962205407205
      ],
      [
        0.11481785448497923,
        0.08801848320095164,
        0.02398256694065675,
        0.0104930341019568,
        0.7590508476511367,
        0.0036372136203188174
      ],
      [
        0.13859057300688352,
        0.09652577066815157,
        0.044366460835755454,
        0.01465281186576651,
        0.7018714817287505,
        0.0039929018946924105
      ],
      [
        0.7674849594850773,
        0.1009569357405005,
        0.05114006226996528,
        0.013839913023602683,
        0.06307315955293442,
        0.003504969927919766
      ],
      [
        0.639049234234267,
        0.09604620437549741,
        0.18417606903394745,
        0.01283720599158149,
        0.06432898227802553,
        0.003562304086681171
      ],
      [
        0.756375725062074,
        0.10722620755447176,
        0.05391106925266272,
        0.014238778361351541,
        0.06449347413588744,
        0.0037547456335525276
      ],
      [
        0.7755303775551209,
        0.10001603120144045,
        0.050706619954584996,
        0.013730703578310476,
        0.05656707411162304,
        0.003449193598920147
      ],
      [
        0.80483961409108,
        0.08451197306934462,
        0.044348215589016644,
        0.011269568093192435,
        0.05173450207606612,
        0.003296127081300208
      ],
      [
        0.8439897817813146,
        0.07273580045230861,
        0.023607221970175268,
        0.00999288940813297,
        0.04658838620051768,
        0.003085920187550896
      ],
      [
        0.8392877560519599,
        0.07281134473006487,
        0.03146222649981246,
        0.009757846103441698,
        0.04366931100510947,
        0.003011515609611559
      ],
      [
        0.8237383151094341,
        0.07504789941293696,
        0.040946041230653686,
        0.010407310912557526,
        0.046821659364055135,
        0.003038773970362684
      ],
      [
        0.7989323145121201,
        0.08545635640075558,
        0.0480781677530868,
        0.012924038699570432,
        0.05132059144959165,
        0.003288531184875512
      ],
      [
        0.8100337208553211,
        0.08167583783106262,
        0.037362821655179304,
        0.011657929802571163,
        0.05593998636754669,
        0.003329703488319167
      ],
      [
        0.8399168016409911,
        0.07267177477155663,
        0.02470282974699465,
        0.010492448489211171,
        0.04904494704820353,
        0.0031711983030428942
      ],
      [
        0.8349409430556929,
        0.07316069793982725,
        0.03312979933409821,
        0.010204488131695376,
        0.04543538358856094,
        0.003128687950125259
      ],
      [
        0.8415507713001618,
        0.07049210481800446,
        0.02560943588714221,
        0.010379552458055198,
        0.04881366781842738,
        0.0031544677182090528
      ],
      [
        0.8403238034843222,
        0.07427040307926189,
        0.019117132350218724,
        0.011598336314778633,
        0.05157475594232081,
        0.0031155688290976256
      ],
      [
        0.11141284707500686,
        0.08275239707652259,
        0.019905935594604747,
        0.01035583072138656,
        0.7720859928639168,
        0.0034869966685624728
      ],
      [
        0.8217356600276466,
        0.08376229642327034,
        0.020174303807878262,
        0.010480785634524717,
        0.06048474493733229,
        0.0033622091693477525
      ],
      [
        0.8177351980877784,
        0.08607052527743839,
        0.0207418245806844,
        0.010765506608794216,
        0.061231238933597866,
        0.0034557065117066903
      ],
      [
        0.12304130581908264,
        0.09145837850932173,
        0.03051106503769325,
        0.013653571103925627,
        0.7375846778852994,
        0.003751001644677383
      ],
      [
        0.8270627631165436,
        0.07866606250339157,
        0.011944632943000947,
        0.02158942862369198,
        0.05710243390150558,
        0.0036346789118664215
      ],
      [
        0.9468569244016478,
        0.018177085751563904,
        0.002631779715643199,
        0.0034766681645825516,
        0.025136027182589477,
        0.0037215147839731303
      ]
    ],
    [
      [
        0.9544895112824372,
        0.01556643168842812,
        0.0022537946798774342,
        0.002977337414092949,
        0.021525906594932965,
        0.0031870183402314023
      ],
      [
        0.8123432305176989,
        0.08144438800597714,
        0.03607795685507029,
        0.011567859193557975,
        0.05518110157686654,
        0.003385463850829186
      ],
      [
        0.7968438724781068,
        0.11837533256769445,
        0.004882892984356784,
        0.01512911798572149,
        0.061338102501509936,
        0.0034306814826105714
      ],
      [
        0.7353988050615157,
        0.1599958348812109,
        0.004993694122189085,
        0.02344154733179903,
        0.0726616771457996,
        0.0035084414574856693
      ],
      [
        0.7398904720780243,
        0.15842119600881724,
        0.005373183200849277,
        0.014322033413934943,
        0.0782180957897672,
        0.0037750195086069323
      ],
      [
        0.3225663232084985,
        0.3605476417008228,
        0.006319692722871121,
        0.0413916395178986,
        0.2647147473781105,
        0.004459955471798494
      ],
      [
        0.7131939404302586,
        0.18279729386388607,
        0.00514764335116489,
        0.014121886349241638,
        0.08112254303664904,
        0.0036166929687997513
      ],
      [
        0.7382870839796064,
        0.13329993509646332,
        0.01481680790188121,
        0.02515420399285387,
        0.08439296095827642,
        0.0040490080709187255
      ],
      [
        0.7912834411865999,
        0.0881375641022491,
        0.047698347274010275,
        0.012813217200110277,
        0.05677905571989845,
        0.003288374517132028
      ],
      [
        0.9367397302614756,
        0.02163757619891824,
        0.003132808796431941,
        0.0041385441735640105,
        0.029921336727729633,
        0.0044300038418804985
      ],
      [
        0.9487704405617674,
        0.017522585669702335,
        0.002537017548435956,
        0.0033514842033345823,
        0.024230957356021487,
        0.0035875146607383104
      ],
      [
        0.7864919534806466,
        0.08987374208165883,
        0.023432076814904217,
        0.012968211602104533,
        0.082489553876644,
        0.004744462144041874
      ],
      [
        0.1337712035531721,
        0.12378706475708938,
        0.0052217936721472595,
        0.012343516129922719,
        0.7208287063486003,
        0.004047715539068183
      ],
      [
        0.8290938155459353,
        0.08560382527487147,
        0.004559295561846823,
        0.010118672241183983,
        0.0674213564198175,
        0.003203034956344797
      ],
      [
        0.8318673230405305,
        0.08583001627763016,
        0.004559546031893657,
        0.010187297860413147,
        0.06435253136314105,
        0.0032032854263916314
      ],
      [
        0.8167349480348194,
        0.09252752436213306,
        0.005082075026070843,
        0.014985873994854028,
        0.06709920730761736,
        0.0035703712745052867
      ],
      [
        0.1278082752616305,
        0.10399712610707998,
        0.005141990020000432,
        0.01212669287566582,
        0.7469449996819258,
        0.003980916053697496
      ],
      [
        0.8213234580238573,
        0.08835420593407228,
        0.0048695309858154566,
        0.010824964918609212,
        0.07120683650958619,
        0.003421003628059497
      ],
      [
        0.7988888444061959,
        0.10600978317148475,
        0.004948008287075488,
        0.012335540036890021,
        0.07434164719697474,
        0.0034761769013790782
      ],
      [
        0.6296762373994346,
        0.2602643661891838,
        0.005149394478523902,
        0.01914380362612135,
        0.08214853942182901,
        0.003617658884907333
      ],
      [
        0.5830554045260328,
        0.16886033958223953,
        0.005128112371112513,
        0.025055884398998335,
        0.21429749393175815,
        0.003602765189858683
      ],
      [
        0.1735227040431886,
        0.3618519209457997,
        0.006229216209768234,
        0.014026009971305462,
        0.4395135237143924,
        0.004856625115545659
      ],
      [
        0.1536510986338491,
        0.3312637065197126,
        0.0057382313568995124,
        0.03103718330021535,
        0.4738359527304164,
        0.004473827458907016
      ],
      [
        0.15902526188971328,
        0.3310114877755987,
        0.005978275449337691,
        0.01586578194117569,
        0.483502466012693,
        0.004616726931481703
      ],
      [
        0.6449922998004292,
        0.2578805391528747,
        0.004942364765458553,
        0.02204141405736188,
        0.06667086658635779,
        0.0034725156375180473
      ],
      [
        0.7889094507120465,
        0.1265256020738226,
        0.0051060462708609105,
        0.020714042930276535,
        0.05515724058139494,
        0.0035876174315984557
      ],
      [
        0.7860496008638251,
        0.12864189801288786,
        0.004731304986591729,
        0.018461853790365912,
        0.058791109649462554,
        0.0033242326968667196
      ],
      [
        0.12913446686311655,
        0.13182662892922523,
        0.005129658760975466,
        0.012330320207253304,
        0.717680319771769,
        0.003898605467660383
      ],
      [
        0.7442258705143433,
        0.15287619645531936,
        0.00513118413577957,
        0.020436713085490422,
        0.07372491539882065,
        0.0036051204102467154
      ],
      [
        0.7496459946452992,
        0.14944349362638965,
        0.005081941647053803,
        0.022640507881255892,
        0.06961750535167162,
        0.003570556848329773
      ],
      [
        0.6408899113405137,
        0.262619345722982,
        0.005102769537670562,
        0.01981214261137432,
        0.06799064032610481,
        0.003585190461354638
      ],
      [
        0.8153260044959404,
        0.1066841501721165,
        0.0047939206757999005,
        0.012260790507843986,
        0.05756693996424164,
        0.0033681941840576607
      ],
      [
        0.13946081628091625,
        0.09285259275241882,
        0.005670997227746037,
        0.013209775552526542,
        0.7444153460507802,
        0.004390472135612254
      ],
      [
        0.8358768653640913,
        0.08603578675817171,
        0.004655504257054071,
        0.012329420161775212,
        0.0578315855298538,
        0.0032708379290538885
      ],
      [
        0.8211979931645728,
        0.09173175108870223,
        0.004869802529340447,
        0.010899364403840123,
        0.06787981364195987,
        0.0034212751715844876
      ],
      [
        0.13813457809702795,
        0.10193478220897129,
        0.005262236667546789,
        0.012412020793909259,
        0.7381936513366821,
        0.004062730895862614
      ],
      [
        0.13933932022991208,
        0.1159558125869356,
        0.005514846781230837,
        0.012886606380858291,
        0.722100095492972,
        0.0042033185280911135
      ],
      [
        0.779029415236901,
        0.11993290498072358,
        0.0051461721791358165,
        0.019492270021463188,
        0.07278381375917449,
        0.0036154238226020693
      ],
      [
        0.7853330009034865,
        0.0974116016102322,
        0.039955347801281314,
        0.011663611189767746,
        0.062053209978347255,
        0.003583228516885027
      ],
      [
        0.9544519802308817,
        0.015579268829199288,
        0.0022556533126170367,
        0.0029797927294968247,
        0.021543658324983696,
        0.003189646572821422
      ]
    ],
    [
      [
        0.9477333068195966,
        0.01787732744471289,
        0.002588379038419779,
        0.0034193344326113296,
        0.024721508978065642,
        0.003660143286593864
      ],
      [
        0.7741700422605922,
        0.0985119530752808,
        0.05276973513317916,
        0.013915958178308685,
        0.05718704335088769,
        0.0034452680017514822
      ],
      [
        0.6146515740188466,
        0.15598580675915025,
        0.0051308550679293055,
        0.02034655266400159,
        0.2002804201476758,
        0.00360479134239645
      ],
      [
        0.15281535086680068,
        0.1448617843838248,
        0.005850312447916188,
        0.021726616992225556,
        0.670265890815268,
        0.004480044493964916
      ],
      [
        0.159026174403058,
        0.3384243302754132,
        0.005524529216372551,
        0.01675432362672257,
        0.4760141680316196,
        0.004256474446814037
      ],
      [
        0.17770593726973005,
        0.18017813295171958,
        0.005246997522503178,
        0.016536996155476692,
        0.6162789092076951,
        0.004053026892875288
      ],
      [
        0.7164498558458144,
        0.15176003437500563,
        0.014929874666721864,
        0.016240816802580858,
        0.09646397825469888,
        0.004155440055178355
      ],
      [
        0.7406258888085041,
        0.11165567223181526,
        0.05952876485257774,
        0.02098244027326217,
        0.06376409484914611,
        0.0034431389846945435
      ],
      [
        0.9436997184089141,
        0.019256978163117344,
        0.0027881325536419327,
        0.00368321544172785,
        0.02662934714499016,
        0.003942608287608649
      ],
      [
        0.7402945028955196,
        0.11470810973839456,
        0.03766701027855291,
        0.028749630786330114,
        0.07446165032323375,
        0.004119095977969125
      ],
      [
        0.7629479856819728,
        0.1037013210493228,
        0.03151841353041361,
        0.013854984221781434,
        0.08392862745204298,
        0.004048668064466306
      ],
      [
        0.7194438005496804,
        0.15067878751586083,
        0.015063151337494685,
        0.016497657532885273,
        0.09392938305480812,
        0.004387220009270802
      ],
      [
        0.7603830879746112,
        0.1409680581164384,
        0.004959136323413908,
        0.015111735569918738,
        0.07509397344119918,
        0.0034840085744185225
      ],
      [
        0.6716178257369221,
        0.22222117938435446,
        0.004832655474830423,
        0.02132251714769859,
        0.07661078195073524,
        0.0033950403054593117
      ],
      [
        0.11969343899450458,
        0.09357396410583947,
        0.004748096296605083,
        0.020025012115950935,
        0.7582646366989876,
        0.0036948517881124246
      ],
      [
        0.8148775877858768,
        0.09164807823514996,
        0.005197292398472555,
        0.011086430384204593,
        0.07353939923031645,
        0.003651211965979596
      ],
      [
        0.8175742530172385,
        0.09467555047370982,
        0.0048913403382490825,
        0.013564322110873087,
        0.06585815510853828,
        0.0034363789513911806
      ],
      [
        0.7985869074108133,
        0.10685305705764456,
        0.004959925924866064,
        0.016090953720115493,
        0.07002461319754866,
        0.0034845426890120056
      ],
      [
        0.13940938628139582,
        0.10817818324812045,
        0.005203885430737322,
        0.020079764790485687,
        0.7230792445642663,
        0.004049535684994389
      ],
      [
        0.5896696777039139,
        0.29186795962347706,
        0.005074513380002917,
        0.02491873790836528,
        0.08490403831720983,
        0.003565073067031118
      ],
      [
        0.5460626548872379,
        0.33422202664230793,
        0.006198658099174967,
        0.014772579479545076,
        0.0943893139751393,
        0.0043547669165947935
      ],
      [
        0.3190151477373941,
        0.5169682767422223,
        0.007058452290685977,
        0.03944616655619101,
        0.1124124020475413,
        0.005099554625965369
      ],
      [
        0.5382894116106548,
        0.34404420542242486,
        0.006198829182026122,
        0.014819454013040585,
        0.09229316177240773,
        0.0043549379994459484
      ],
      [
        0.5505899457727987,
        0.34098953305254803,
        0.006199601196759659,
        0.015030976268147679,
        0.08283423369556643,
        0.004355710014179485
      ],
      [
        0.5806800111609756,
        0.31165517832934814,
        0.005044973313950995,
        0.02025069414086077,
        0.0788245344403826,
        0.003544608614481874
      ],
      [
        0.791305609407755,
        0.13212766039881985,
        0.004870994513985665,
        0.014548041371064392,
        0.05372522927367259,
        0.003422465034702669
      ],
      [
        0.6939890359887844,
        0.22407146618380672,
        0.004638691126310638,
        0.014368678990746337,
        0.0596729895343859,
        0.0032591381759661236
      ],
      [
        0.2546107914363904,
        0.17485776854320934,
        0.004807937505007055,
        0.025195413503950534,
        0.5368502924780473,
        0.0036777965333953887
      ],
      [
        0.5716392216110023,
        0.3137039987002156,
        0.0054837988460735105,
        0.021935441084646238,
        0.08338474613519489,
        0.0038527936228674783
      ],
      [
        0.16701576796579676,
        0.3253632568210246,
        0.005136053735909448,
        0.02700333134207887,
        0.471514261424701,
        0.003967328710489395
      ],
      [
        0.7633411181767171,
        0.14532113651652903,
        0.004929473728866285,
        0.015364427815952906,
        0.06758049871698563,
        0.003463345044949018
      ],
      [
        0.7884818759354756,
        0.12402238368378807,
        0.00484855571859429,
        0.017179500421751568,
        0.062061190495466025,
        0.003406493744924522
      ],
      [
        0.8009833541155088,
        0.11054216576743409,
        0.004960434059050557,
        0.016230176048306434,
        0.06379881918650358,
        0.003485050823196498
      ],
      [
        0.8179984048886129,
        0.09771702618484839,
        0.004894321695039023,
        0.013581367766036658,
        0.06237032145311485,
        0.003438558012348332
      ],
      [
        0.8133024739854703,
        0.10036262433435789,
        0.0049223652003566425,
        0.013562240608803745,
        0.06439207875090386,
        0.003458217120107562
      ],
      [
        0.13582135991911023,
        0.12163927103726915,
        0.005249253562190866,
        0.02130710489141253,
        0.7118923445156221,
        0.004090666074395218
      ],
      [
        0.7578220307058879,
        0.13841071196536084,
        0.005139316834657959,
        0.015055890363714807,
        0.07996154723443455,
        0.003610502895944024
      ],
      [
        0.14899223447986312,
        0.1561466050600288,
        0.005304610905546247,
        0.014419176042285145,
        0.6710356975363322,
        0.004101675975944536
      ],
      [
        0.1662709497096099,
        0.09415209018760955,
        0.04510941091991955,
        0.012413030544713467,
        0.6781453719219626,
        0.003909146716185045
      ],
      [
        0.9486176051595047,
        0.017574861571718264,
        0.002544586344689813,
        0.0033614828338520172,
        0.024303246638914578,
        0.0035982174513207376
      ]
    ],
    [
      [
        0.947102048816574,
        0.01809324326672936,
        0.0026196405337131313,
        0.0034606319032231816,
        0.02502008632129516,
        0.0037043491584652045
      ],
      [
        0.21493329855699406,
        0.26655019235727423,
        0.051551177619346175,
        0.012784795151124849,
        0.4499602005471192,
        0.004220335768141408
      ],
      [
        0.1679122606866974,
        0.19246228465080292,
        0.00547606598135466,
        0.013556565709615028,
        0.6163628528611189,
        0.004229970110411178
      ],
      [
        0.5366075449392373,
        0.3361114098700491,
        0.005491977581938822,
        0.01699917083122623,
        0.10093152867563382,
        0.0038583681019146287
      ],
      [
        0.7588362295701695,
        0.13619763617925007,
        0.005548986729623283,
        0.016013294318718087,
        0.07950545683453035,
        0.003898396367708766
      ],
      [
        0.5376959109096873,
        0.3296215253347225,
        0.01564504353362039,
        0.01760142022671307,
        0.09492737249874851,
        0.004508727496508348
      ],
      [
        0.13786568946097302,
        0.09437934734202832,
        0.044879255593538316,
        0.01298931000353571,
        0.7058341522902019,
        0.004052245309722717
      ],
      [
        0.936683213065088,
        0.021656907370733357,
        0.003135607671155754,
        0.004142241579768297,
        0.029948068672930157,
        0.00443396164032436
      ],
      [
        0.9436997184089141,
        0.019256978163117344,
        0.0027881325536419327,
        0.00368321544172785,
        0.02662934714499016,
        0.003942608287608649
      ],
      [
        0.7645299406513459,
        0.10388739049813901,
        0.03165359410260988,
        0.013894426312279284,
        0.08198592461209335,
        0.00404872382353243
      ],
      [
        0.1561016919099194,
        0.1794814289962854,
        0.0052941943119901155,
        0.015082298561884555,
        0.639892730482977,
        0.004147655736943457
      ],
      [
        0.3148300047474676,
        0.17567248638980204,
        0.005202291998858146,
        0.016223710421188472,
        0.48398441729308594,
        0.00408708914959774
      ],
      [
        0.7168020901151295,
        0.17200596175734184,
        0.005033199940360058,
        0.018998664057172203,
        0.08362406356836037,
        0.003536020561635889
      ],
      [
        0.6751527663273524,
        0.119217759465908,
        0.0049103697075538475,
        0.11780373200273812,
        0.07946580389566409,
        0.003449568600783526
      ],
      [
        0.14172846567460212,
        0.09938041609202793,
        0.004910754620570096,
        0.011791682774931235,
        0.7383672523416167,
        0.0038214284962518985
      ],
      [
        0.15829631469750655,
        0.09300782276392726,
        0.005669462610226576,
        0.01808684787121572,
        0.7204999071163214,
        0.004439644940802605
      ],
      [
        0.7936186148157667,
        0.11332169632563627,
        0.005116530244401337,
        0.013061915939661186,
        0.07128662187342201,
        0.0035946208011125103
      ],
      [
        0.8182008202482703,
        0.09735313742920819,
        0.004879395222665188,
        0.011368883236168772,
        0.06476974238693893,
        0.0034280214767485506
      ],
      [
        0.6622142773804985,
        0.24084824144120728,
        0.005188011729604092,
        0.013106976736385651,
        0.07499772498768158,
        0.0036447677246229404
      ],
      [
        0.15219080164560117,
        0.11936873387479309,
        0.005938691049906787,
        0.016213768930634698,
        0.7016428246522471,
        0.004645179846817068
      ],
      [
        0.16126768033123562,
        0.33008287988324103,
        0.0058889808146051275,
        0.013778006933659782,
        0.48438038612532874,
        0.004602065911929666
      ],
      [
        0.1594165124450241,
        0.3438937805253931,
        0.006092255519495475,
        0.013817435315359264,
        0.4720125425254424,
        0.004767473669285701
      ],
      [
        0.5426762010319155,
        0.15995839617625224,
        0.006281259335114496,
        0.19634157727627874,
        0.09032968228580332,
        0.004412883894635594
      ],
      [
        0.3053472810859169,
        0.5213018967132514,
        0.007154651947503671,
        0.04265387120753578,
        0.11837324258220894,
        0.005169056463583269
      ],
      [
        0.565062535397464,
        0.3320805652669994,
        0.0062250192454601444,
        0.016856306542917185,
        0.07540184087996679,
        0.0043737326671924185
      ],
      [
        0.686818209790949,
        0.23372389803969096,
        0.004918560750610995,
        0.012670042555403466,
        0.05841340277238529,
        0.0034558860909603122
      ],
      [
        0.7812269189170549,
        0.1388138971006842,
        0.004624520097855519,
        0.012460209494496539,
        0.059625233203238134,
        0.003249221186670785
      ],
      [
        0.7389084985907816,
        0.15980763145745516,
        0.00491156688464917,
        0.014458307828709147,
        0.07846314318342709,
        0.0034508520549779848
      ],
      [
        0.3167562787373206,
        0.338652744828738,
        0.006492416993765986,
        0.040642428607446573,
        0.29287427978928304,
        0.004581851043445842
      ],
      [
        0.30603444500046884,
        0.16932993848882658,
        0.005545942421105594,
        0.013288380377948368,
        0.5015108577354724,
        0.004290435976178203
      ],
      [
        0.6208295918783049,
        0.14219853320433082,
        0.005301465980616844,
        0.14674465451568647,
        0.08120110489242009,
        0.003724649528640907
      ],
      [
        0.7602124835921852,
        0.1474579725246284,
        0.004943276682777344,
        0.013163911408018415,
        0.07074934400461134,
        0.003473011787779263
      ],
      [
        0.1402112692332807,
        0.11575851568369573,
        0.005389843609216458,
        0.015089431281281982,
        0.7193198346824574,
        0.004231105510067621
      ],
      [
        0.7590781488770463,
        0.1404740339718742,
        0.004974284470633803,
        0.013067447655733476,
        0.07891139192161116,
        0.003494693103101054
      ],
      [
        0.7940328227705744,
        0.1096610082161543,
        0.005051446064810766,
        0.01638261117994825,
        0.07132323027918948,
        0.0035488814893227852
      ],
      [
        0.7681284683247193,
        0.1197926221438482,
        0.005062719215113163,
        0.018137377266016004,
        0.0853221285726574,
        0.0035566844776460946
      ],
      [
        0.1880766571688029,
        0.18720296108643553,
        0.004962053066523616,
        0.015500572209510736,
        0.6004142356022858,
        0.003843520866441357
      ],
      [
        0.7379781725298296,
        0.1538086505483752,
        0.0053726383866833415,
        0.014172761235585333,
        0.08489330260508564,
        0.0037744746944409963
      ],
      [
        0.7405303876247226,
        0.0946720237622683,
        0.06378298574675312,
        0.013116223391518049,
        0.08404317003800127,
        0.003855209436736662
      ],
      [
        0.9476925434376767,
        0.017891270173475526,
        0.002590397744346556,
        0.003422001209996824,
        0.02474078956099115,
        0.0036629978735132555
      ]
    ],
    [
      [
        0.9459863533796076,
        0.018474856325477445,
        0.0026748925978208973,
        0.003533621709767077,
        0.0255477966676634,
        0.0037824793196636806
      ],
      [
        0.5908711513145035,
        0.10763157612222456,
        0.059244368261043436,
        0.014353801686941831,
        0.22387564802343754,
        0.004023454591849225
      ],
      [
        0.3225663232084985,
        0.5119997607382074,
        0.006319692722871121,
        0.0413916395178986,
        0.11326262834072597,
        0.004459955471798494
      ],
      [
        0.72320111086799,
        0.1748737920210815,
        0.004952790754865796,
        0.01637170129855567,
        0.07712099086134785,
        0.003479614196159254
      ],
      [
        0.17135435537886518,
        0.28855355049345144,
        0.010417294523597234,
        0.02053986344974117,
        0.5044947300291691,
        0.004640206125175829
      ],
      [
        0.3414911819235765,
        0.11061680732943364,
        0.018332758748676035,
        0.013840448950747404,
        0.5108727118415132,
        0.004846091206053184
      ],
      [
        0.9298043773775229,
        0.024009747976136104,
        0.0034762650385727427,
        0.004592261244138153,
        0.03320167413103366,
        0.004915674232596488
      ],
      [
        0.9367397302614756,
        0.02163757619891824,
        0.003132808796431941,
