[
  [
    [
      0.9543631169892142,
      0.015609663659490304,
      0.002260054045436016,
      0.0029856062432957334,
      0.02158568955544865,
      0.0031958695071152014
    ],
    [
      0.9466844994280402,
      0.018236062080948072,
      0.002640318637090659,
      0.0034879483626096878,
      0.02521758209401978,
      0.0037335893972916473
    ],
    [
      0.9519448121211799,
      0.016436821938621712,
      0.002379814628094712,
      0.003143813939261498,
      0.022729518289752892,
      0.0033652190830893622
    ],
    [
      0.9514117044079776,
      0.016619166383473463,
      0.002406215472420364,
      0.0031786903289682485,
      0.022981671741908634,
      0.0034025516652516474
    ],
    [
      0.9520433324727927,
      0.016403123985325306,
      0.0023749356507296775,
      0.0031373686485785773,
      0.022682919363960663,
      0.003358319878613121
    ],
    [
      0.9521828832867788,
      0.016355391950926362,
      0.0023680247409372914,
      0.003128239107864864,
      0.022616913529442943,
      0.0033485473840497663
    ],
    [
      0.9527980694288267,
      0.016144973356758192,
      0.0023375591649096106,
      0.003087993072962501,
      0.022325937980610628,
      0.003305466995932419
    ],
    [
      0.9549747580098931,
      0.015400457640514606,
      0.002229764032798356,
      0.002945592133445958,
      0.021296390805824714,
      0.0031530373775232926
    ],
    [
      0.9547938994027959,
      0.015462318614368673,
      0.0022387206091387113,
      0.002957424067418653,
      0.021381934723127494,
      0.003165702583150607
    ],
    [
      0.9561642102987526,
      0.014993616749042685,
      0.002170859342557904,
      0.0028677770868118127,
      0.020733794367275852,
      0.0030697421555591613
    ],
    [
      0.9565096813972315,
      0.014875451631366806,
      0.0021537507386790227,
      0.002845176054478974,
      0.020570390747436558,
      0.0030455494308071823
    ],
    [
      0.9520433324727927,
      0.016403123985325306,
      0.0023749356507296775,
      0.0031373686485785773,
      0.022682919363960663,
      0.003358319878613121
    ],
    [
      0.9560819085676232,
      0.015021767276790618,
      0.0021749351327546517,
      0.002873161340645187,
      0.02077272208321158,
      0.0030755055989748125
    ],
    [
      0.9584688210648011,
      0.014205346460829608,
      0.0020567291798179884,
      0.0027170073620290084,
      0.019643741557790327,
      0.0029083543747319
    ],
    [
      0.9583908360419012,
      0.014232020499406223,
      0.0020605911956889417,
      0.0027221092128981547,
      0.019680627523334805,
      0.0029138155267706754
    ],
    [
      0.9564241577261936,
      0.014904704193149133,
      0.002157986087501245,
      0.0028507710905409205,
      0.020610842401687996,
      0.003051538500927108
    ],
    [
      0.9583484769385987,
      0.014246509029556582,
      0.002062688925780572,
      0.002724880383822571,
      0.019700662863029666,
      0.002916781859211945
    ],
    [
      0.9552717656185792,
      0.015298869000580443,
      0.0022150554636925788,
      0.002926161626533597,
      0.021155909826105088,
      0.0031322384645090773
    ],
    [
      0.958074680898839,
      0.01434015837214948,
      0.0020762479991979434,
      0.0027427923688611404,
      0.019830165053491864,
      0.0029359553074605922
    ],
    [
      0.9574674327373556,
      0.014547861855237064,
      0.00210632046632108,
      0.00278251909388148,
      0.02011738603424555,
      0.002978479812959316
    ],
    [
      0.9584783402436637,
      0.01420209051584485,
      0.002056257765968527,
      0.0027163846087214184,
      0.019639239102184382,
      0.002907687763617105
    ],
    [
      0.9584783402436637,
      0.01420209051584485,
      0.002056257765968527,
      0.0027163846087214184,
      0.019639239102184382,
      0.002907687763617105
    ],
    [
      0.9562652872985824,
      0.014959044318434752,
      0.002165853753497149,
      0.0028611645378856733,
      0.020685986178031083,
      0.0030626639135690097
    ],
    [
      0.9577599119153085,
      0.014447822122151614,
      0.0020918361565757737,
      0.002763384841011402,
      0.019979046947081452,
      0.002957998017871223
    ],
    [
      0.9550439096361557,
      0.015376804981606892,
      0.0022263394691039804,
      0.0029410681713897685,
      0.021263682929250294,
      0.00314819481249343
    ],
    [
      0.9579274749134249,
      0.014390508785442046,
      0.0020835380124700777,
      0.0027524227178268856,
      0.019899791690812848,
      0.0029462638800232385
    ],
    [
      0.9556749099512598,
      0.015160977299302655,
      0.002195090735169075,
      0.0028997875589550598,
      0.02096522746926613,
      0.003104006986047336
    ],
    [
      0.9514321272740321,
      0.016612180935540972,
      0.002405204080361996,
      0.0031773542465635017,
      0.022972011975127896,
      0.0034011214883735304
    ],
    [
      0.953436206707557,
      0.015926704543631556,
      0.002305956990457923,
      0.0030462455538997537,
      0.022024106823798777,
      0.003260779380654972
    ],
    [
      0.9544519802308817,
      0.015579268829199288,
      0.0022556533126170367,
      0.0029797927294968247,
      0.021543658324983696,
      0.003189646572821422
    ],
    [
      0.9544519802308817,
      0.015579268829199288,
      0.0022556533126170367,
      0.0029797927294968247,
      0.021543658324983696,
      0.003189646572821422
    ],
    [
      0.9496202779463632,
      0.01723190684013227,
      0.0024949314485030456,
      0.003295887071500762,
      0.023828994628808862,
      0.0035280020646919433
    ],
    [
      0.9480158976648612,
      0.017780669922182503,
      0.0025743844239564614,
      0.0034008470834266612,
      0.024587846951768792,
      0.0036403539538044697
    ],
    [
      0.9487704405617674,
      0.017522585669702335,
      0.002537017548435956,
      0.0033514842033345823,
      0.024230957356021487,
      0.0035875146607383104
    ],
    [
      0.9564514805264225,
      0.014895358688073628,
      0.002156632993224951,
      0.0028489836081896773,
      0.020597919050121986,
      0.003049625133967325
    ],
    [
      0.9552472234823557,
      0.015307263405865416,
      0.0022162708524438796,
      0.0029277671953257425,
      0.02116751795748041,
      0.003133957106528907
    ],
    [
      0.9558324533556196,
      0.015107091069753473,
      0.002187288786725947,
      0.00288948092667398,
      0.020890711358750508,
      0.003092974502476498
    ],
    [
      0.9550387544975854,
      0.015378568247936491,
      0.002226594764624007,
      0.0029414054252266918,
      0.021266121246976067,
      0.0031485558176514283
    ],
    [
      0.9470118318004226,
      0.018124101142762524,
      0.002624108308873675,
      0.003466533982175629,
      0.025062757870594525,
      0.003710666895171131
    ],
    [
      0.9552717656185792,
      0.015298869000580443,
      0.0022150554636925788,
      0.002926161626533597,
      0.021155909826105088,
      0.0031322384645090773
    ]
  ],
  [
    [
      0.9459087032388325,
      0.018501415820794502,
      0.0026787380294807624,
      0.003538701652344134,
      0.025584524238043485,
      0.0037879170205046297
    ],
    [
      0.741114528421938,
      0.11884113795302238,
      0.029912958053593865,
      0.0207929830536644,
      0.08500004332379758,
      0.004338349193983786
    ],
    [
      0.7718900780227105,
      0.10163802489328425,
      0.05152894630280219,
      0.013953379026646761,
      0.057484441420372956,
      0.003505130334183403
    ],
    [
      0.7311685577730295,
      0.11045271418318113,
      0.07162025133934363,
      0.02015097215967504,
      0.06310899808882917,
      0.003498506455941662
    ],
    [
      0.7381722975803184,
      0.11493133690128778,
      0.05959161939069228,
      0.021000779553383836,
      0.06286080166348387,
      0.003443164910833856
    ],
    [
      0.13926447553687266,
      0.10524112238416007,
      0.03716708786663551,
      0.012615146691449424,
      0.7016439442335971,
      0.004068223287285161
    ],
    [
      0.7980152887689923,
      0.09023648353338447,
      0.03744630589566596,
      0.012882095745499962,
      0.058031075501699995,
      0.003388750554757242
    ],
    [
      0.1203818867218577,
      0.08570852899346183,
      0.02050891440204905,
      0.01616851355589506,
      0.7534642026467843,
      0.003767953679952071
    ],
    [
      0.8233520986483954,
      0.07679617247253705,
      0.03297838712304197,
      0.010237004771099229,
      0.053433373937441596,
      0.0032029630474846547
    ],
    [
      0.8305263907414723,
      0.07275976839702342,
      0.032643559727006805,
      0.010076526964131654,
      0.05085135133975002,
      0.0031424028306158017
    ],
    [
      0.12621369721750822,
      0.0905990329490298,
      0.030533492921702987,
      0.019070178048306304,
      0.7296942113867865,
      0.00388938747666621
    ],
    [
      0.7958172017606656,
      0.08520963627783334,
      0.04782112690743383,
      0.012849041026967241,
      0.05501456886602113,
      0.0032884251610787703
    ],
    [
      0.809103243469839,
      0.08118777771078281,
      0.035810612114403145,
      0.011489855118828895,
      0.059023158009247824,
      0.0033853535768983167
    ],
    [
      0.8412884134565077,
      0.06880524792545278,
      0.03093602847523069,
      0.00957756969278001,
      0.046421671692087246,
      0.0029710687579416395
    ],
    [
      0.11207566292261306,
      0.07995140601469951,
      0.019515978131292817,
      0.015115101770301207,
      0.7698548492989039,
      0.003487001862189463
    ],
    [
      0.8431105160305521,
      0.07022711415043018,
      0.026244046388575144,
      0.010297718686162452,
      0.04704373097604494,
      0.0030768737682351373
    ],
    [
      0.8499384639557248,
      0.0693680591353618,
      0.017351862357860685,
      0.01050861132495406,
      0.0496908742512703,
      0.0031421289748282985
    ],
    [
      0.8486689061475448,
      0.07044028382928766,
      0.017977024446292355,
      0.010690328999975173,
      0.049051442312524736,
      0.00317201426437537
    ],
    [
      0.8438815215421486,
      0.07133634545323869,
      0.018533817481796278,
      0.010816319195000677,
      0.05221020923405832,
      0.0032217870937575207
    ],
    [
      0.8366259623195967,
      0.07680330447587515,
      0.019252914238760882,
      0.012209013205406042,
      0.051845793051789754,
      0.003263012708571458
    ],
    [
      0.1196585168539802,
      0.08347619771320848,
      0.02222038959552511,
      0.011286531837643778,
      0.7596118429822624,
      0.003746521017380023
    ],
    [
      0.8221165766428511,
      0.08629387830613532,
      0.020595936503587223,
      0.010863009226607599,
      0.05666952415358021,
      0.0034610751672386674
    ],
    [
      0.843025776643729,
      0.0699400001979966,
      0.02603685790611869,
      0.010248444702925786,
      0.04768697557737139,
      0.003061944971858491
    ],
    [
      0.8479658249650254,
      0.07014139807023437,
      0.017673473818731685,
      0.010676956124909731,
      0.05036955056061412,
      0.003172796460484708
    ],
    [
      0.835415599578707,
      0.07504642204270229,
      0.026200971397211573,
      0.010597197603096511,
      0.04950261449026787,
      0.0032371948880147916
    ],
    [
      0.776222076739989,
      0.09908630685694338,
      0.05195498603655868,
      0.017770766365784223,
      0.0518129247378016,
      0.00315293926292324
    ],
    [
      0.12931226017792105,
      0.09505934616341953,
      0.03450325384398168,
      0.011761300052873876,
      0.7255996249723482,
      0.0037642147894556754
    ],
    [
      0.7708642892120603,
      0.09175084707567346,
      0.06229114443903294,
      0.012280886598333528,
      0.059261716852192635,
      0.003551115822707104
    ],
    [
      0.14424055094239144,
      0.09615466617454099,
      0.04687573638519322,
      0.01280055634712525,
      0.6959774826489732,
      0.00395100750177594
    ],
    [
      0.7808362120451253,
      0.09712394330346268,
      0.04749755411866906,
      0.012173615764247397,
      0.058854937797268345,
      0.003513736971227179
    ],
    [
      0.7490921422652767,
      0.11087169814659958,
      0.05584657848602702,
      0.019326642369734102,
      0.06141138929021183,
      0.00345154944215081
    ],
    [
      0.13751328735911714,
      0.0941343669292407,
      0.044791174294621476,
      0.01292079216186653,
      0.7065882308085348,
      0.00405214844661931
    ],
    [
      0.1560607563165498,
      0.09958923743598752,
      0.1983984074793414,
      0.013032658913330433,
      0.5287851424373358,
      0.004133797417454973
    ],
    [
      0.7567212647264748,
      0.10338966713704974,
      0.053644152419119025,
      0.014160899138523987,
      0.06832938104270837,
      0.0037546355361241035
    ],
    [
      0.13893782262982565,
      0.09676716921691363,
      0.04445325429605561,
      0.01472032790655948,
      0.7011284286090874,
      0.003992997341558245
    ],
    [
      0.8232246048438739,
      0.07952103716023225,
      0.026223453557692265,
      0.011849761050323097,
      0.055890681308430876,
      0.0032904620794475307
    ],
    [
      0.8351508352893854,
      0.0752162259195183,
      0.019086126052618425,
      0.01162912581278606,
      0.055744361619056236,
      0.0031733253066354838
    ],
    [
      0.8326983039135616,
      0.07697359156740002,
      0.01913930962780686,
      0.012063048293909239,
      0.05583747462744464,
      0.003288271969877679
    ],
    [
      0.8310662152201982,
      0.07817894682875222,
      0.011241341397824862,
      0.015097527819198004,
      0.06047074347429234,
      0.003945225259734485
    ],
    [
      0.947674164216397,
      0.01789755661206579,
      0.0025913079299390994,
      0.0034232035953084237,
      0.024749482708696244,
      0.0036642849375933817
    ]
  ],
  [
    [
      0.9487704405617674,
      0.017522585669702335,
      0.002537017548435956,
      0.0033514842033345823,
      0.024230957356021487,
      0.0035875146607383104
    ],
    [
      0.1394102030045731,
      0.09545305139621689,
      0.04526529971302139,
      0.013289611091068888,
      0.7025291649522449,
      0.004052669842874763
    ],
    [
      0.15786661030964194,
      0.18407902716681748,
      0.005392351460351358,
      0.015425453153853108,
      0.6330884170575974,
      0.004148140851738624
    ],
    [
      0.711070987362825,
      0.1805220599781784,
      0.005612046712974437,
      0.01441558163819343,
      0.08443634525843569,
      0.003942979049393013
    ],
    [
      0.6986024859980496,
      0.19294238200402722,
      0.005575003180893431,
      0.017459418518138425,
      0.08150385600087777,
      0.003916854298013484
    ],
    [
      0.7151587020714135,
      0.1735758567144843,
      0.005918729157530991,
      0.018399485671676194,
      0.0827889774375714,
      0.004158248947323624
    ],
    [
      0.7512099189598982,
      0.14506185301631003,
      0.005319966955628948,
      0.015525931241293416,
      0.07914478446576077,
      0.003737545361108784
    ],
    [
      0.766706793234702,
      0.1285449655255458,
      0.005170856781655886,
      0.01628256648653299,
      0.0796620593471794,
      0.0036327586243838036
    ],
    [
      0.8193736379370107,
      0.09482144021806407,
      0.004811430785275445,
      0.012583644739245925,
      0.06502958699823275,
      0.0033802593221712402
    ],
    [
      0.7651630084978448,
      0.13291678261716602,
      0.005065205892696538,
      0.019526264723462368,
      0.07377016814613323,
      0.0035585701226970596
    ],
    [
      0.7550082958493634,
      0.13757032765154456,
      0.005149614748984937,
      0.01920415494148836,
      0.07944972765325044,
      0.003617879155368368
    ],
    [
      0.7369604182081625,
      0.15391701259096122,
      0.005095429694444136,
      0.02028065880075981,
      0.08016664716385132,
      0.00357983354182108
    ],
    [
      0.7545621260528099,
      0.14184388737956638,
      0.005044904604081835,
      0.02239706759822046,
      0.07260764008607626,
      0.0035443742792451672
    ],
    [
      0.7837079549026463,
      0.12449975884714735,
      0.004730763600860519,
      0.018313520959691017,
      0.0654243103785193,
      0.003323691311135509
    ],
    [
      0.8371475435683694,
      0.08626064009181003,
      0.004560022878300411,
      0.010317947733938158,
      0.05851008345478358,
      0.0032037622727983848
    ],
    [
      0.8335002867253362,
      0.08861622817327108,
      0.004732819633883991,
      0.01283896374410932,
      0.05698649910466553,
      0.0033252026187339545
    ],
    [
      0.8401039244560664,
      0.08901539183311852,
      0.004684410867469566,
      0.010765400791102029,
      0.05213959535337804,
      0.0032912766988654925
    ],
    [
      0.843339653913395,
      0.08719167538282716,
      0.004671808305982882,
      0.010697815339090842,
      0.050816600835818466,
      0.0032824462228855425
    ],
    [
      0.8175372650932683,
      0.10297699466245087,
      0.004902200786190972,
      0.012404895101967829,
      0.05873437289362514,
      0.0034442714624968737
    ],
    [
      0.8334535720307017,
      0.08676180900040004,
      0.004694666631384371,
      0.010627721620138062,
      0.06116389283719826,
      0.003298337880177492
    ],
    [
      0.12230967801385761,
      0.09417102559297744,
      0.004938699217500651,
      0.011452319616272494,
      0.7633361373952089,
      0.00379214016418296
    ],
    [
      0.12230967801385761,
      0.09417102559297744,
      0.004938699217500651,
      0.011452319616272494,
      0.7633361373952089,
      0.00379214016418296
    ],
    [
      0.8358768653640913,
      0.08603578675817171,
      0.004655504257054071,
      0.012329420161775212,
      0.0578315855298538,
      0.0032708379290538885
    ],
    [
      0.83258413382403,
      0.0920822192741772,
      0.004825143465771841,
      0.010899553695827773,
      0.05621886630347052,
      0.003390083436722756
    ],
    [
      0.8104839599191128,
      0.11003029983660648,
      0.004902200786190972,
      0.012404895101967829,
      0.05873437289362514,
      0.0034442714624968737
    ],
    [
      0.7615900833199922,
      0.14351162809559626,
      0.004715840667325208,
      0.021111240325019414,
      0.0657578957287586,
      0.003313311863308355
    ],
    [
      0.7336711181646518,
      0.17139800176754535,
      0.004710075108644132,
      0.01587114400361504,
      0.07104039992756338,
      0.0033092610279803147
    ],
    [
      0.7603741801236646,
      0.14784774990946992,
      0.004998275251470617,
      0.013386403922326326,
      0.06988169931703109,
      0.0035116914760373293
    ],
    [
      0.1763551877387087,
      0.15184256393885445,
      0.005495995897137159,
      0.015841638303988038,
      0.6462367433548135,
      0.004227870766498039
    ],
    [
      0.7500336406841106,
      0.14919437604805424,
      0.005045140236862691,
      0.022461627994568818,
      0.06972060512437755,
      0.003544609912026023
    ],
    [
      0.7433890055011924,
      0.1526850830726214,
      0.005081689865981733,
      0.02257152305772357,
      0.07270239343522324,
      0.003570305067257703
    ],
    [
      0.7485163545381782,
      0.15191198867860572,
      0.005293048461368641,
      0.017289865244942977,
      0.07327002356655714,
      0.0037187195103472923
    ],
    [
      0.16803876921818575,
      0.3331579720781928,
      0.005483101840177491,
      0.01358116287144996,
      0.4755089891087796,
      0.00423000488321447
    ],
    [
      0.7453002533493238,
      0.15137120233096632,
      0.005292734767243033,
      0.017203917029216073,
      0.07711348670702914,
      0.0037184058162216846
    ],
    [
      0.7542120022576689,
      0.1374738723635916,
      0.00514954020587539,
      0.01918373107397768,
      0.08036304948662752,
      0.0036178046122588205
    ],
    [
      0.12910344350508496,
      0.11441326000579448,
      0.005040366394002476,
      0.011642632278011518,
      0.7358780086257654,
      0.003922289191341311
    ],
    [
      0.8244258451300052,
      0.08850389912327,
      0.004869802529340448,
      0.010899364403840124,
      0.06787981364195987,
      0.003421275171584488
    ],
    [
      0.12488804737770579,
      0.0960060541820922,
      0.0050488290456166245,
      0.011733557847294648,
      0.758463568986754,
      0.0038599425605366283
    ],
    [
      0.12176834157840076,
      0.08494805404626724,
      0.02261218057361408,
      0.011485536509856783,
      0.7553733074357052,
      0.0038125798561560007
    ],
    [
      0.9515096828145687,
      0.01658565379733961,
      0.0024013633335455593,
      0.0031722804928197685,
      0.02293532914950782,
      0.0033956904122185217
    ]
  ],
  [
    [
      0.9478509230334329,
      0.017837097932577827,
      0.0025825543855873983,
      0.0034116398733168274,
      0.02466587794213447,
      0.0036519068329505856
    ],
    [
      0.15681950863669575,
      0.10011670153343194,
      0.05823243206514588,
      0.013180183775027051,
      0.6675171680175733,
      0.004134005972126072
    ],
    [
      0.7423883595537405,
      0.15894489754953262,
      0.005373435498719589,
      0.014391159833637321,
      0.07512687575789277,
      0.0037752718064772437
    ],
    [
      0.32720513613695595,
      0.3342138112000513,
      0.006392495884631961,
      0.036610114702225624,
      0.2909600242392737,
      0.004618417836861425
    ],
    [
      0.7184332807795338,
      0.1724110588233528,
      0.006009981099549351,
      0.014996456927855261,
      0.08392677306279712,
      0.0042224493069116
    ],
    [
      0.16735179174831727,
      0.15106755213903222,
      0.005509047674811517,
      0.03450423393818569,
      0.637256288129678,
      0.004311086369975265
    ],
    [
      0.18859940440420006,
      0.16263899448680078,
      0.00527522767642276,
      0.016585249519608058,
      0.6228430821499846,
      0.0040580417629836095
    ],
    [
      0.13831143711213617,
      0.12306611395128221,
      0.005223354463046591,
      0.02597453005263038,
      0.703369676730402,
      0.004054887690502722
    ],
    [
      0.782722874246744,
      0.12063076894818814,
      0.00517755346456566,
      0.014079517091185455,
      0.07375186583785612,
      0.003637420411460536
    ],
    [
      0.7612515323071322,
      0.14284890659763053,
      0.00492458577306203,
      0.015274404229935378,
      0.07224077248287694,
      0.0034597986093629855
    ],
    [
      0.15943788719808402,
      0.19700378339041655,
      0.004879941800928558,
      0.025747732616554435,
      0.6091215402431421,
      0.0038091147508743203
    ],
    [
      0.1709543692731748,
      0.3101703030056415,
      0.005281551141811919,
      0.027808380528329506,
      0.4816943974767459,
      0.004090998574296419
    ],
    [
      0.5935199518528268,
      0.29670642773998285,
      0.005176754379999106,
      0.01627866441767026,
      0.08468127770491238,
      0.003636923904608701
    ],
    [
      0.1570654384560302,
      0.12285205379611641,
      0.004930772184256057,
      0.027439733274668757,
      0.6839149712415453,
      0.0037970310473832624
    ],
    [
      0.7148827224145781,
      0.2013999637236039,
      0.0048551368354129215,
      0.013329389847433546,
      0.062121707544342535,
      0.0034110796346289904
    ],
    [
      0.1391090203728689,
      0.0948678764854472,
      0.005712673927837701,
      0.015898495393933128,
      0.7400384806126497,
      0.00437345320726347
    ],
    [
      0.837396099826012,
      0.08756676779610058,
      0.0049445653924141166,
      0.011138129585908325,
      0.055480400692721976,
      0.0034740367068429073
    ],
    [
      0.8165544211839227,
      0.10247967987927663,
      0.0050648464526987826,
      0.013967021482306092,
      0.058375459479203466,
      0.003558571522592291
    ],
    [
      0.14690001918046636,
      0.10726996219097613,
      0.005656281224108828,
      0.02098075924501037,
      0.714844093155309,
      0.004348885004129342
    ],
    [
      0.683880117030257,
      0.228798563836966,
      0.004930341846492683,
      0.01627413195494089,
      0.0626529135584802,
      0.003463931772863279
    ],
    [
      0.8108189162155468,
      0.10344322429338622,
      0.005166583693628071,
      0.011555890224570004,
      0.06538553929693586,
      0.003629846275933051
    ],
    [
      0.8099648420656802,
      0.10337357101544663,
      0.005166506563859095,
      0.011534757645149744,
      0.0663305535637003,
      0.003629769146164074
    ],
    [
      0.813120440246674,
      0.09966938440514403,
      0.0051451359578159215,
      0.011466492331016038,
      0.06698381449377559,
      0.0036147325655744764
    ],
    [
      0.1442739011539494,
      0.105635327555942,
      0.005686210446499063,
      0.01591770467723541,
      0.7240967946163416,
      0.004390061550032534
    ],
    [
      0.7439311209968434,
      0.15623974113876657,
      0.004966294778999604,
      0.018158308325626666,
      0.07321532784483284,
      0.003489206914930889
    ],
    [
      0.731832593282998,
      0.1729499674390208,
      0.005043263508433333,
      0.01559244170156812,
      0.07103843471311438,
      0.003543299354865384
    ],
    [
      0.7241028773598159,
      0.1676193939076821,
      0.004889002045073757,
      0.012914590915898149,
      0.08703927838533368,
      0.00343485738619639
    ],
    [
      0.43955016673487446,
      0.2855185347013586,
      0.005936168656010304,
      0.03336829704978302,
      0.23126070695678494,
      0.00436612590118868
    ],
    [
      0.7194900222399897,
      0.17205671960961758,
      0.005480888320043259,
      0.014235792137289295,
      0.084885820300038,
      0.0038507573930222426
    ],
    [
      0.7080723149513836,
      0.18304363294096873,
      0.004979501652784065,
      0.019270467550188443,
      0.0811355971375246,
      0.0034984857671505006
    ],
    [
      0.7354785238030309,
      0.16529758415058396,
      0.005240552838879607,
      0.01659969762235863,
      0.07370170537813264,
      0.0036819362070143755
    ],
    [
      0.5777210201142258,
      0.3104454402680937,
      0.005101307697754487,
      0.017464917232718594,
      0.08568332122768697,
      0.0035839934595204856
    ],
    [
      0.4890725073060451,
      0.3274200761526513,
      0.00646457664369774,
      0.037009395321720574,
      0.13547124112086953,
      0.004562203455015744
    ],
    [
      0.5938520732067392,
      0.30016527272325516,
      0.005236792039342559,
      0.013557889663253385,
      0.08350886906188404,
      0.0036791033055257284
    ],
    [
      0.6063138620080855,
      0.28218885585075926,
      0.005153601828434161,
      0.016236395923059352,
      0.08648670484087934,
      0.003620579548782441
    ],
    [
      0.17595015640423398,
      0.29260718575676736,
      0.010127887358730693,
      0.012679535687565812,
      0.5040243476563941,
      0.0046108871363079625
    ],
    [
      0.770473690880701,
      0.08841100191821763,
      0.025400146425277804,
      0.022396777234356836,
      0.08880431266437017,
      0.0045140708770765765
    ],
    [
      0.7995300584261146,
      0.08393628455648688,
      0.01148723832052371,
      0.01738519462012419,
      0.08298489457841302,
      0.004676329498337649
    ],
    [
      0.15600796213284357,
      0.09478305806190165,
      0.01010113470373044,
      0.01406924217196044,
      0.7199839996070444,
      0.005054603322519495
    ],
    [
      0.9452891635740792,
      0.018713323496176867,
      0.002709419202980339,
      0.0035792324986471053,
      0.025877558950065584,
      0.003831302278050934
    ]
  ],
  [
    [
      0.9521828832867788,
      0.016355391950926362,
      0.0023680247409372914,
      0.003128239107864864,
      0.022616913529442943,
      0.0033485473840497663
    ],
    [
      0.7445075758700921,
      0.11211240590488858,
      0.06011768021162381,
      0.021032506270378955,
      0.05882736866526497,
      0.0034024630777516316
    ],
    [
      0.7139254235497859,
      0.1831244542213104,
      0.0050739710605278016,
      0.016946590277556548,
      0.07736465440198104,
      0.003564906488838329
    ],
    [
      0.7202630218046615,
      0.17480584546081748,
      0.005527564515156675,
      0.014352232860967424,
      0.0811676944780428,
      0.0038836408803540174
    ],
    [
      0.7295360813370322,
      0.1610601312676462,
      0.006080317658536971,
      0.016237575173818224,
      0.08281405670581315,
      0.004271837857153315
    ],
    [
      0.49436631090673616,
      0.342408350736718,
      0.006598278980766305,
      0.04032428055868231,
      0.11153568785805265,
      0.004767090959044615
    ],
    [
      0.7263225248528913,
      0.16480449300313899,
      0.0056300996486059705,
      0.014936622412603696,
      0.08435090176425576,
      0.003955358318504224
    ],
    [
      0.1556038957277019,
      0.14740718394003305,
      0.0052938216919623474,
      0.012749019076409476,
      0.6748053095474884,
      0.004140770016404963
    ],
    [
      0.15825752788756212,
      0.1173903119333657,
      0.005409699348350113,
      0.01548245346323068,
      0.6992453045856987,
      0.004214702781792596
    ],
    [
      0.7423889340604187,
      0.14020506385645787,
      0.005245414517285744,
      0.02489287614166209,
      0.08358267216421572,
      0.0036850392599598195
    ],
    [
      0.7359024405729601,
      0.1488157913080612,
      0.005436482556611683,
      0.02221052396127824,
      0.08381545608599388,
      0.0038193055150949526
    ],
    [
      0.3005370334009611,
      0.49992288655578304,
      0.007236816795923766,
      0.04318369103969306,
      0.14411210108101688,
      0.0050074711266221315
    ],
    [
      0.59713666059713,
      0.29587946182256375,
      0.005630257385828213,
      0.014979840412874196,
      0.08241826372587731,
      0.003955516055726465
    ],
    [
      0.238894885105973,
      0.13836233022338595,
      0.004713345509517885,
      0.01216133244261456,
      0.6021950659053228,
      0.0036730408131857733
    ],
    [
      0.8011947236518071,
      0.11259142554014544,
      0.004764546922440794,
      0.014030209823791492,
      0.06407166029705917,
      0.0033474337647560444
    ],
    [
      0.799604204389996,
      0.1152959813187357,
      0.005033296144932126,
      0.012995301841312498,
      0.06353491180687654,
      0.0035363044981471187
    ],
    [
      0.7603678229606936,
      0.1442384284518659,
      0.005022569504782483,
      0.01347536328846646,
      0.07336703959691014,
      0.0035287761972814247
    ],
    [
      0.7557566147554277,
      0.14612325164497234,
      0.00497649661678437,
      0.015142073833405096,
      0.0745051570189552,
      0.0034964061304554807
    ],
    [
      0.7433715163718906,
      0.15704642456467643,
      0.004952369212276098,
      0.013393719899460541,
      0.07775653901941329,
      0.0034794309322831456
    ],
    [
      0.7761522587351336,
      0.1332622175838477,
      0.004938083036338236,
      0.014996315097965124,
      0.06718173956710069,
      0.003469385979614576
    ],
    [
      0.7815437891529822,
      0.13023312505300566,
      0.00504716874192605,
      0.013195919894863737,
      0.06643397001650193,
      0.003546027140720561
    ],
    [
      0.13971650010845324,
      0.09661889984969618,
      0.005631894087910385,
      0.018141963495275398,
      0.7355251342701192,
      0.004365608188545489
    ],
    [
      0.8116541585614765,
      0.09994519782066741,
      0.005219103864929411,
      0.0117048617179268,
      0.0678099790675961,
      0.0036666989674038306
    ],
    [
      0.7885378285272139,
      0.11714260571694377,
      0.005188230321372247,
      0.013166868111173432,
      0.07231948100690554,
      0.0036449863163910954
    ],
    [
      0.771537210538273,
      0.12405611243749994,
      0.005063359834307757,
      0.01831289880831154,
      0.07747309328476712,
      0.003557325096840689
    ],
    [
      0.7494726759316471,
      0.15123286233641173,
      0.004889510724140623,
      0.012485023661233453,
      0.07848474933323821,
      0.0034351780133289305
    ],
    [
      0.7449803697688037,
      0.15370407309947826,
      0.005403415145104227,
      0.014402640459249801,
      0.07771332184518737,
      0.0037961796821767806
    ],
    [
      0.14346128222786927,
      0.13903332674514024,
      0.005497754997423534,
      0.01217674217347475,
      0.6955117061333386,
      0.004319187722753644
    ],
    [
      0.7385433820240808,
      0.15771084196023297,
      0.005791245720869645,
      0.014361078289924823,
      0.07952468022754398,
      0.0040687717773479175
    ],
    [
      0.7670175599575234,
      0.134694375883774,
      0.005608394836188238,
      0.015675847201917493,
      0.07306349895409675,
      0.003940323166500007
    ],
    [
      0.756177838253813,
      0.14288775895082037,
      0.0055776970062041764,
      0.01368085158924111,
      0.07775715010507651,
      0.00391870409484478
    ],
    [
      0.7250027334965352,
      0.17834762633135526,
      0.005242672597463497,
      0.013371588470316574,
      0.0743520440333303,
      0.0036833350709991855
    ],
    [
      0.5895356187187236,
      0.1690697357459368,
      0.00538964239435888,
      0.015307561931753408,
      0.21691093759952376,
      0.003786503609703514
    ],
    [
      0.17296247961068156,
      0.33034275456228823,
      0.005111216553824321,
      0.015964166936329058,
      0.471655429903998,
      0.003963952432878835
    ],
    [
      0.14376222577822537,
      0.15521808963657543,
      0.005149007671755946,
      0.012678240180603463,
      0.6791952644225521,
      0.003997172310287653
    ],
    [
      0.758164311008199,
      0.08648056522664165,
      0.042144339321830586,
      0.029113613840179943,
      0.07997621681974264,
      0.004120953783406259
    ],
    [
      0.9459087032388325,
      0.018501415820794502,
      0.0026787380294807624,
      0.003538701652344134,
      0.025584524238043485,
      0.0037879170205046297
    ],
    [
      0.938820519800961,
      0.020925861841698104,
      0.00302976282777314,
      0.004002417036252646,
      0.02893714863103292,
      0.004284289862282157
    ],
    [
      0.14696708757486582,
      0.09143996103598717,
      0.013119568602484701,
      0.013653553444594754,
      0.7301518306762885,
      0.004667998665779001
    ],
    [
      0.940483562527512,
      0.02035703382584332,
      0.0029474047394482616,
      0.003893619274010982,
      0.02815054968639659,
      0.0041678299467888535
    ]
  ],
  [
    [
      0.9565528731683133,
      0.014860678295087772,
      0.002151611772769804,
      0.0028423504096738612,
      0.020549961566028566,
      0.0030425247881266963
    ],
    [
      0.7554223670980647,
      0.10801655199330501,
      0.05611227794101648,
      0.019404166393923825,
      0.05759297753625322,
      0.003451659037436876
    ],
    [
      0.7459900361404077,
      0.15309945213128118,
      0.005081941647053803,
      0.022640507881255892,
      0.06961750535167163,
      0.003570556848329773
    ],
    [
      0.7158054877387672,
      0.1805806128791878,
      0.005460637998936854,
      0.017282525087788013,
      0.07703420635397329,
      0.0038365299413468637
    ],
    [
      0.7265591310262638,
      0.17875132439682062,
      0.005242836262323802,
      0.013416430568309828,
      0.07234677901042244,
      0.00368349873585949
    ],
    [
      0.7153957426163489,
      0.1862894519611409,
      0.0044984346814893085,
      0.01849307878691127,
      0.07216285517362793,
      0.003160436780481719
    ],
    [
      0.7237421419751984,
      0.1719585416329267,
      0.004370606348782523,
      0.02124333452625386,
      0.07561468588337204,
      0.0030706896334664877
    ],
    [
      0.7729920878068834,
      0.12604153479780808,
      0.004401304985785426,
      0.013499512823326348,
      0.07997349400760113,
      0.0030920655785956564
    ],
    [
      0.126260260419082,
      0.10742683117094491,
      0.0044388011905677986,
      0.01315292055085435,
      0.7453038970969105,
      0.00341728957164046
    ],
    [
      0.7716383250481967,
      0.12561034679548255,
      0.004423847246789033,
      0.013433567860350682,
      0.0817860460291845,
      0.0031078670199964076
    ],
    [
      0.16546846757012826,
      0.2890625354751458,
      0.004726873853500884,
      0.01756662969754335,
      0.5194858582286338,
      0.0036896351750478496
    ],
    [
      0.733700663948795,
      0.15951362063283428,
      0.004303920652519443,
      0.020655204964523128,
      0.07880289868273603,
      0.0030236911185922187
    ],
    [
      0.1565107803761484,
      0.2876643940724995,
      0.00448179529273232,
      0.017176420256188558,
      0.5306950885382717,
      0.003471521464159525
    ],
    [
      0.7103561077782349,
      0.11942203308091881,
      0.003991260538640366,
      0.016493638186219704,
      0.14693287530151242,
      0.0028040851144739234
    ],
    [
      0.821683463440516,
      0.0971122813703947,
      0.004036374345391553,
      0.013829495337478915,
      0.06050253864167335,
      0.0028358468645454304
    ],
    [
      0.8132628015551817,
      0.10350476953467756,
      0.004480506727613287,
      0.0132710513060786,
      0.06233297473644164,
      0.0031478961400072908
    ],
    [
      0.7799326083900251,
      0.13065617670234025,
      0.004189103318538452,
      0.015182778480400314,
      0.06709618302037532,
      0.0029431500883205937
    ],
    [
      0.16636751692809368,
      0.16722891611631127,
      0.004776875100713085,
      0.017741432632138347,
      0.6401953769302396,
      0.003689882292503933
    ],
    [
      0.6111661424826118,
      0.28143185446538066,
      0.004449774031499308,
      0.02304703395336768,
      0.07677886284463203,
      0.0031263322225085245
    ],
    [
      0.6415769869103746,
      0.2627668618124331,
      0.004456602931654591,
      0.01511144354853121,
      0.0729569164978161,
      0.0031311882991905252
    ],
    [
      0.7839574247317191,
      0.12958508683603787,
      0.004130658884061449,
      0.015265086254666436,
      0.06415959574807041,
      0.002902147545444729
    ],
    [
      0.8170458991811316,
      0.10246763218816314,
      0.004193199048874697,
      0.012986965914284835,
      0.060360249799084366,
      0.0029460538684613503
    ],
    [
      0.12736715290892747,
      0.1050731054239636,
      0.004435910365161156,
      0.01304069753716193,
      0.7466725423704814,
      0.0034105913943044248
    ],
    [
      0.80731893050875,
      0.1056423202238126,
      0.004296469949328277,
      0.013163088045849125,
      0.06656065400082051,
      0.003018537271439427
    ],
    [
      0.14818270159677363,
      0.13381692241147033,
      0.004321637873626436,
      0.01886638288961142,
      0.691466553793185,
      0.0033458014353332306
    ],
    [
      0.15186048752168724,
      0.1655798322992358,
      0.004458429583946054,
      0.016886310487138664,
      0.6577389135319153,
      0.0034760265760770265
    ],
    [
      0.4895502537166618,
      0.29507287935042537,
      0.0051131833095405975,
      0.05141274978924802,
