[
  [
    [
      0.9999735980243126,
      5.280395137473069e-06,
      5.280395137473069e-06,
      5.280395137473069e-06,
      5.280395137473069e-06,
      5.280395137473069e-06
    ],
    [
      0.9999729378311886,
      5.412433762284684e-06,
      5.412433762284684e-06,
      5.412433762284684e-06,
      5.412433762284684e-06,
      5.412433762284684e-06
    ],
    [
      0.9999734013926933,
      5.3197214613451455e-06,
      5.3197214613451455e-06,
      5.3197214613451455e-06,
      5.3197214613451455e-06,
      5.3197214613451455e-06
    ],
    [
      0.999972113739533,
      5.5772520934045765e-06,
      5.5772520934045765e-06,
      5.5772520934045765e-06,
      5.5772520934045765e-06,
      5.5772520934045765e-06
    ],
    [
      0.9999714448506128,
      5.711029877430026e-06,
      5.711029877430026e-06,
      5.711029877430026e-06,
      5.711029877430026e-06,
      5.711029877430026e-06
    ],
    [
      0.9999720263705824,
      5.594725883526293e-06,
      5.594725883526293e-06,
      5.594725883526293e-06,
      5.594725883526293e-06,
      5.594725883526293e-06
    ],
    [
      0.999973201810226,
      5.359637954819758e-06,
      5.359637954819758e-06,
      5.359637954819758e-06,
      5.359637954819758e-06,
      5.359637954819758e-06
    ],
    [
      0.9999735980243126,
      5.280395137473069e-06,
      5.280395137473069e-06,
      5.280395137473069e-06,
      5.280395137473069e-06,
      5.280395137473069e-06
    ],
    [
      0.9999730603109858,
      5.387937802847179e-06,
      5.387937802847179e-06,
      5.387937802847179e-06,
      5.387937802847179e-06,
      5.387937802847179e-06
    ],
    [
      0.9999730603109858,
      5.387937802847179e-06,
      5.387937802847179e-06,
      5.387937802847179e-06,
      5.387937802847179e-06,
      5.387937802847179e-06
    ],
    [
      0.9999730603109858,
      5.387937802847179e-06,
      5.387937802847179e-06,
      5.387937802847179e-06,
      5.387937802847179e-06,
      5.387937802847179e-06
    ],
    [
      0.9999303230735046,
      1.3935385299092173e-05,
      1.3935385299092173e-05,
      1.3935385299092173e-05,
      1.3935385299092173e-05,
      1.3935385299092173e-05
    ],
    [
      0.9999271771485757,
      1.4564570284861458e-05,
      1.4564570284861458e-05,
      1.4564570284861458e-05,
      1.4564570284861458e-05,
      1.4564570284861458e-05
    ],
    [
      0.9999233713736995,
      1.5325725260128537e-05,
      1.5325725260128537e-05,
      1.5325725260128537e-05,
      1.5325725260128537e-05,
      1.5325725260128537e-05
    ],
    [
      0.9999276513258829,
      1.4469734823433814e-05,
      1.4469734823433814e-05,
      1.4469734823433814e-05,
      1.4469734823433814e-05,
      1.4469734823433814e-05
    ],
    [
      0.9999300501355771,
      1.398997288458392e-05,
      1.398997288458392e-05,
      1.398997288458392e-05,
      1.398997288458392e-05,
      1.398997288458392e-05
    ],
    [
      0.999973201810226,
      5.359637954819758e-06,
      5.359637954819758e-06,
      5.359637954819758e-06,
      5.359637954819758e-06,
      5.359637954819758e-06
    ],
    [
      0.999973201810226,
      5.359637954819758e-06,
      5.359637954819758e-06,
      5.359637954819758e-06,
      5.359637954819758e-06,
      5.359637954819758e-06
    ],
    [
      0.9999647290616289,
      7.054187674223438e-06,
      7.054187674223438e-06,
      7.054187674223438e-06,
      7.054187674223438e-06,
      7.054187674223438e-06
    ],
    [
      0.999973201810226,
      5.359637954819758e-06,
      5.359637954819758e-06,
      5.359637954819758e-06,
      5.359637954819758e-06,
      5.359637954819758e-06
    ],
    [
      0.999973201810226,
      5.359637954819758e-06,
      5.359637954819758e-06,
      5.359637954819758e-06,
      5.359637954819758e-06,
      5.359637954819758e-06
    ],
    [
      0.999973201810226,
      5.359637954819758e-06,
      5.359637954819758e-06,
      5.359637954819758e-06,
      5.359637954819758e-06,
      5.359637954819758e-06
    ],
    [
      0.9999735980243126,
      5.280395137473069e-06,
      5.280395137473069e-06,
      5.280395137473069e-06,
      5.280395137473069e-06,
      5.280395137473069e-06
    ],
    [
      0.9999729378311886,
      5.412433762284684e-06,
      5.412433762284684e-06,
      5.412433762284684e-06,
      5.412433762284684e-06,
      5.412433762284684e-06
    ],
    [
      0.999973201810226,
      5.359637954819758e-06,
      5.359637954819758e-06,
      5.359637954819758e-06,
      5.359637954819758e-06,
      5.359637954819758e-06
    ],
    [
      0.9999732662875848,
      5.346742483043713e-06,
      5.346742483043713e-06,
      5.346742483043713e-06,
      5.346742483043713e-06,
      5.346742483043713e-06
    ],
    [
      0.9999734649143623,
      5.30701712753606e-06,
      5.30701712753606e-06,
      5.30701712753606e-06,
      5.30701712753606e-06,
      5.30701712753606e-06
    ],
    [
      0.999964806023752,
      7.038795249589217e-06,
      7.038795249589217e-06,
      7.038795249589217e-06,
      7.038795249589217e-06,
      7.038795249589217e-06
    ],
    [
      0.9999636098363578,
      7.278032728441304e-06,
      7.278032728441304e-06,
      7.278032728441304e-06,
      7.278032728441304e-06,
      7.278032728441304e-06
    ],
    [
      0.9999646941940996,
      7.061161180086155e-06,
      7.061161180086155e-06,
      7.061161180086155e-06,
      7.061161180086155e-06,
      7.061161180086155e-06
    ],
    [
      0.9999734013926933,
      5.3197214613451455e-06,
      5.3197214613451455e-06,
      5.3197214613451455e-06,
      5.3197214613451455e-06,
      5.3197214613451455e-06
    ],
    [
      0.9999646941940996,
      7.061161180086155e-06,
      7.061161180086155e-06,
      7.061161180086155e-06,
      7.061161180086155e-06,
      7.061161180086155e-06
    ],
    [
      0.9999634982587936,
      7.300348241281511e-06,
      7.300348241281511e-06,
      7.300348241281511e-06,
      7.300348241281511e-06,
      7.300348241281511e-06
    ],
    [
      0.9999646242518189,
      7.075149636233464e-06,
      7.075149636233464e-06,
      7.075149636233464e-06,
      7.075149636233464e-06,
      7.075149636233464e-06
    ],
    [
      0.999973201810226,
      5.359637954819758e-06,
      5.359637954819758e-06,
      5.359637954819758e-06,
      5.359637954819758e-06,
      5.359637954819758e-06
    ],
    [
      0.9999729378311886,
      5.412433762284684e-06,
      5.412433762284684e-06,
      5.412433762284684e-06,
      5.412433762284684e-06,
      5.412433762284684e-06
    ],
    [
      0.9999729378311886,
      5.412433762284684e-06,
      5.412433762284684e-06,
      5.412433762284684e-06,
      5.412433762284684e-06,
      5.412433762284684e-06
    ],
    [
      0.999973201810226,
      5.359637954819758e-06,
      5.359637954819758e-06,
      5.359637954819758e-06,
      5.359637954819758e-06,
      5.359637954819758e-06
    ],
    [
      0.999973201810226,
      5.359637954819758e-06,
      5.359637954819758e-06,
      5.359637954819758e-06,
      5.359637954819758e-06,
      5.359637954819758e-06
    ],
    [
      0.999973201810226,
      5.359637954819758e-06,
      5.359637954819758e-06,
      5.359637954819758e-06,
      5.359637954819758e-06,
      5.359637954819758e-06
    ]
  ],
  [
    [
      0.9999735980243126,
      5.280395137473069e-06,
      5.280395137473069e-06,
      5.280395137473069e-06,
      5.280395137473069e-06,
      5.280395137473069e-06
    ],
    [
      0.8155842633224517,
      0.12757818514427155,
      0.02072825358936111,
      0.009226057301853056,
      0.02687918383541049,
      4.056806652189278e-06
    ],
    [
      0.8154672690735367,
      0.1282372968370357,
      0.01997146839300615,
      0.009272772273002706,
      0.027047254407266703,
      3.939016151935731e-06
    ],
    [
      0.055435638884512375,
      0.13390972112809205,
      0.018969591933196788,
      0.0076768552071844985,
      0.7839963762407436,
      1.1816606270679064e-05
    ],
    [
      0.055435638884512375,
      0.13390972112809205,
      0.018969591933196788,
      0.0076768552071844985,
      0.7839963762407436,
      1.1816606270679064e-05
    ],
    [
      0.055101401613029524,
      0.13189648422206562,
      0.017649361835408352,
      0.007630569258476237,
      0.7877104377104377,
      1.1745360582569888e-05
    ],
    [
      0.815346197825588,
      0.12774287805271045,
      0.020324706229617854,
      0.009668273204932134,
      0.026913882643496773,
      4.0620436547831595e-06
    ],
    [
      0.8148310126797759,
      0.12752575191991403,
      0.0215787785769918,
      0.009223279138748703,
      0.02683697449039423,
      4.203194175381641e-06
    ],
    [
      0.9999735980243126,
      5.280395137473069e-06,
      5.280395137473069e-06,
      5.280395137473069e-06,
      5.280395137473069e-06,
      5.280395137473069e-06
    ],
    [
      0.8148310126797759,
      0.12752575191991403,
      0.0215787785769918,
      0.009223279138748703,
      0.02683697449039423,
      4.203194175381641e-06
    ],
    [
      0.8047816007035585,
      0.1345074887911924,
      0.02215247753182888,
      0.010057930335300296,
      0.028496008779202782,
      4.493858917096842e-06
    ],
    [
      0.782447359761099,
      0.15099645515315535,
      0.022860890993838607,
      0.012247113198001959,
      0.03144371578892378,
      4.46510498131577e-06
    ],
    [
      0.9998910194984956,
      2.179610030087669e-05,
      2.179610030087669e-05,
      2.179610030087669e-05,
      2.179610030087669e-05,
      2.179610030087669e-05
    ],
    [
      0.06859257587681634,
      0.1564399162875324,
      0.013701472427335812,
      0.017988124839781648,
      0.7432637476200346,
      1.4162948499270373e-05
    ],
    [
      0.7836546666609574,
      0.15528494100418588,
      0.018147123430290492,
      0.012200670183150363,
      0.030708010939718384,
      4.587781697442527e-06
    ],
    [
      0.7807796430505776,
      0.15099645515315535,
      0.024528607704360047,
      0.012247113198001959,
      0.03144371578892378,
      4.46510498131577e-06
    ],
    [
      0.8050332801265969,
      0.1346286172203229,
      0.021712832611414115,
      0.010065909332538729,
      0.028555021238094485,
      4.339471032945989e-06
    ],
    [
      0.058198337912782575,
      0.13919137602616188,
      0.027434553208704894,
      0.008213509094280468,
      0.766949581106822,
      1.2642651248251104e-05
    ],
    [
      0.8046591441469252,
      0.13579932522489477,
      0.0209485347792454,
      0.009911204244763955,
      0.028677433530294064,
      4.358073876615665e-06
    ],
    [
      0.8054803782557087,
      0.13477852702522305,
      0.021204400235237245,
      0.010042826166174183,
      0.02848953879790885,
      4.329519748021952e-06
    ],
    [
      0.05591044159476252,
      0.13383308703182853,
      0.02035562759212471,
      0.0077426069822504025,
      0.7821463189842843,
      1.1917814749487537e-05
    ],
    [
      0.8154056249429562,
      0.1272423805402293,
      0.020604287589803094,
      0.009170880563954077,
      0.027572793818270144,
      4.032544787122634e-06
    ],
    [
      0.8128876230033106,
      0.12834123598380937,
      0.02035127481619856,
      0.009251096864277195,
      0.02916455346125129,
      4.2158711528594785e-06
    ],
    [
      0.8052408730848858,
      0.1345074887911924,
      0.021693205150501587,
      0.010057930335300296,
      0.028496008779202782,
      4.493858917096842e-06
    ],
    [
      0.8153408660643203,
      0.12819295451058432,
      0.020032042312182734,
      0.009300896802814667,
      0.02712928934682017,
      3.950963277771816e-06
    ],
    [
      0.05642876760701535,
      0.13218111193942012,
      0.02278024090712913,
      0.007647035743712482,
      0.7809510730960881,
      1.1770706634754977e-05
    ],
    [
      0.7841698015641269,
      0.1492973137215821,
      0.022701582385662774,
      0.012425414064318482,
      0.03140170685235853,
      4.1814119513116405e-06
    ],
    [
      0.78242759821487,
      0.1502730279813496,
      0.023264067887293866,
      0.01218773429256705,
      0.031843266094356545,
      4.305529562914121e-06
    ],
    [
      0.06814139221139329,
      0.15522136430022251,
      0.019663337506595987,
      0.010497554114474212,
      0.7464626340572984,
      1.3717810015647451e-05
    ],
    [
      0.7804033340525938,
      0.15052286306684706,
      0.024965286458060048,
      0.01220799690176517,
      0.03189620683305112,
      4.312687682777096e-06
    ],
    [
      0.788523671481617,
      0.15425168701045147,
      0.013959574850078989,
      0.011800997745644722,
      0.031459561704055214,
      4.507208152638107e-06
    ],
    [
      0.06802688169611563,
      0.1541525527209577,
      0.024084308307366693,
      0.010382512425548468,
      0.7433401773721604,
      1.356747785109241e-05
    ],
    [
      0.7821385782541721,
      0.1534605383357494,
      0.02073621630761807,
      0.012399291457276071,
      0.03126125141512644,
      4.124230057801084e-06
    ],
    [
      0.06812738574252189,
      0.1543803002661343,
      0.028868730037664617,
      0.010397851722082626,
      0.738212144708928,
      1.3587522668516988e-05
    ],
    [
      0.7821455920510255,
      0.1495458756039111,
      0.02440425622514462,
      0.01244610086859886,
      0.03145398687782585,
      4.1883734940179564e-06
    ],
    [
      0.8154056249429562,
      0.1272423805402293,
      0.020604287589803094,
      0.009170880563954077,
      0.027572793818270144,
      4.032544787122634e-06
    ],
    [
      0.814032543442941,
      0.1272423805402293,
      0.02197736908981835,
      0.009170880563954077,
      0.027572793818270144,
      4.032544787122634e-06
    ],
    [
      0.814032543442941,
      0.12861546204024454,
      0.020604287589803094,
      0.009170880563954077,
      0.027572793818270144,
      4.032544787122634e-06
    ],
    [
      0.05584211528694769,
      0.1336695340274251,
      0.017886617572371765,
      0.007733144997460641,
      0.7848566848654138,
      1.1903250380904015e-05
    ],
    [
      0.999973201810226,
      5.359637954819758e-06,
      5.359637954819758e-06,
      5.359637954819758e-06,
      5.359637954819758e-06,
      5.359637954819758e-06
    ]
  ],
  [
    [
      0.9999729378311886,
      5.412433762284684e-06,
      5.412433762284684e-06,
      5.412433762284684e-06,
      5.412433762284684e-06,
      5.412433762284684e-06
    ],
    [
      0.8154056249429562,
      0.1272423805402293,
      0.020604287589803094,
      0.009170880563954077,
      0.027572793818270144,
      4.032544787122634e-06
    ],
    [
      0.06363273525516591,
      0.15099961901997425,
      0.00807314816494621,
      0.008839643692966385,
      0.7684412474374558,
      1.3606429491482379e-05
    ],
    [
      0.8053350371253412,
      0.1468547317162949,
      0.00859552920769343,
      0.011231859216249161,
      0.02797865353977871,
      4.189194642690324e-06
    ],
    [
      0.8053350371253412,
      0.1468547317162949,
      0.00859552920769343,
      0.011231859216249161,
      0.02797865353977871,
      4.189194642690324e-06
    ],
    [
      0.8055506923289409,
      0.1467129559383023,
      0.008587377484514406,
      0.01122194944924499,
      0.027922701930895497,
      4.3228681019453345e-06
    ],
    [
      0.8045404230467255,
      0.1471506422280925,
      0.008613321059898744,
      0.011749157812904896,
      0.02794181463761782,
      4.641214760610011e-06
    ],
    [
      0.815346197825588,
      0.12774287805271045,
      0.020324706229617854,
      0.009668273204932134,
      0.026913882643496773,
      4.0620436547831595e-06
    ],
    [
      0.9999722221862419,
      5.55556275161404e-06,
      5.55556275161404e-06,
      5.55556275161404e-06,
      5.55556275161404e-06,
      5.55556275161404e-06
    ],
    [
      0.9999646242518189,
      7.075149636233464e-06,
      7.075149636233464e-06,
      7.075149636233464e-06,
      7.075149636233464e-06,
      7.075149636233464e-06
    ],
    [
      0.9999635355272626,
      7.292894547497797e-06,
      7.292894547497797e-06,
      7.292894547497797e-06,
      7.292894547497797e-06,
      7.292894547497797e-06
    ],
    [
      0.9999228392285465,
      1.5432154290702587e-05,
      1.5432154290702587e-05,
      1.5432154290702587e-05,
      1.5432154290702587e-05,
      1.5432154290702587e-05
    ],
    [
      0.9998843657039693,
      2.312685920613583e-05,
      2.312685920613583e-05,
      2.312685920613583e-05,
      2.312685920613583e-05,
      2.312685920613583e-05
    ],
    [
      0.3737984181985518,
      0.3572599286332195,
      0.018437903111406143,
      0.08541193288571287,
      0.16501483552769086,
      7.698164341874336e-05
    ],
    [
      0.777190297974088,
      0.16988325751808867,
      0.009519652118483806,
      0.011044762797797973,
      0.032356900008002155,
      5.129583539371607e-06
    ],
    [
      0.7820354192868554,
      0.16632683744414262,
      0.009363388914019461,
      0.011246264188240464,
      0.031022860683964055,
      5.229482778005843e-06
    ],
    [
      0.7823087465040305,
      0.16614333025823913,
      0.009340200204905624,
      0.011445876412752465,
      0.030756813732669468,
      5.032887402733162e-06
    ],
    [
      0.7805950483433999,
      0.16785702841886976,
      0.009340200204905624,
      0.011445876412752465,
      0.030756813732669468,
      5.032887402733162e-06
    ],
    [
      0.7796358188934471,
      0.16866268321496894,
      0.009368027087606156,
      0.011250802823515793,
      0.03107762009878032,
      5.047881681691688e-06
    ],
    [
      0.783677533241178,
      0.16471951924254133,
      0.009350170301575114,
      0.011458094190936945,
      0.030789644764064185,
      5.0382597044859174e-06
    ],
    [
      0.7837427092746241,
      0.16424923524144086,
      0.009375561724413633,
      0.011717622103128739,
      0.03090999151669049,
      4.880139702132541e-06
    ],
    [
      0.8061473561918883,
      0.1462850453231676,
      0.00856248713992725,
      0.011190213196793098,
      0.02781044122770333,
      4.456920520479179e-06
    ],
    [
      0.7962888949060497,
      0.1542227120699584,
      0.008792088874312105,
      0.011705369299005007,
      0.028986358418537608,
      4.576432137231946e-06
    ],
    [
      0.7963935021040468,
      0.15441770948773262,
      0.008782965700290662,
      0.011479221798476883,
      0.028921868283121484,
      4.732626331544138e-06
    ],
    [
      0.7968577255728374,
      0.15352474257846815,
      0.008809472810813854,
      0.011727707687811617,
      0.029075916679638075,
      4.4346704308149285e-06
    ],
    [
      0.06699982351356623,
      0.15462533787863306,
      0.008266996108009697,
      0.009051896300287023,
      0.7610420130599961,
      1.3933139507881515e-05
    ],
    [
      0.7840630658132124,
      0.16452576272226718,
      0.009309015378005625,
      0.011406713603421572,
      0.03069059698189883,
      4.845501194416046e-06
    ],
    [
      0.7783157852249926,
      0.16865076403973037,
      0.009441958622598428,
      0.010954622294520596,
      0.03263178209909792,
      5.0877190602236714e-06
    ],
    [
      0.7802998109181696,
      0.16668114027357347,
      0.009536308456029268,
      0.011064087589815582,
      0.03241351420374694,
      5.138558665125786e-06
    ],
    [
      0.7761957054106824,
      0.17067881094813298,
      0.009458343958220539,
      0.010973632668330067,
      0.03268841046647517,
      5.0965481588974626e-06
    ],
    [
      0.7869876927569744,
      0.160258014053466,
      0.009842891164623998,
      0.011659560805704728,
      0.031246717826588534,
      5.123392642295827e-06
    ],
    [
      0.06773325358851674,
      0.1736393540669857,
      0.008871610845295056,
      0.010810406698564595,
      0.7389304226475278,
      1.495215311004785e-05
    ],
    [
      0.7794139956223046,
      0.16732669214302398,
      0.009566877845923423,
      0.011097626460736794,
      0.032589991981448976,
      4.815946562256947e-06
    ],
    [
      0.7788914934986458,
      0.1684945111971307,
      0.009463453223004853,
      0.010979560470828683,
      0.03216588230914718,
      5.099301242750707e-06
    ],
    [
      0.7816083280558952,
      0.1667787975339672,
      0.009339537437840243,
      0.011443225344490944,
      0.03082541012393635,
      4.701503870042912e-06
    ],
    [
      0.06750332229022779,
      0.1618610440414023,
      0.008329121979523462,
      0.009119920639377095,
      0.7531725532034365,
      1.4037846032904715e-05
    ],
    [
      0.8059576698725932,
      0.14642818637747645,
      0.008570865600172502,
      0.011201162907417251,
      0.027837653960688675,
      4.461281651863887e-06
    ],
    [
      0.8048282970247749,
      0.14742485315583453,
      0.008600635311590166,
      0.011240918354752147,
      0.027900661773895132,
      4.6343791530795696e-06
    ],
    [
      0.8155842633224517,
      0.12757818514427155,
      0.02072825358936111,
      0.009226057301853056,
      0.02687918383541049,
      4.056806652189278e-06
    ],
    [
      0.999973201810226,
      5.359637954819758e-06,
      5.359637954819758e-06,
      5.359637954819758e-06,
      5.359637954819758e-06,
      5.359637954819758e-06
    ]
  ],
  [
    [
      0.9999729378311886,
      5.412433762284684e-06,
      5.412433762284684e-06,
      5.412433762284684e-06,
      5.412433762284684e-06,
      5.412433762284684e-06
    ],
    [
      0.8154672690735367,
      0.1282372968370357,
      0.01997146839300615,
      0.009272772273002706,
      0.027047254407266703,
      3.939016151935731e-06
    ],
    [
      0.8059576698725932,
      0.14642818637747645,
      0.008570865600172502,
      0.011201162907417251,
      0.027837653960688675,
      4.461281651863887e-06
    ],
    [
      0.7941278420655937,
      0.15511210173910744,
      0.008896394732116187,
      0.011843423452714755,
      0.03001575958372128,
      4.478426746597628e-06
    ],
    [
      0.062262177417900494,
      0.15049773674054573,
      0.008025103244305784,
      0.008787037204017963,
      0.7704144199383238,
      1.3525454906133347e-05
    ],
    [
      0.8062420603484055,
      0.146213579690529,
      0.008558304049584261,
      0.011184746365486432,
      0.027796854802844207,
      4.454743150646793e-06
    ],
    [
      0.7937521744463311,
      0.15554340137020015,
      0.008892183718825867,
      0.011838630818162672,
      0.029968981113270243,
      4.628533210111495e-06
    ],
    [
      0.7921961125616479,
      0.15529123553492571,
      0.009851251800773125,
      0.011427501679895067,
      0.031228939322934104,
      4.959099824199912e-06
    ],
    [
      0.055101401613029524,
      0.13189648422206562,
      0.017649361835408352,
      0.007630569258476237,
      0.7877104377104377,
      1.1745360582569888e-05
    ],
    [
      0.7842166650952127,
      0.1496233748546405,
      0.02223293139031775,
      0.012452550819076756,
      0.031470287296714965,
      4.190544037379654e-06
    ],
    [
      0.7824042251620342,
      0.15046790466953686,
      0.02337110927285454,
      0.012244956468048717,
      0.03150760891378849,
      4.195513737160855e-06
    ],
    [
      0.06906584039158592,
      0.1596091434884641,
      0.011846825950250382,
      0.010030596297128365,
      0.7494330056825862,
      1.4588189984915813e-05
    ],
    [
      0.9998870816095946,
      2.258367808106485e-05,
      2.258367808106485e-05,
      2.258367808106485e-05,
      2.258367808106485e-05,
      2.258367808106485e-05
    ],
    [
      0.7851950235661208,
      0.15853120849680855,
      0.012583981762464797,
      0.012490170870631688,
      0.031194857355106978,
      4.757948867275115e-06
    ],
    [
      0.77648971679367,
      0.17102393065523586,
      0.009447422101638538,
      0.010962017194783102,
      0.032071636839089375,
      5.276415583154727e-06
    ],
    [
      0.7769718894155261,
      0.16952749675159534,
      0.009302308666239607,
      0.011628015717031096,
      0.03256509408034431,
      5.195369263468087e-06
    ],
    [
      0.7759445237526701,
      0.17066072963086212,
      0.009277312750335394,
      0.011595766112738472,
      0.032516668752361,
      4.9990010329602485e-06
    ],
    [
      0.7865043767910564,
      0.16099139782568203,
      0.009471493229604819,
      0.012610823275631084,
      0.030416805244493823,
      5.103633531893033e-06
    ],
    [
      0.7843577188503807,
      0.1623410055517535,
      0.009475884448503526,
      0.013157565534229684,
      0.03066271961542972,
      5.105999702830819e-06
    ],
    [
      0.786425603522192,
      0.16118347064452376,
      0.009451054571331231,
      0.012583610216271702,
      0.030351168425346523,
      5.092620334799048e-06
    ],
    [
      0.7785613114300001,
      0.1674524370692522,
      0.00928188771710011,
      0.011600547878580959,
      0.03309898452428213,
      4.831380784471299e-06
    ],
    [
      0.07961052733056975,
      0.1695893184228285,
      0.008579967222597127,
      0.009394582088113373,
      0.7328111443169768,
      1.4460618914489543e-05
    ],
    [
      0.7788313349657039,
      0.1676243396266128,
      0.009291415555228147,
      0.01161158000837233,
      0.032636652564669244,
      4.677279413656254e-06
    ],
    [
      0.07196496803238375,
      0.17137195929330762,
      0.008417508417508417,
      0.009216698823440398,
      0.7390146786214201,
      1.418681193962093e-05
    ],
    [
      0.7793617384512124,
      0.16709393614110415,
      0.009291415555228145,
      0.011611580008372329,
      0.03263665256466924,
      4.677279413656253e-06
    ],
    [
      0.77964601271153,
      0.16690364582913994,
      0.00928083399488898,
      0.011599230931497189,
      0.032565445700639774,
      4.830832304097675e-06
    ],
    [
      0.7809999061136219,
      0.1657256445785473,
      0.009329554136828065,
      0.011660121599046891,
      0.03227991737998732,
      4.8561919685059775e-06
    ],
    [
      0.7852589538014254,
      0.15968455749366667,
      0.009485419313277893,
      0.014912053925708055,
      0.030653717828774008,
      5.297637147879303e-06
    ],
    [
      0.3860617745579185,
      0.41113253356183943,
      0.0028985225000649163,
      0.047911635636571366,
      0.15193061722624704,
      6.491651735867675e-05
    ],
    [
      0.7852835705649213,
      0.16178426476592253,
      0.009506737361161935,
      0.012657749088044767,
      0.030762555595417167,
      5.122624532283037e-06
    ],
    [
      0.7856580767717452,
      0.16182735876596593,
      0.009753641644419813,
      0.011792454825839916,
      0.030963391055283618,
      5.076936745598932e-06
    ],
    [
      0.7849491996253302,
      0.16214187857174042,
      0.009496082361440979,
      0.012642632771740606,
      0.030765263796999513,
      4.9428727482125345e-06
    ],
    [
      0.393436871847385,
      0.40032679738562094,
      0.002822341057635175,
      0.05541333232196812,
      0.14793744706135195,
      6.321032603886172e-05
    ],
    [
      0.7860963117491946,
      0.1606024126529396,
      0.009475884448503526,
      0.013157565534229684,
      0.03066271961542972,
      5.105999702830819e-06
    ],
    [
      0.7803403969474002,
      0.1661759599025223,
      0.009354912982059937,
      0.011690107774129498,
      0.03243406309911983,
      4.559294768285242e-06
    ],
    [
      0.06513286995433455,
      0.15546885029434962,
      0.0081610945036404,
      0.008935939993030977,
      0.7622874906009867,
      1.37546536578209e-05
    ],
    [
      0.789839791029858,
      0.1582084740660488,
      0.009061113756685803,
      0.011618554417099754,
      0.0312676506241798,
      4.416106127862466e-06
    ],
    [
      0.8029600894207377,
      0.1471506422280925,
      0.008613321059898744,
      0.013329491438892605,
      0.02794181463761782,
      4.641214760610011e-06
    ],
    [
      0.814272536677025,
      0.12834123598380937,
      0.02035127481619856,
      0.009251096864277195,
      0.027779639787536954,
      4.2158711528594785e-06
    ],
    [
      0.9999729378311886,
      5.412433762284684e-06,
      5.412433762284684e-06,
      5.412433762284684e-06,
      5.412433762284684e-06,
      5.412433762284684e-06
    ]
  ],
  [
    [
      0.9999721789089331,
      5.56421821337951e-06,
      5.56421821337951e-06,
      5.56421821337951e-06,
      5.56421821337951e-06,
      5.56421821337951e-06
    ],
    [
      0.815346197825588,
      0.12774287805271045,
      0.020324706229617854,
      0.009668273204932134,
      0.026913882643496773,
      4.0620436547831595e-06
    ],
    [
      0.06363273525516591,
      0.15099961901997425,
      0.00807314816494621,
      0.008839643692966385,
      0.7684412474374558,
      1.3606429491482379e-05
    ],
    [
      0.7937087791146168,
      0.15542784008730962,
      0.008914503783222961,
      0.01186753132641444,
      0.030076858145630637,
      4.487542805548937e-06
    ],
    [
      0.7922265002371662,
      0.15529393666163846,
      0.009851589441612218,
      0.011428852243251441,
      0.031193993496087827,
      5.127920243747143e-06
    ],
    [
      0.8149231086833284,
      0.12844732953000124,
      0.020368252553486413,
      0.009256777347782064,
      0.027000599663795057,
      3.93222160690236e-06
    ],
    [
      0.06878922858878317,
      0.15627151245191337,
      0.009009921036647096,
      0.009865357359789434,
      0.7560487953026929,
      1.5185260174124321e-05
    ],
    [
      0.062262177417900494,
      0.15049773674054573,
      0.008025103244305784,
      0.008787037204017963,
      0.7704144199383238,
      1.3525454906133347e-05
    ],
    [
      0.7962888949060497,
      0.1542227120699584,
      0.008792088874312105,
      0.011705369299005007,
      0.028986358418537608,
      4.576432137231946e-06
    ],
    [
      0.7836936060193489,
      0.16480725997798,
      0.009324942745482538,
      0.011426230051927482,
      0.030743107413600496,
      4.8537916607005494e-06
    ],
    [
      0.06773325358851674,
      0.1736393540669857,
      0.008871610845295056,
      0.010810406698564595,
      0.7389304226475278,
      1.495215311004785e-05
    ],
    [
      0.7860990391574895,
      0.16035391884961436,
      0.010236704844770092,
      0.011713931741117966,
      0.03159187889591152,
      4.526511096515627e-06
    ],
    [
      0.06844544209478301,
      0.15944283113375854,
      0.010617570832799223,
      0.00994049437665113,
      0.7515392044134783,
      1.4457148529852569e-05
    ],
    [
      0.7861998692984813,
      0.16055178632854458,
      0.010199090067258951,
      0.011662860920947917,
      0.031381606952197584,
      4.786432569695246e-06
    ],
    [
      0.7775876629432367,
      0.16905943671896048,
      0.00927662528754689,
      0.011595911135058961,
      0.032475182890183,
      5.1810250139887695e-06
    ],
    [
      0.7852810046812536,
      0.16119061504118545,
      0.00930053153769735,
      0.011397264750008228,
      0.03282557247757641,
      5.011512278956812e-06
    ],
    [
      0.7813986044178262,
      0.16464988194946,
      0.009322496429856955,
      0.011422345927737396,
      0.03320197834965767,
      4.692925461795598e-06
    ],
    [
      0.07088114958586968,
      0.1747081129627782,
      0.008881349166749826,
      0.00972457838539068,
      0.7357898413332004,
      1.4968566011376113e-05
    ],
    [
      0.4130236185383244,
      0.39906045751633984,
      0.003316250742721331,
      0.02687537136066548,
      0.15765002970885322,
      7.427213309566251e-05
    ],
    [
      0.7816324202415897,
      0.16239860020875962,
      0.009684749578653671,
      0.012103133685621279,
      0.03417622100242643,
      4.875282949234167e-06
    ],
    [
      0.07322914281352569,
      0.17498187161285397,
      0.008491718189451188,
      0.009927677276543777,
      0.7333552782230364,
      1.4311884588962678e-05
    ],
    [
      0.7851649559323256,
      0.1610700273314559,
      0.009324323935390335,
      0.011423754811558677,
      0.03301239360265489,
      4.544386614600114e-06
    ],
    [
      0.08022424502871431,
      0.1685207250849709,
      0.008692424893542211,
      0.010162323709809743,
      0.7323856311286479,
      1.4650154314958786e-05
    ],
    [
      0.77951358643738,
      0.1644570348432554,
      0.009701171597204863,
      0.01212457088705924,
      0.03419858660990888,
      5.049625191570156e-06
    ],
    [
      0.7821013080181052,
      0.16325994521868878,
      0.009582157419376292,
      0.01174140561030454,
      0.0333101960572419,
      4.987676283183634e-06
    ],
    [
      0.07116817848678388,
      0.18073785705447312,
      0.008471269072253262,
      0.0092755637201245,
      0.7303328542465806,
      1.4277419784696513e-05
    ],
    [
      0.7859498777644891,
      0.16055622666557157,
      0.009294539835554677,
      0.011389922264759248,
      0.0328044251859242,
      5.008283701241856e-06
    ],
    [
      0.780661282580085,
      0.16253505376068184,
      0.009571293709620687,
      0.01173011357258093,
      0.03549691077875745,
      5.345598274013229e-06
    ],
    [
      0.7817796345983797,
      0.16223229064278438,
      0.009707285099249603,
      0.01213424191280955,
      0.034141126196874906,
      5.4215499018428395e-06
    ],
    [
      0.7803684640361167,
      0.1650272415196732,
      0.009582508973651758,
      0.011742811827406408,
      0.0332738101897311,
      5.163453420916979e-06
    ],
    [
      0.07637276497787304,
      0.1711565557341589,
      0.008830942033299597,
      0.010760850151812827,
      0.7328640034926871,
      1.4883610168482471e-05
    ],
    [
      0.7792255431833474,
      0.16610352619989915,
      0.00958182901270744,
      0.011740091983629132,
      0.033344186147468036,
      4.8234729487578355e-06
    ],
    [
      0.7805506053280972,
      0.162407230496874,
      0.009685081512811918,
      0.012657318508697418,
      0.034694722903491154,
      5.041250028357033e-06
    ],
    [
      0.7800368020420484,
      0.1653841586805737,
      0.009571686342307152,
      0.011728574975441778,
      0.033273795733719955,
      4.982225909069396e-06
    ],
    [
      0.07139992360580598,
      0.18132639419404126,
      0.008498854087089383,
      0.009305767761650117,
      0.7294547364400306,
      1.4323911382734917e-05
    ],
    [
      0.07105273264969084,
      0.16490475093136692,
      0.008545531359219573,
      0.009356876752314017,
      0.7461257057264661,
      1.44025809425049e-05
    ],
    [
      0.061662796928022866,
      0.15042418288980178,
      0.007947847829969639,
      0.008702446865511701,
      0.7712493302375424,
      1.3395249151634225e-05
    ],
    [
      0.8059576698725932,
      0.14642818637747645,
      0.008570865600172502,
      0.011201162907417251,
      0.027837653960688675,
      4.461281651863887e-06
    ],
    [
      0.8154056249429562,
      0.1272423805402293,
      0.020604287589803094,
      0.009170880563954077,
      0.027572793818270144,
      4.032544787122634e-06
    ],
    [
      0.999973201810226,
      5.359637954819758e-06,
      5.359637954819758e-06,
      5.359637954819758e-06,
      5.359637954819758e-06,
      5.359637954819758e-06
    ]
  ],
  [
    [
      0.9999721789089331,
      5.56421821337951e-06,
      5.56421821337951e-06,
      5.56421821337951e-06,
      5.56421821337951e-06,
      5.56421821337951e-06
    ],
    [
      0.8154672690735367,
      0.1282372968370357,
      0.01997146839300615,
      0.009272772273002706,
      0.027047254407266703,
      3.939016151935731e-06
    ],
    [
      0.8055371204800106,
      0.1468432466604483,
      0.008566380718161546,
      0.011194510961646848,
      0.027854428881359614,
      4.312298373099193e-06
    ],
    [
      0.06750332229022779,
      0.1557873359911655,
      0.008329121979523462,
      0.009119920639377095,
      0.7592462612536732,
      1.4037846032904715e-05
    ],
    [
      0.8158446842492825,
      0.12786277318860734,
      0.01998037713167516,
      0.009277890684441025,
      0.027030195147589677,
      4.079598404333078e-06
    ],
    [
      0.9999717386016889,
      5.652279662221726e-06,
      5.652279662221726e-06,
      5.652279662221726e-06,
      5.652279662221726e-06,
      5.652279662221726e-06
    ],
    [
      0.8142402628100942,
      0.12863676849100827,
      0.020536256206101028,
      0.009332204550482552,
      0.027250673761434967,
      3.834180879016641e-06
    ],
    [
      0.796559451043249,
      0.15387287144802006,
      0.008800621293294826,
      0.011715924007643007,
      0.02904670199319785,
      4.430214595164776e-06
    ],
    [
      0.7876335357277091,
      0.16055518314301548,
      0.008932992866470086,
      0.01189296217795464,
      0.030980676309783524,
      4.6497750671311286e-06
    ],
    [
      0.7788718042400357,
      0.167881213971889,
      0.00933096127755818,
      0.011662821712857789,
      0.032248170888574,
      5.02790908534792e-06
    ],
    [
      0.7860963117491946,
      0.1606024126529396,
      0.009475884448503526,
      0.013157565534229684,
      0.03066271961542972,
      5.105999702830819e-06
    ],
    [
      0.4239795123471216,
      0.3732147957726364,
      0.0028985225000649163,
      0.047911635636571366,
      0.15193061722624704,
      6.491651735867675e-05
    ],
    [
      0.7795579936341925,
      0.16724388077010177,
      0.009561983669887177,
      0.01109287990158465,
      0.0325382848487312,
      4.977175502673989e-06
    ],
    [
      0.7763920808371353,
      0.16805951681056755,
      0.009334525353921604,
      0.011666334650062598,
      0.03454268356874121,
      4.85877957174717e-06
    ],
    [
      0.7902663385970461,
      0.16012402978174653,
      0.009076153515495107,
      0.010753252309464141,
      0.02977515673536258,
      5.06906088550411e-06
    ],
    [
      0.8188363247096169,
      0.13541827552572297,
      0.005346398080547079,
      0.011565000688765606,
      0.028831218104006854,
      2.78289134061616e-06
    ],
    [
      0.0776100268843971,
      0.1762888330180225,
      0.005538683660260878,
      0.009487329483222146,
      0.7310657920939959,
      9.334860101563279e-06
    ],
    [
      0.07480579466722653,
      0.17494926166981598,
      0.006228567429491218,
      0.015287983763734345,
      0.7287178948841767,
      1.0497585555322278e-05
    ],
    [
      0.06997329207956918,
      0.1777645616544316,
      0.006494548957223544,
      0.01545921569199784,
      0.7302974357477487,
      1.0945869029028446e-05
    ],
    [
      0.7820157484143699,
      0.16592597995367794,
      0.006707883087996688,
      0.012048019866004421,
      0.03329899194344915,
      3.3767345018860756e-06
    ],
    [
      0.0769463331564594,
      0.17573145600157952,
      0.005491318780310228,
      0.010356380418821034,
      0.7314652566111777,
      9.255031652208253e-06
    ],
    [
      0.7854239586906367,
      0.1615310498057937,
      0.006024686505521087,
      0.011312247385486222,
      0.03570502479780982,
      3.032814752338831e-06
    ],
    [
      0.7699628722318638,
      0.1757719863784296,
      0.007118808730172024,
      0.014122348379603139,
      0.03302014837042253,
      3.835909508848869e-06
    ],
    [
      0.3703828716204954,
      0.4421678278939005,
      0.0012404018179595735,
      0.02655404429331822,
      0.15962707381849295,
      2.7780555833361114e-05
