[
  [
    [
      0.9999729378311886,
      5.412433762284684e-06,
      5.412433762284684e-06,
      5.412433762284684e-06,
      5.412433762284684e-06,
      5.412433762284684e-06
    ],
    [
      0.999973201810226,
      5.359637954819758e-06,
      5.359637954819758e-06,
      5.359637954819758e-06,
      5.359637954819758e-06,
      5.359637954819758e-06
    ],
    [
      0.9999734013926933,
      5.3197214613451455e-06,
      5.3197214613451455e-06,
      5.3197214613451455e-06,
      5.3197214613451455e-06,
      5.3197214613451455e-06
    ],
    [
      0.9999722221862419,
      5.55556275161404e-06,
      5.55556275161404e-06,
      5.55556275161404e-06,
      5.55556275161404e-06,
      5.55556275161404e-06
    ],
    [
      0.9999716263385804,
      5.674732283935656e-06,
      5.674732283935656e-06,
      5.674732283935656e-06,
      5.674732283935656e-06,
      5.674732283935656e-06
    ],
    [
      0.9999716263385804,
      5.674732283935656e-06,
      5.674732283935656e-06,
      5.674732283935656e-06,
      5.674732283935656e-06,
      5.674732283935656e-06
    ],
    [
      0.9999717386016889,
      5.652279662221726e-06,
      5.652279662221726e-06,
      5.652279662221726e-06,
      5.652279662221726e-06,
      5.652279662221726e-06
    ],
    [
      0.999971558551586,
      5.688289682799066e-06,
      5.688289682799066e-06,
      5.688289682799066e-06,
      5.688289682799066e-06,
      5.688289682799066e-06
    ],
    [
      0.9999643416893895,
      7.13166212210267e-06,
      7.13166212210267e-06,
      7.13166212210267e-06,
      7.13166212210267e-06,
      7.13166212210267e-06
    ],
    [
      0.9999635727197065,
      7.285456058710471e-06,
      7.285456058710471e-06,
      7.285456058710471e-06,
      7.285456058710471e-06,
      7.285456058710471e-06
    ],
    [
      0.9999646242518189,
      7.075149636233464e-06,
      7.075149636233464e-06,
      7.075149636233464e-06,
      7.075149636233464e-06,
      7.075149636233464e-06
    ],
    [
      0.999973201810226,
      5.359637954819758e-06,
      5.359637954819758e-06,
      5.359637954819758e-06,
      5.359637954819758e-06,
      5.359637954819758e-06
    ],
    [
      0.9999729378311886,
      5.412433762284684e-06,
      5.412433762284684e-06,
      5.412433762284684e-06,
      5.412433762284684e-06,
      5.412433762284684e-06
    ],
    [
      0.9999736606113835,
      5.267877723311329e-06,
      5.267877723311329e-06,
      5.267877723311329e-06,
      5.267877723311329e-06,
      5.267877723311329e-06
    ],
    [
      0.9999730035835308,
      5.3992832938483894e-06,
      5.3992832938483894e-06,
      5.3992832938483894e-06,
      5.3992832938483894e-06,
      5.3992832938483894e-06
    ],
    [
      0.999973201810226,
      5.359637954819758e-06,
      5.359637954819758e-06,
      5.359637954819758e-06,
      5.359637954819758e-06,
      5.359637954819758e-06
    ],
    [
      0.9999734013926933,
      5.3197214613451455e-06,
      5.3197214613451455e-06,
      5.3197214613451455e-06,
      5.3197214613451455e-06,
      5.3197214613451455e-06
    ],
    [
      0.9999722221862419,
      5.55556275161404e-06,
      5.55556275161404e-06,
      5.55556275161404e-06,
      5.55556275161404e-06,
      5.55556275161404e-06
    ],
    [
      0.9999300501355771,
      1.398997288458392e-05,
      1.398997288458392e-05,
      1.398997288458392e-05,
      1.398997288458392e-05,
      1.398997288458392e-05
    ],
    [
      0.9999270283564875,
      1.4594328702522216e-05,
      1.4594328702522216e-05,
      1.4594328702522216e-05,
      1.4594328702522216e-05,
      1.4594328702522216e-05
    ],
    [
      0.9999228392285465,
      1.5432154290702587e-05,
      1.5432154290702587e-05,
      1.5432154290702587e-05,
      1.5432154290702587e-05,
      1.5432154290702587e-05
    ],
    [
      0.9999261226769409,
      1.4775464611835409e-05,
      1.4775464611835409e-05,
      1.4775464611835409e-05,
      1.4775464611835409e-05,
      1.4775464611835409e-05
    ],
    [
      0.9999300501355771,
      1.398997288458392e-05,
      1.398997288458392e-05,
      1.398997288458392e-05,
      1.398997288458392e-05,
      1.398997288458392e-05
    ],
    [
      0.9999297750509398,
      1.4044989812041642e-05,
      1.4044989812041642e-05,
      1.4044989812041642e-05,
      1.4044989812041642e-05,
      1.4044989812041642e-05
    ],
    [
      0.9999262751815234,
      1.4744963695335756e-05,
      1.4744963695335756e-05,
      1.4744963695335756e-05,
      1.4744963695335756e-05,
      1.4744963695335756e-05
    ],
    [
      0.9999230411275495,
      1.539177449011693e-05,
      1.539177449011693e-05,
      1.539177449011693e-05,
      1.539177449011693e-05,
      1.539177449011693e-05
    ],
    [
      0.999927208953685,
      1.4558209263000478e-05,
      1.4558209263000478e-05,
      1.4558209263000478e-05,
      1.4558209263000478e-05,
      1.4558209263000478e-05
    ],
    [
      0.9999302161022994,
      1.3956779540139067e-05,
      1.3956779540139067e-05,
      1.3956779540139067e-05,
      1.3956779540139067e-05,
      1.3956779540139067e-05
    ],
    [
      0.9999716263385804,
      5.674732283935656e-06,
      5.674732283935656e-06,
      5.674732283935656e-06,
      5.674732283935656e-06,
      5.674732283935656e-06
    ],
    [
      0.9999722221862419,
      5.55556275161404e-06,
      5.55556275161404e-06,
      5.55556275161404e-06,
      5.55556275161404e-06,
      5.55556275161404e-06
    ],
    [
      0.9999720263705824,
      5.594725883526293e-06,
      5.594725883526293e-06,
      5.594725883526293e-06,
      5.594725883526293e-06,
      5.594725883526293e-06
    ],
    [
      0.9999720263705824,
      5.594725883526293e-06,
      5.594725883526293e-06,
      5.594725883526293e-06,
      5.594725883526293e-06,
      5.594725883526293e-06
    ],
    [
      0.9999734013926933,
      5.3197214613451455e-06,
      5.3197214613451455e-06,
      5.3197214613451455e-06,
      5.3197214613451455e-06,
      5.3197214613451455e-06
    ],
    [
      0.999973201810226,
      5.359637954819758e-06,
      5.359637954819758e-06,
      5.359637954819758e-06,
      5.359637954819758e-06,
      5.359637954819758e-06
    ],
    [
      0.9999644835325989,
      7.1032934802317875e-06,
      7.1032934802317875e-06,
      7.1032934802317875e-06,
      7.1032934802317875e-06,
      7.1032934802317875e-06
    ],
    [
      0.9999635727197065,
      7.285456058710471e-06,
      7.285456058710471e-06,
      7.285456058710471e-06,
      7.285456058710471e-06,
      7.285456058710471e-06
    ],
    [
      0.9999647290616289,
      7.054187674223438e-06,
      7.054187674223438e-06,
      7.054187674223438e-06,
      7.054187674223438e-06,
      7.054187674223438e-06
    ],
    [
      0.999973201810226,
      5.359637954819758e-06,
      5.359637954819758e-06,
      5.359637954819758e-06,
      5.359637954819758e-06,
      5.359637954819758e-06
    ],
    [
      0.999973201810226,
      5.359637954819758e-06,
      5.359637954819758e-06,
      5.359637954819758e-06,
      5.359637954819758e-06,
      5.359637954819758e-06
    ],
    [
      0.9999735980243126,
      5.280395137473069e-06,
      5.280395137473069e-06,
      5.280395137473069e-06,
      5.280395137473069e-06,
      5.280395137473069e-06
    ]
  ],
  [
    [
      0.9999721789089331,
      5.56421821337951e-06,
      5.56421821337951e-06,
      5.56421821337951e-06,
      5.56421821337951e-06,
      5.56421821337951e-06
    ],
    [
      0.8153408660643203,
      0.12819295451058432,
      0.020032042312182734,
      0.009300896802814667,
      0.02712928934682017,
      3.950963277771816e-06
    ],
    [
      0.055101401613029524,
      0.13189648422206562,
      0.017649361835408352,
      0.007630569258476237,
      0.7877104377104377,
      1.1745360582569888e-05
    ],
    [
      0.8149164797066537,
      0.1284691947719356,
      0.02007527414100825,
      0.009320047589125266,
      0.027215174605143902,
      3.8291861332916725e-06
    ],
    [
      0.8155007490461751,
      0.12808196150751383,
      0.020014698016294144,
      0.009292843829300372,
      0.027105800058292048,
      3.947542424567399e-06
    ],
    [
      0.8049818493587989,
      0.13462404559651864,
      0.021252566527015165,
      0.010063623520636599,
      0.029073861252485456,
      4.053744545179997e-06
    ],
    [
      0.8142402628100942,
      0.12863676849100827,
      0.020536256206101028,
      0.009332204550482552,
      0.027250673761434967,
      3.834180879016641e-06
    ],
    [
      0.06614408803711397,
      0.15418504693527493,
      0.028832218153131313,
      0.010384700982130582,
      0.7404403755545744,
      1.3570337774754107e-05
    ],
    [
      0.06802688169611563,
      0.1541525527209577,
      0.022609071215691248,
      0.010382512425548468,
      0.7448154144638358,
      1.356747785109241e-05
    ],
    [
      0.782119791725795,
      0.15345631136686458,
      0.020732459001942642,
      0.012398352130857214,
      0.03128907896028513,
      4.006814255443759e-06
    ],
    [
      0.06812738574252189,
      0.1543803002661343,
      0.022642474233527853,
      0.010397851722082626,
      0.7444384005130649,
      1.3587522668516988e-05
    ],
    [
      0.7818065441711628,
      0.14977861458102468,
      0.022255998870175788,
      0.012465470796211455,
      0.033689176689545144,
      4.1948918801575325e-06
    ],
    [
      0.814557784629713,
      0.12891013866883527,
      0.0200761134146813,
      0.009323404683817465,
      0.0271283097799832,
      4.248822969816788e-06
    ],
    [
      0.8131463991101657,
      0.1295467386078406,
      0.02032312903690269,
      0.009238302612667,
      0.027741220591813824,
      4.210040610051725e-06
    ],
    [
      0.8156012445136743,
      0.1275664376134111,
      0.020296633430958163,
      0.009654919236417035,
      0.02687670877244222,
      4.0564330972489285e-06
    ],
    [
      0.8154672690735367,
      0.1282372968370357,
      0.01997146839300615,
      0.009272772273002706,
      0.027047254407266703,
      3.939016151935731e-06
    ],
    [
      0.055101401613029524,
      0.13189648422206562,
      0.017649361835408352,
      0.007630569258476237,
      0.7877104377104377,
      1.1745360582569888e-05
    ],
    [
      0.8058234316608519,
      0.13437916007969222,
      0.021213834982430475,
      0.010046254681778527,
      0.02853313454443009,
      4.184050816691853e-06
    ],
    [
      0.7829915403701552,
      0.15078083231322145,
      0.02237986561850314,
      0.012270422266771589,
      0.031573135192214316,
      4.204239134319135e-06
    ],
    [
      0.06907780417995803,
      0.1582395522240462,
      0.013666895527420439,
      0.010810845174287355,
      0.7481907756872651,
      1.4127207022917157e-05
    ],
    [
      0.7872946865819913,
      0.15411251599308762,
      0.015089661283728887,
      0.012607428668077526,
      0.03089105662975396,
      4.6508433606808105e-06
    ],
    [
      0.7874831518719316,
      0.15315271864441451,
      0.01639851290915324,
      0.012215553147604684,
      0.03074547004880158,
      4.593378094271737e-06
    ],
    [
      0.7833988484207324,
      0.15085926770327032,
      0.02187131280457155,
      0.012276805275419262,
      0.03158955936984933,
      4.206426157240418e-06
    ],
    [
      0.7824042251620342,
      0.15046790466953686,
      0.02337110927285454,
      0.012244956468048717,
      0.03150760891378849,
      4.195513737160855e-06
    ],
    [
      0.7877802594757712,
      0.15331442948405868,
      0.015860651625347014,
      0.01222791650097926,
      0.030812283290161693,
      4.459623682088294e-06
    ],
    [
      0.06859257587681634,
      0.1564399162875324,
      0.013701472427335812,
      0.011498189739132653,
      0.7497536827206835,
      1.4162948499270373e-05
    ],
    [
      0.06884364213189037,
      0.15617225576489416,
      0.013620567068005454,
      0.010774198241493161,
      0.7505752574755313,
      1.4079318185551336e-05
    ],
    [
      0.7815521335997633,
      0.15279160338140974,
      0.021830865921673846,
      0.01225532757916466,
      0.03156599317293731,
      4.076345051194818e-06
    ],
    [
      0.8046368021071993,
      0.13456439506355605,
      0.022162044016834692,
      0.010060102943836184,
      0.02857246605025129,
      4.189818322494507e-06
    ],
    [
      0.8151807057399949,
      0.12830414004867857,
      0.020049416694512167,
      0.00930896374549282,
      0.02715281938125659,
      3.954390064990401e-06
    ],
    [
      0.055435638884512375,
      0.13390972112809205,
      0.018969591933196788,
      0.0076768552071844985,
      0.7839963762407436,
      1.1816606270679064e-05
    ],
    [
      0.05685573775676402,
      0.13831259191321812,
      0.017821281171429025,
      0.00770489729439112,
      0.7792936320941191,
      1.1859770078590745e-05
    ],
    [
      0.8154125187916501,
      0.12786277318860734,
      0.020412542589307515,
      0.009277890684441025,
      0.027030195147589677,
      4.079598404333078e-06
    ],
    [
      0.7817615295197115,
      0.1494731477510021,
      0.02491348624635992,
      0.012440700075438295,
      0.031406819892400795,
      4.316515087443244e-06
    ],
    [
      0.06899321206026542,
      0.15448825578680844,
      0.023907958769551242,
      0.010306489845026669,
      0.7422906154039542,
      1.3468134394023742e-05
    ],
    [
      0.78240831712974,
      0.15330867673791285,
      0.020722656190166507,
      0.012388327227536378,
      0.031167646322130784,
      4.376392513392856e-06
    ],
    [
      0.7804033340525938,
      0.15218540416855764,
      0.023302745356349477,
      0.01220799690176517,
      0.03189620683305112,
      4.312687682777096e-06
    ],
    [
      0.06614408803711397,
      0.15418504693527493,
      0.02261383704014649,
      0.010384700982130582,
      0.7466587566675592,
      1.3570337774754107e-05
    ],
    [
      0.815346197825588,
      0.12817318387720714,
      0.01989440040512116,
      0.009237967380435438,
      0.027344188467993472,
      4.0620436547831595e-06
    ],
    [
      0.9999735980243126,
      5.280395137473069e-06,
      5.280395137473069e-06,
      5.280395137473069e-06,
      5.280395137473069e-06,
      5.280395137473069e-06
    ]
  ],
  [
    [
      0.9999716263385804,
      5.674732283935656e-06,
      5.674732283935656e-06,
      5.674732283935656e-06,
      5.674732283935656e-06,
      5.674732283935656e-06
    ],
    [
      0.8146750589217747,
      0.12863676849100827,
      0.02010146009442054,
      0.009332204550482552,
      0.027250673761434967,
      3.834180879016641e-06
    ],
    [
      0.0635439689843835,
      0.15078897786151674,
      0.00806188630022827,
      0.008827312583789269,
      0.7687642668212616,
      1.3587448820609445e-05
    ],
    [
      0.8051438074666915,
      0.14699899486361473,
      0.00860397304931766,
      0.01124289286386713,
      0.02800613844659953,
      4.19330990950418e-06
    ],
    [
      0.06740617523923445,
      0.16162810257177035,
      0.008317135167464115,
      0.009106795753588519,
      0.7535277736244019,
      1.401764354066986e-05
    ],
    [
      0.0665970693903655,
      0.15407802418975605,
      0.008370483230818427,
      0.009165208885879279,
      0.7617751067471737,
      1.4107556006997353e-05
    ],
    [
      0.07347114234449761,
      0.1570022802033493,
      0.008317135167464115,
      0.009106795753588519,
      0.7520886288875598,
      1.401764354066986e-05
    ],
    [
      0.7812344473424151,
      0.167040576299524,
      0.009354199329622047,
      0.011460356840935455,
      0.030905861240547214,
      4.55894695619627e-06
    ],
    [
      0.0678373899327117,
      0.17390631551624308,
      0.008885250484196234,
      0.010827027134955975,
      0.7385290417906275,
      1.4975141265499274e-05
    ],
    [
      0.7793278251285853,
      0.16749893501390495,
      0.009545718104577527,
      0.011072211097224897,
      0.03255065836843355,
      4.652287273776717e-06
    ],
    [
      0.0678373899327117,
      0.16742707106203705,
      0.008885250484196234,
      0.010827027134955975,
      0.7450082862448335,
      1.4975141265499274e-05
    ],
    [
      0.7808174871707558,
      0.16748514310718698,
      0.009349206809679433,
      0.011454240223354228,
      0.03088936617526691,
      4.556513756646625e-06
    ],
    [
      0.7939670120000092,
      0.15437767083616785,
      0.008800922924926837,
      0.013834330089200295,
      0.02901548311928469,
      4.581030411170385e-06
    ],
    [
      0.8062905982643234,
      0.14620078637281694,
      0.008557722162617472,
      0.011184831427859978,
      0.027761450516614355,
      4.6112557679124234e-06
    ],
    [
      0.8061526230465335,
      0.14640070181054077,
      0.008540720126373316,
      0.011161766144161606,
      0.027739743281971947,
      4.44559041886353e-06
    ],
    [
      0.06399029427325635,
      0.15184810172769234,
      0.00811851203181727,
      0.00888931457865835,
      0.7671400945031288,
      1.3682885446883043e-05
    ],
    [
      0.7968577255728374,
      0.15352474257846815,
      0.008809472810813854,
      0.011727707687811617,
      0.029075916679638075,
      4.4346704308149285e-06
    ],
    [
      0.7958360688351735,
      0.15441272367563028,
      0.008782342473777866,
      0.011978071775147274,
      0.028986372227195866,
      4.4210130751461706e-06
    ],
    [
      0.0655402711323764,
      0.16636263955342903,
      0.008871610845295056,
      0.00971391547049442,
      0.749496610845295,
      1.495215311004785e-05
    ],
    [
      0.7792934615267858,
      0.16741812392515593,
      0.00957210544398138,
      0.011103690500799644,
      0.03260780002515298,
      4.818578124329918e-06
    ],
    [
      0.3995607415147645,
      0.41680857102313046,
      0.0028800134164118836,
      0.023340041539275255,
      0.15734613052620716,
      6.450198021079248e-05
    ],
    [
      0.7788284994248337,
      0.16521888201597212,
      0.009546351607525443,
      0.011074745109016569,
      0.03532655280390434,
      4.969038747735982e-06
    ],
    [
      0.06564103588043849,
      0.16508096559710883,
      0.008885250484196236,
      0.009728850108819362,
      0.7506489227881716,
      1.4975141265499276e-05
    ],
    [
      0.0655402711323764,
      0.17129685007974482,
      0.008871610845295056,
      0.00971391547049442,
      0.7445624003189792,
      1.495215311004785e-05
    ],
    [
      0.7813124479988851,
      0.1654894264054092,
      0.009561983669887177,
      0.01109287990158465,
      0.0325382848487312,
      4.977175502673989e-06
    ],
    [
      0.3517766115531479,
      0.4330988344023726,
      0.0027995661142774736,
      0.022688085071697735,
      0.18957420260958435,
      6.270024891998822e-05
    ],
    [
      0.06936467787531617,
      0.1650399246143927,
      0.00882805138124287,
      0.011411992263056094,
      0.7453404751277092,
      1.4878738282993605e-05
    ],
    [
      0.06521846947378862,
      0.1704557853494024,
      0.00882805138124287,
      0.009666220304518178,
      0.7458165947527648,
      1.4878738282993605e-05
    ],
    [
      0.7946229881488381,
      0.15398858187245085,
      0.008786747647173049,
      0.01148248555483457,
      0.031114773546073043,
      4.423230630341329e-06
    ],
    [
      0.06740617523923445,
      0.1570022802033493,
      0.008317135167464115,
      0.009106795753588519,
      0.758153595992823,
      1.401764354066986e-05
    ],
    [
      0.8053350371253412,
      0.1468547317162949,
      0.00859552920769343,
      0.011231859216249161,
      0.02797865353977871,
      4.189194642690324e-06
    ],
    [
      0.8051686567105997,
      0.1470012036852954,
      0.00860424915202775,
      0.011243997274707491,
      0.02797756181610513,
      4.3313612645495844e-06
    ],
    [
      0.7939670120000092,
      0.1559924840561054,
      0.008800922924926837,
      0.012219516869262734,
      0.02901548311928469,
      4.581030411170385e-06
    ],
    [
      0.7841109876332366,
      0.16436245081906842,
      0.00932990904815826,
      0.011432315463755647,
      0.030759480659075075,
      4.856376705903493e-06
    ],
    [
      0.7790486175352039,
      0.16821790523178126,
      0.009478466440538595,
      0.010995991366019116,
      0.0322540857230959,
      4.933703361085415e-06
    ],
    [
      0.7819772816398474,
      0.16485361406976348,
      0.009556767297234781,
      0.011086828375316396,
      0.03252053415754613,
      4.97446029178526e-06
    ],
    [
      0.7791931259223764,
      0.16759520439939882,
      0.009473688330202663,
      0.010991435309299972,
      0.03274144122237891,
      5.10481634317162e-06
    ],
    [
      0.7814282861671052,
      0.16696876631661398,
      0.009350170301575114,
      0.011458094190936945,
      0.030789644764064185,
      5.0382597044859174e-06
    ],
    [
      0.8050332801265969,
      0.1346286172203229,
      0.021712832611414115,
      0.010065909332538729,
      0.028555021238094485,
      4.339471032945989e-06
    ],
    [
      0.9999735980243126,
      5.280395137473069e-06,
      5.280395137473069e-06,
      5.280395137473069e-06,
      5.280395137473069e-06,
      5.280395137473069e-06
    ]
  ],
  [
    [
      0.9999722221862419,
      5.55556275161404e-06,
      5.55556275161404e-06,
      5.55556275161404e-06,
      5.55556275161404e-06,
      5.55556275161404e-06
    ],
    [
      0.8146750589217747,
      0.12863676849100827,
      0.02010146009442054,
      0.009332204550482552,
      0.027250673761434967,
      3.834180879016641e-06
    ],
    [
      0.06399029427325635,
      0.15184810172769234,
      0.00811851203181727,
      0.00888931457865835,
      0.7671400945031288,
      1.3682885446883043e-05
    ],
    [
      0.7815659875399382,
      0.16474919395672455,
      0.009430457366841038,
      0.011323059999954038,
      0.03292670502378105,
      4.596112761030479e-06
    ],
    [
      0.7785725909650736,
      0.16779697306650818,
      0.009300983950570836,
      0.011622716854356004,
      0.032702202152062286,
      4.533011429081716e-06
    ],
    [
      0.07217521626954014,
      0.17041186067688574,
      0.008442100470481105,
      0.009243625739869482,
      0.7397129685840037,
      1.4228259219911978e-05
    ],
    [
      0.7815271252707946,
      0.16576560495798795,
      0.009689030217087481,
      0.011712542977314399,
      0.031300974443657946,
      4.722133157544056e-06
    ],
    [
      0.784349190809655,
      0.16248074262371387,
      0.009862820986314146,
      0.011922629209684489,
      0.031379809537238144,
      4.806833394353414e-06
    ],
    [
      0.7816682681860745,
      0.16480149743290912,
      0.009744007055514599,
      0.01177987422309141,
      0.032001447989369644,
      4.905113040782583e-06
    ],
    [
      0.3764962367841363,
      0.3837870573140368,
      0.0031047726730168224,
      0.08585792177574753,
      0.15068437377146782,
      6.963768159471627e-05
    ],
    [
      0.06749404615258274,
      0.16423893405600726,
      0.009136076209246943,
      0.010003490186417018,
      0.7491120555144946,
      1.539788125153979e-05
    ],
    [
      0.07217521626954013,
      0.1765679541660343,
      0.008442100470481105,
      0.00924362573986948,
      0.733556875094855,
      1.4228259219911976e-05
    ],
    [
      0.787096056172727,
      0.16106265921114463,
      0.008932686708440975,
      0.011891737545838197,
      0.03101236366579656,
      4.496696052575371e-06
    ],
    [
      0.0722651014465961,
      0.15488746129315525,
      0.008226648796043814,
      0.009007718260387302,
      0.7555992050653972,
      1.3865138420298566e-05
    ],
    [
      0.7942966197802942,
      0.15513280368812793,
      0.008868710463185658,
      0.011807379641127672,
      0.029889870112284174,
      4.616314980403744e-06
    ],
    [
      0.7939613431636153,
      0.15538565515561917,
      0.008883165603568988,
      0.011826624528079418,
      0.029938587709989733,
      4.623839127389081e-06
    ],
    [
      0.062089740131283155,
      0.15008092797410305,
      0.00800287743907922,
      0.008762701195935618,
      0.7710502652639151,
      1.3487995683841384e-05
    ],
    [
      0.7879333674160948,
      0.1580497749673897,
      0.009052350022106675,
      0.011608949787610992,
      0.03335084590429655,
      4.711902501313443e-06
    ],
    [
      0.7793872146965294,
      0.1670996682963005,
      0.00929173400829461,
      0.011612853820638178,
      0.032603692672290456,
      4.836505946887105e-06
    ],
    [
      0.07423981865082466,
      0.16923805987649498,
      0.00869616196357383,
      0.009521808801688424,
      0.7382894942546705,
      1.4656452747596343e-05
    ],
    [
      0.7870278242181636,
      0.16004001111268015,
      0.009506737361161935,
      0.012657749088044767,
      0.030762555595417167,
      5.122624532283037e-06
    ],
    [
      0.7855530612696179,
      0.16153963962709653,
      0.009440521927284968,
      0.01310755905137783,
      0.030354304172027658,
      4.913952595099316e-06
    ],
    [
      0.07177384056178279,
      0.1678069157135517,
      0.008468609054750985,
      0.009272651150398692,
      0.7426637105829067,
      1.4272936609130876e-05
    ],
    [
      0.7818389062899609,
      0.16539545256067845,
      0.009699760464529575,
      0.0117255141913066,
      0.031335639130776666,
      4.7273627477197174e-06
    ],
    [
      0.7822810127541675,
      0.1646622398322463,
      0.009707315224576933,
      0.011736444749485245,
      0.031607934616469685,
      5.052823054347324e-06
    ],
    [
      0.7802732070268624,
      0.16629209522046837,
      0.009726616704221739,
      0.011758850413301644,
      0.031944334276372034,
      4.896358773834252e-06
    ],
    [
      0.06844955110946523,
      0.17125399097214578,
      0.008907749742275779,
      0.0097534855324132,
      0.7416202095823365,
      1.5013061363386147e-05
    ],
    [
      0.7819148551715208,
      0.16547141611814298,
      0.009671834825078924,
      0.01169175640080473,
      0.031245423731796274,
      4.713752656199622e-06
    ],
    [
      0.789839791029858,
      0.1582084740660488,
      0.009061113756685803,
      0.011618554417099754,
      0.0312676506241798,
      4.416106127862466e-06
    ],
    [
      0.061918255348912286,
      0.1510473645510142,
      0.00798077440413207,
      0.008738499614412025,
      0.7703016553381516,
      1.345074337775068e-05
    ],
    [
      0.7933675759664751,
      0.15566319671621137,
      0.008927847530842085,
      0.011884530754625389,
      0.03015249787554794,
      4.351156298030421e-06
    ],
    [
      0.0666660467192382,
      0.15582223627436395,
      0.008276298169915193,
      0.009062081535485792,
      0.7601593884838566,
      1.3948817140306506e-05
    ],
    [
      0.7854570104615634,
      0.16270170492230834,
      0.008932686708440975,
      0.011891737545838197,
      0.03101236366579656,
      4.496696052575371e-06
    ],
    [
      0.7799735228912613,
      0.16663219126466322,
      0.009350540209269747,
      0.011686350093245822,
      0.03235252842598294,
      4.867115576960049e-06
    ],
    [
      0.06652006049992039,
      0.16775294539086133,
      0.008856073873587009,
      0.009696903359337686,
      0.7471590909090908,
      1.4925967202674736e-05
    ],
    [
      0.4201988033198224,
      0.3698867657466383,
      0.002872675802612108,
      0.05640159557357009,
      0.15057582191340152,
      6.433764395547835e-05
    ],
    [
      0.7866279017315794,
      0.15996293680204673,
      0.009501955317194426,
      0.013194742587493079,
      0.03070715668912712,
      5.306872559170303e-06
    ],
    [
      0.7796653224941438,
      0.16866932152512568,
      0.009368395882614865,
      0.011252278003550626,
      0.031039449815379032,
      5.232279186045723e-06
    ],
    [
      0.804687799975155,
      0.1358018724096263,
      0.020948853177336843,
      0.009912477837129724,
      0.028644479327829788,
      4.517272922336786e-06
    ],
    [
      0.9999646592575646,
      7.068148487085849e-06,
      7.068148487085849e-06,
      7.068148487085849e-06,
      7.068148487085849e-06,
      7.068148487085849e-06
    ]
  ],
  [
    [
      0.9999734013926933,
      5.3197214613451455e-06,
      5.3197214613451455e-06,
      5.3197214613451455e-06,
      5.3197214613451455e-06,
      5.3197214613451455e-06
    ],
    [
      0.05664881046163543,
      0.132696549550969,
      0.018969591933196788,
      0.0076768552071844985,
      0.7839963762407436,
      1.1816606270679064e-05
    ],
    [
      0.7956844705499894,
      0.1548022866178218,
      0.008796503681680577,
      0.011711246963729587,
      0.029000913456658887,
      4.578730119726162e-06
    ],
    [
      0.7767144945442748,
      0.16976956508934246,
      0.00928648996858067,
      0.011605424450792823,
      0.032619351147125775,
      4.674799883503988e-06
    ],
    [
      0.07333410884274608,
      0.17024855076678494,
      0.008627542216793656,
      0.010086469299521124,
      0.7376887880726652,
      1.4540801488978074e-05
    ],
    [
      0.7793450411753863,
      0.16453141011763292,
      0.009705902712023637,
      0.012128712363905678,
      0.03428420327476259,
      4.730356288858892e-06
    ],
    [
      0.07652196454565396,
      0.17103531476200923,
      0.008873556800733814,
      0.010374085226026442,
      0.7331801232327664,
      1.4955432810225532e-05
    ],
    [
      0.08289601162602939,
      0.16345571613111576,
      0.008981915065396414,
      0.010500766994994349,
      0.734150452123365,
      1.5138059098982725e-05
    ],
    [
      0.07012839097121557,
      0.17139676951749844,
      0.009215158417891903,
      0.010090080762062541,
      0.7391540691654587,
      1.5531165872851527e-05
    ],
    [
      0.7821935187809586,
      0.15964952008466066,
      0.0099302309422297,
      0.01200500685593342,
      0.036216724478456676,
      4.998857761001612e-06
    ],
    [
      0.07652196454565396,
      0.17103531476200923,
      0.008873556800733814,
      0.010374085226026442,
      0.7331801232327664,
      1.4955432810225532e-05
    ],
    [
      0.07139992360580596,
      0.1751289152024446,
      0.008498854087089381,
      0.009305767761650116,
      0.7356522154316272,
      1.4323911382734916e-05
    ],
    [
      0.789463337513399,
      0.16117165078563622,
      0.009134983930429729,
      0.010820116002569661,
      0.029405313235908833,
      4.5985320565968934e-06
    ],
    [
      0.7931319118110379,
      0.1586875244462667,
      0.009051011778751818,
      0.010501043203279466,
      0.02862363169998404,
      4.877060680063845e-06
    ],
    [
      0.7973817953867784,
      0.1544127358383154,
      0.009055690340445162,
      0.010506471301228289,
      0.028638427551549533,
      4.879581683221462e-06
    ],
    [
      0.7970445854600949,
      0.15466971919985703,
      0.009070761388387765,
      0.010523956829855652,
      0.028686089419215487,
      4.887702589162694e-06
    ],
    [
      0.7970445854600949,
      0.15466971919985703,
      0.009070761388387765,
      0.010523956829855652,
      0.028686089419215487,
      4.887702589162694e-06
    ],
    [
      0.7961146100711753,
      0.15562468256551712,
      0.009066067245060316,
      0.01051851065399279,
      0.028671244291064484,
      4.885173189974128e-06
    ],
    [
      0.7845005310387467,
      0.1621601297221687,
      0.009387389182861283,
      0.0115037037823886,
      0.032443187959052606,
      5.0583147819638715e-06
    ],
    [
      0.7852810046812536,
      0.16119061504118545,
      0.00930053153769735,
      0.011397264750008228,
      0.03282557247757641,
      5.011512278956812e-06
    ],
    [
      0.7828610356730336,
      0.16330957696036077,
      0.00931324538373331,
      0.011412844834724396,
      0.03309827878512122,
      5.0183630267085655e-06
    ],
    [
      0.7851669527810198,
      0.16127623436852076,
      0.00930547168420597,
      0.011403318614503435,
      0.03284300837751518,
      5.014174234866263e-06
    ],
    [
      0.7845005310387467,
      0.1621601297221687,
      0.009387389182861283,
      0.0115037037823886,
      0.032443187959052606,
      5.0583147819638715e-06
    ],
    [
      0.7841024642024362,
      0.1609435627361069,
      0.009678965987171403,
      0.011860029069645396,
      0.03340993993784706,
      5.0380667930101875e-06
    ],
    [
      0.07652196454565396,
      0.16456459749945165,
      0.008873556800733814,
      0.010374085226026442,
      0.7396508404953239,
      1.4955432810225532e-05
    ],
    [
      0.7784259308492306,
      0.16585136739866363,
      0.00978014490270565,
      0.012222350228145941,
      0.03371528331649563,
      4.923304758472516e-06
    ],
    [
      0.7811686601312906,
      0.16453664339823998,
      0.009653870003946106,
      0.011828359877223573,
      0.03280760685106457,
      4.859738235059707e-06
    ],
    [
      0.07588409854975306,
      0.16366298271731525,
      0.008774437795151385,
      0.010691997515552448,
      0.7409716950439215,
      1.4788378306434923e-05
    ],
    [
      0.7896012331411435,
      0.16109015126732026,
      0.0091305356892497,
      0.010815728252698883,
      0.02935759905011379,
      4.752599473887239e-06
    ],
    [
      0.7980900160511979,
      0.15387300995051084,
      0.009024037572413142,
      0.010469747552245005,
      0.028538326347774663,
      4.862525858507307e-06
    ],
    [
      0.7967762105150575,
      0.1548248975840204,
      0.009079519957804113,
      0.010532288857168844,
      0.02878251247434173,
      4.5706116072510015e-06
    ],
    [
      0.06362303943962236,
      0.15654503578498552,
      0.008470382214100809,
      0.009274592660271055,
      0.7620726739759403,
      1.4275925079945184e-05
    ],
    [
      0.7911395024480286,
      0.15949548585100665,
      0.009134983930429729,
      0.010820116002569661,
      0.029405313235908833,
      4.5985320565968934e-06
    ],
    [
      0.07150507813247137,
      0.17685959107166765,
      0.008511370808867129,
      0.009319472868810132,
      0.7337901421112025,
      1.4345006981236734e-05
    ],
    [
      0.7821013080181052,
      0.16325994521868878,
      0.009582157419376292,
      0.01174140561030454,
      0.0333101960572419,
      4.987676283183634e-06
    ],
    [
      0.7793914187961929,
      0.16454815759181304,
      0.009706546845645949,
      0.012131288898394928,
      0.034217535444853224,
      5.052423100015242e-06
    ],
    [
      0.7868500920308596,
      0.16073070311508797,
      0.00945615596177726,
      0.012590402464528163,
      0.030367551058571446,
      5.095369175632112e-06
    ],
    [
      0.7831438135964828,
      0.16525323888723653,
      0.009350170301575114,
      0.011458094190936945,
      0.030789644764064185,
      5.0382597044859174e-06
    ],
    [
      0.802846095667965,
      0.135426033553847,
      0.0231694378047679,
      0.010057930335300296,
      0.028496008779202782,
      4.493858917096842e-06
    ],
    [
      0.9999730603109858,
      5.387937802847179e-06,
      5.387937802847179e-06,
      5.387937802847179e-06,
      5.387937802847179e-06,
      5.387937802847179e-06
    ]
  ],
  [
    [
      0.9999734013926933,
      5.3197214613451455e-06,
      5.3197214613451455e-06,
      5.3197214613451455e-06,
      5.3197214613451455e-06,
      5.3197214613451455e-06
    ],
    [
      0.8054803782557087,
      0.13477852702522305,
      0.021204400235237245,
      0.010042826166174183,
      0.02848953879790885,
      4.329519748021952e-06
    ],
    [
      0.7966909899363913,
      0.1540708512544336,
      0.008791781094046556,
      0.011490743403321754,
      0.0289508969353754,
      4.737376431457507e-06
    ],
    [
      0.7782578646503829,
      0.16834784950554163,
      0.009350540209269747,
      0.011686350093245822,
      0.03235252842598294,
      4.867115576960049e-06
    ],
    [
      0.07230680323622016,
      0.17444003826073093,
      0.008867721493762703,
      0.009709656849069388,
      0.7346608345621936,
      1.494559802319557e-05
    ],
    [
      0.35549327736827735,
      0.4360141391391391,
      0.0012697356447356446,
      0.027182011557011554,
      0.18001239876239875,
      2.8437528437528435e-05
    ],
    [
      0.7662902559342091,
      0.1770757424912673,
      0.007551402949171626,
      0.013809392934106835,
      0.03526940433058609,
      3.8013606590342954e-06
    ],
    [
      0.7715581354897177,
      0.17182439011969905,
      0.008517906423003761,
      0.01349227797918811,
      0.03460313862468919,
      4.151363702219362e-06
    ],
    [
      0.3569990328873172,
      0.4534685462430216,
      0.0012975730687988956,
      0.025114152491382134,
      0.16309159173581247,
      2.9103573667793213e-05
    ],
    [
      0.00010010110177923788,
      0.00010010110177923788,
      0.00010010110177923788,
      0.00010010110177923788,
      0.00010010110177923788,
      0.9994994944911039
    ],
    [
      9.000981079943768e-05,
      9.000981079943768e-05,
      9.000981079943768e-05,
      9.000981079943768e-05,
      9.000981079943768e-05,
      0.9995499509460029
    ],
    [
      6.108772796195583e-05,
      6.108772796195583e-05,
      6.108772796195583e-05,
      6.108772796195583e-05,
      6.108772796195583e-05,
      0.9996945613601902
    ],
    [
      4.589282183354439e-05,
      4.589282183354439e-05,
      4.589282183354439e-05,
      4.589282183354439e-05,
      4.589282183354439e-05,
      0.9997705358908322
    ],
    [
      4.325278217287795e-05,
      4.325278217287795e-05,
      4.325278217287795e-05,
      4.325278217287795e-05,
      4.325278217287795e-05,
      0.9997837360891355
    ],
    [
      4.460323188389426e-05,
      4.460323188389426e-05,
      4.460323188389426e-05,
      4.460323188389426e-05,
      4.460323188389426e-05,
      0.9997769838405804
    ],
    [
      0.8362745033142126,
      0.12450767445053088,
      0.005153139328166475,
      0.010643441612096538,
      0.023418363250130015,
      2.8780448635389425e-06
    ],
    [
      0.8353290655765401,
      0.1254531121882034,
      0.005153139328166475,
      0.010643441612096538,
      0.023418363250130015,
      2.8780448635389425e-06
    ],
    [
      0.8371367747339876,
      0.12385194634834412,
      0.005125999970798548,
      0.010587387205813266,
      0.023295028853611118,
      2.8628874452938004e-06
    ],
    [
      0.8366109138116484,
      0.12425184570336341,
      0.005142551055723655,
      0.010621572290826269,
      0.023370245007158785,
      2.8721312793765185e-06
    ],
    [
      0.8175323437742517,
      0.13742613756579816,
      0.005410998239032293,
      0.011705104434938711,
      0.027922500315621317,
      2.9156703578081514e-06
    ],
    [
      0.8156399099800361,
      0.13839463644694255,
      0.005239682906719151,
      0.011761782322255696,
      0.02896116498549782,
      2.8233585487485327e-06
    ],
    [
      0.8177961530868261,
      0.13636315617109834,
      0.005395998441920593,
      0.012288677726936988,
      0.028153106985373186,
      2.9075878447708634e-06
    ],
    [
      0.8156399099800361,
      0.13839463644694255,
      0.005239682906719151,
      0.011761782322255696,
      0.02896116498549782,
      2.8233585487485327e-06
    ],
    [
      0.7847523046203252,
      0.16151661820659208,
      0.0060269657963024645,
      0.011316965487817184,
