[
  [
    [
      0.9999735980243126,
      5.280395137473069e-06,
      5.280395137473069e-06,
      5.280395137473069e-06,
      5.280395137473069e-06,
      5.280395137473069e-06
    ],
    [
      0.9999735980243126,
      5.280395137473069e-06,
      5.280395137473069e-06,
      5.280395137473069e-06,
      5.280395137473069e-06,
      5.280395137473069e-06
    ],
    [
      0.9999729378311886,
      5.412433762284684e-06,
      5.412433762284684e-06,
      5.412433762284684e-06,
      5.412433762284684e-06,
      5.412433762284684e-06
    ],
    [
      0.9999716263385804,
      5.674732283935656e-06,
      5.674732283935656e-06,
      5.674732283935656e-06,
      5.674732283935656e-06,
      5.674732283935656e-06
    ],
    [
      0.9999734013926933,
      5.3197214613451455e-06,
      5.3197214613451455e-06,
      5.3197214613451455e-06,
      5.3197214613451455e-06,
      5.3197214613451455e-06
    ],
    [
      0.9999734013926933,
      5.3197214613451455e-06,
      5.3197214613451455e-06,
      5.3197214613451455e-06,
      5.3197214613451455e-06,
      5.3197214613451455e-06
    ],
    [
      0.9999716713506805,
      5.66572986388787e-06,
      5.66572986388787e-06,
      5.66572986388787e-06,
      5.66572986388787e-06,
      5.66572986388787e-06
    ],
    [
      0.9999716713506805,
      5.66572986388787e-06,
      5.66572986388787e-06,
      5.66572986388787e-06,
      5.66572986388787e-06,
      5.66572986388787e-06
    ],
    [
      0.9999720263705824,
      5.594725883526293e-06,
      5.594725883526293e-06,
      5.594725883526293e-06,
      5.594725883526293e-06,
      5.594725883526293e-06
    ],
    [
      0.999971558551586,
      5.688289682799066e-06,
      5.688289682799066e-06,
      5.688289682799066e-06,
      5.688289682799066e-06,
      5.688289682799066e-06
    ],
    [
      0.9999716263385804,
      5.674732283935656e-06,
      5.674732283935656e-06,
      5.674732283935656e-06,
      5.674732283935656e-06,
      5.674732283935656e-06
    ],
    [
      0.9999716263385804,
      5.674732283935656e-06,
      5.674732283935656e-06,
      5.674732283935656e-06,
      5.674732283935656e-06,
      5.674732283935656e-06
    ],
    [
      0.9999714904399187,
      5.701912016262687e-06,
      5.701912016262687e-06,
      5.701912016262687e-06,
      5.701912016262687e-06,
      5.701912016262687e-06
    ],
    [
      0.9999716986098459,
      5.660278030820758e-06,
      5.660278030820758e-06,
      5.660278030820758e-06,
      5.660278030820758e-06,
      5.660278030820758e-06
    ],
    [
      0.9999718103029122,
      5.6379394175836455e-06,
      5.6379394175836455e-06,
      5.6379394175836455e-06,
      5.6379394175836455e-06,
      5.6379394175836455e-06
    ],
    [
      0.9999716713506805,
      5.66572986388787e-06,
      5.66572986388787e-06,
      5.66572986388787e-06,
      5.66572986388787e-06,
      5.66572986388787e-06
    ],
    [
      0.9999722221862419,
      5.55556275161404e-06,
      5.55556275161404e-06,
      5.55556275161404e-06,
      5.55556275161404e-06,
      5.55556275161404e-06
    ],
    [
      0.9999722221862419,
      5.55556275161404e-06,
      5.55556275161404e-06,
      5.55556275161404e-06,
      5.55556275161404e-06,
      5.55556275161404e-06
    ],
    [
      0.9999716263385804,
      5.674732283935656e-06,
      5.674732283935656e-06,
      5.674732283935656e-06,
      5.674732283935656e-06,
      5.674732283935656e-06
    ],
    [
      0.9999721789089331,
      5.56421821337951e-06,
      5.56421821337951e-06,
      5.56421821337951e-06,
      5.56421821337951e-06,
      5.56421821337951e-06
    ],
    [
      0.9999721789089331,
      5.56421821337951e-06,
      5.56421821337951e-06,
      5.56421821337951e-06,
      5.56421821337951e-06,
      5.56421821337951e-06
    ],
    [
      0.9999716263385804,
      5.674732283935656e-06,
      5.674732283935656e-06,
      5.674732283935656e-06,
      5.674732283935656e-06,
      5.674732283935656e-06
    ],
    [
      0.9999722221862419,
      5.55556275161404e-06,
      5.55556275161404e-06,
      5.55556275161404e-06,
      5.55556275161404e-06,
      5.55556275161404e-06
    ],
    [
      0.9999734013926933,
      5.3197214613451455e-06,
      5.3197214613451455e-06,
      5.3197214613451455e-06,
      5.3197214613451455e-06,
      5.3197214613451455e-06
    ],
    [
      0.9999734013926933,
      5.3197214613451455e-06,
      5.3197214613451455e-06,
      5.3197214613451455e-06,
      5.3197214613451455e-06,
      5.3197214613451455e-06
    ],
    [
      0.9999716986098459,
      5.660278030820758e-06,
      5.660278030820758e-06,
      5.660278030820758e-06,
      5.660278030820758e-06,
      5.660278030820758e-06
    ],
    [
      0.9999734649143623,
      5.30701712753606e-06,
      5.30701712753606e-06,
      5.30701712753606e-06,
      5.30701712753606e-06,
      5.30701712753606e-06
    ],
    [
      0.999964806023752,
      7.038795249589217e-06,
      7.038795249589217e-06,
      7.038795249589217e-06,
      7.038795249589217e-06,
      7.038795249589217e-06
    ],
    [
      0.9999720263705824,
      5.594725883526293e-06,
      5.594725883526293e-06,
      5.594725883526293e-06,
      5.594725883526293e-06,
      5.594725883526293e-06
    ],
    [
      0.9999734013926933,
      5.3197214613451455e-06,
      5.3197214613451455e-06,
      5.3197214613451455e-06,
      5.3197214613451455e-06,
      5.3197214613451455e-06
    ],
    [
      0.999973201810226,
      5.359637954819758e-06,
      5.359637954819758e-06,
      5.359637954819758e-06,
      5.359637954819758e-06,
      5.359637954819758e-06
    ],
    [
      0.9999734013926933,
      5.3197214613451455e-06,
      5.3197214613451455e-06,
      5.3197214613451455e-06,
      5.3197214613451455e-06,
      5.3197214613451455e-06
    ],
    [
      0.9999734013926933,
      5.3197214613451455e-06,
      5.3197214613451455e-06,
      5.3197214613451455e-06,
      5.3197214613451455e-06,
      5.3197214613451455e-06
    ],
    [
      0.9999720263705824,
      5.594725883526293e-06,
      5.594725883526293e-06,
      5.594725883526293e-06,
      5.594725883526293e-06,
      5.594725883526293e-06
    ],
    [
      0.9999734013926933,
      5.3197214613451455e-06,
      5.3197214613451455e-06,
      5.3197214613451455e-06,
      5.3197214613451455e-06,
      5.3197214613451455e-06
    ],
    [
      0.999973201810226,
      5.359637954819758e-06,
      5.359637954819758e-06,
      5.359637954819758e-06,
      5.359637954819758e-06,
      5.359637954819758e-06
    ],
    [
      0.9999729378311886,
      5.412433762284684e-06,
      5.412433762284684e-06,
      5.412433762284684e-06,
      5.412433762284684e-06,
      5.412433762284684e-06
    ],
    [
      0.9999735980243126,
      5.280395137473069e-06,
      5.280395137473069e-06,
      5.280395137473069e-06,
      5.280395137473069e-06,
      5.280395137473069e-06
    ],
    [
      0.9999735980243126,
      5.280395137473069e-06,
      5.280395137473069e-06,
      5.280395137473069e-06,
      5.280395137473069e-06,
      5.280395137473069e-06
    ],
    [
      0.9999735980243126,
      5.280395137473069e-06,
      5.280395137473069e-06,
      5.280395137473069e-06,
      5.280395137473069e-06,
      5.280395137473069e-06
    ]
  ],
  [
    [
      0.999973201810226,
      5.359637954819758e-06,
      5.359637954819758e-06,
      5.359637954819758e-06,
      5.359637954819758e-06,
      5.359637954819758e-06
    ],
    [
      0.815346197825588,
      0.12817318387720714,
      0.01989440040512116,
      0.009237967380435438,
      0.027344188467993472,
      4.0620436547831595e-06
    ],
    [
      0.8155842633224517,
      0.12757818514427155,
      0.02072825358936111,
      0.009226057301853056,
      0.02687918383541049,
      4.056806652189278e-06
    ],
    [
      0.815346197825588,
      0.12774287805271045,
      0.020324706229617854,
      0.009668273204932134,
      0.026913882643496773,
      4.0620436547831595e-06
    ],
    [
      0.8145944453075105,
      0.1286927235868254,
      0.020110203932895664,
      0.009336263921733345,
      0.02726252740234409,
      3.835848691112531e-06
    ],
    [
      0.05597893531040189,
      0.13522210201419166,
      0.01793044197664429,
      0.007752092150062051,
      0.7831044961338977,
      1.1932414802558313e-05
    ],
    [
      0.8149231086833284,
      0.12844732953000124,
      0.020368252553486413,
      0.009256777347782064,
      0.027000599663795057,
      3.93222160690236e-06
    ],
    [
      0.999971558551586,
      5.688289682799066e-06,
      5.688289682799066e-06,
      5.688289682799066e-06,
      5.688289682799066e-06,
      5.688289682799066e-06
    ],
    [
      0.05597893531040189,
      0.13522210201419166,
      0.01793044197664429,
      0.007752092150062051,
      0.7831044961338977,
      1.1932414802558313e-05
    ],
    [
      0.055435638884512375,
      0.13390972112809205,
      0.018969591933196788,
      0.0076768552071844985,
      0.7839963762407436,
      1.1816606270679064e-05
    ],
    [
      0.8053520653796598,
      0.134685960009263,
      0.021262340710891458,
      0.010068251841956167,
      0.02862732644934281,
      4.055608886812417e-06
    ],
    [
      0.056254596616889974,
      0.13465689252710006,
      0.018018738208678418,
      0.00779026636395613,
      0.7832675151088798,
      1.1991174495571263e-05
    ],
    [
      0.056323936672589614,
      0.13482287214458374,
      0.018040948310361946,
      0.0077998687348925086,
      0.7830003681826186,
      1.2005954953657018e-05
    ],
    [
      0.055964243961794495,
      0.13912327721268325,
      0.017925736235595395,
      0.00775005765820218,
      0.7792247556485157,
      1.1929283209136244e-05
    ],
    [
      0.8149336999820811,
      0.12845724192538072,
      0.020073406326145855,
      0.009319180446625348,
      0.027212642489903377,
      3.828829863647712e-06
    ],
    [
      0.8149164797066537,
      0.1284691947719356,
      0.02007527414100825,
      0.009320047589125266,
      0.027215174605143902,
      3.8291861332916725e-06
    ],
    [
      0.05570596244577436,
      0.13456271175706913,
      0.017843006871220042,
      0.0077142902378012105,
      0.7841621544599601,
      1.1874228175168616e-05
    ],
    [
      0.8142402628100942,
      0.12863676849100827,
      0.020536256206101028,
      0.009332204550482552,
      0.027250673761434967,
      3.834180879016641e-06
    ],
    [
      0.8155007490461751,
      0.12808196150751383,
      0.020014698016294144,
      0.009292843829300372,
      0.027105800058292048,
      3.947542424567399e-06
    ],
    [
      0.8149164797066537,
      0.1284691947719356,
      0.02007527414100825,
      0.009320047589125266,
      0.027215174605143902,
      3.8291861332916725e-06
    ],
    [
      0.8151807057399949,
      0.12830414004867857,
      0.020049416694512167,
      0.00930896374549282,
      0.02715281938125659,
      3.954390064990401e-06
    ],
    [
      0.8158446842492825,
      0.12786277318860734,
      0.01998037713167516,
      0.009277890684441025,
      0.027030195147589677,
      4.079598404333078e-06
    ],
    [
      0.8151807057399949,
      0.12830414004867857,
      0.020049416694512167,
      0.00930896374549282,
      0.02715281938125659,
      3.954390064990401e-06
    ],
    [
      0.055435638884512375,
      0.13390972112809205,
      0.018969591933196788,
      0.0076768552071844985,
      0.7839963762407436,
      1.1816606270679064e-05
    ],
    [
      0.8144822499991384,
      0.12846919477193558,
      0.020509503848523524,
      0.009320047589125264,
      0.0272151746051439,
      3.8291861332916725e-06
    ],
    [
      0.8161001401435113,
      0.12768540497672423,
      0.019952660825543058,
      0.009265020614132768,
      0.026992699500806645,
      4.073939282008942e-06
    ],
    [
      0.8038189745378445,
      0.13636205092431114,
      0.021221485873735617,
      0.010049877921171957,
      0.02854342518311825,
      4.185559818625742e-06
    ],
    [
      0.059684561671806344,
      0.13876681595509588,
      0.026056852843062295,
      0.008188456335235154,
      0.767290709106034,
      1.2604088766395825e-05
    ],
    [
      0.8033234371519447,
      0.1347479313978366,
      0.02127212388931695,
      0.01007288442242047,
      0.03057956566353714,
      4.057474944077852e-06
    ],
    [
      0.05570596244577436,
      0.1357817991830531,
      0.017843006871220042,
      0.0077142902378012105,
      0.7829430670339761,
      1.1874228175168616e-05
    ],
    [
      0.8155842633224517,
      0.12757818514427155,
      0.02072825358936111,
      0.009226057301853056,
      0.02687918383541049,
      4.056806652189278e-06
    ],
    [
      0.8154056249429562,
      0.1272423805402293,
      0.020604287589803094,
      0.009170880563954077,
      0.027572793818270144,
      4.032544787122634e-06
    ],
    [
      0.05664881046163543,
      0.132696549550969,
      0.018969591933196788,
      0.0076768552071844985,
      0.7839963762407436,
      1.1816606270679064e-05
    ],
    [
      0.8146750589217747,
      0.12863676849100827,
      0.02010146009442054,
      0.009332204550482552,
      0.027250673761434967,
      3.834180879016641e-06
    ],
    [
      0.055101401613029524,
      0.13189648422206562,
      0.017649361835408352,
      0.007630569258476237,
      0.7877104377104377,
      1.1745360582569888e-05
    ],
    [
      0.8154056249429562,
      0.1272423805402293,
      0.020604287589803094,
      0.009170880563954077,
      0.027572793818270144,
      4.032544787122634e-06
    ],
    [
      0.814272536677025,
      0.12834123598380937,
      0.02035127481619856,
      0.009251096864277195,
      0.027779639787536954,
      4.2158711528594785e-06
    ],
    [
      0.8155842633224517,
      0.12757818514427155,
      0.02072825358936111,
      0.009226057301853056,
      0.02687918383541049,
      4.056806652189278e-06
    ],
    [
      0.815346197825588,
      0.12817318387720714,
      0.01989440040512116,
      0.009237967380435438,
      0.027344188467993472,
      4.0620436547831595e-06
    ],
    [
      0.999973201810226,
      5.359637954819758e-06,
      5.359637954819758e-06,
      5.359637954819758e-06,
      5.359637954819758e-06,
      5.359637954819758e-06
    ]
  ],
  [
    [
      0.999973201810226,
      5.359637954819758e-06,
      5.359637954819758e-06,
      5.359637954819758e-06,
      5.359637954819758e-06,
      5.359637954819758e-06
    ],
    [
      0.05584211528694769,
      0.1336695340274251,
      0.017886617572371765,
      0.007733144997460641,
      0.7848566848654138,
      1.1903250380904015e-05
    ],
    [
      0.7922590297752764,
      0.15529682817613713,
      0.009851950880924552,
      0.01143029800050078,
      0.031156584527261194,
      5.3086398999144435e-06
    ],
    [
      0.815346197825588,
      0.12774287805271045,
      0.020324706229617854,
      0.009668273204932134,
      0.026913882643496773,
      4.0620436547831595e-06
    ],
    [
      0.06878922858878317,
      0.15627151245191337,
      0.009009921036647096,
      0.009865357359789434,
      0.7560487953026929,
      1.5185260174124321e-05
    ],
    [
      0.06381101388105591,
      0.1514226717848891,
      0.008095766550839595,
      0.008864409554823805,
      0.767792493678025,
      1.3644550366583589e-05
    ],
    [
      0.8151807057399949,
      0.12830414004867857,
      0.020049416694512167,
      0.00930896374549282,
      0.02715281938125659,
      3.954390064990401e-06
    ],
    [
      0.9999716263385804,
      5.674732283935656e-06,
      5.674732283935656e-06,
      5.674732283935656e-06,
      5.674732283935656e-06,
      5.674732283935656e-06
    ],
    [
      0.055435638884512375,
      0.13390972112809205,
      0.02286907200252088,
      0.0076768552071844985,
      0.7800968961714195,
      1.1816606270679064e-05
    ],
    [
      0.7967555156234402,
      0.15360198773196676,
      0.00881390524996395,
      0.011733608421239447,
      0.029090546071678148,
      4.436901711534836e-06
    ],
    [
      0.7962352557135975,
      0.15398858187245085,
      0.008786747647173049,
      0.01148248555483457,
      0.029502505981313626,
      4.423230630341329e-06
    ],
    [
      0.06884531997607657,
      0.16162810257177035,
      0.008317135167464115,
      0.009106795753588519,
      0.7520886288875598,
      1.401764354066986e-05
    ],
    [
      0.8035562924517239,
      0.1487037535644703,
      0.008582894474668437,
      0.01121534929124715,
      0.02793752718102497,
      4.183036865243329e-06
    ],
    [
      0.06343651374985305,
      0.15053398804517873,
      0.008048253348163822,
      0.008812385267174884,
      0.7691552951176944,
      1.356447193510757e-05
    ],
    [
      0.06317258768967536,
      0.15575217254266288,
      0.00801476878742852,
      0.008775721554324824,
      0.7642712413886262,
      1.3508037282182902e-05
    ],
    [
      0.8053350371253412,
      0.1468547317162949,
      0.00859552920769343,
      0.011231859216249161,
      0.02797865353977871,
      4.189194642690324e-06
    ],
    [
      0.0634554500226142,
      0.15197195838986885,
      0.008050655811849841,
      0.008815015829941205,
      0.7676933514246946,
      1.35685210312076e-05
    ],
    [
      0.805131205831488,
      0.1471288401847062,
      0.008582894474668437,
      0.01121534929124715,
      0.02793752718102497,
      4.183036865243329e-06
    ],
    [
      0.06381101388105591,
      0.1514226717848891,
      0.008095766550839595,
      0.008864409554823805,
      0.767792493678025,
      1.3644550366583589e-05
    ],
    [
      0.06372174987282901,
      0.15121084950221642,
      0.008084441537678948,
      0.008852009301649592,
      0.7681173243223604,
      1.3625463265751038e-05
    ],
    [
      0.06381101388105591,
      0.1514226717848891,
      0.008095766550839595,
      0.008864409554823805,
      0.767792493678025,
      1.3644550366583589e-05
    ],
    [
      0.8062420603484055,
      0.146213579690529,
      0.008558304049584261,
      0.011184746365486432,
      0.027796854802844207,
      4.454743150646793e-06
    ],
    [
      0.8059576698725932,
      0.14642818637747645,
      0.008570865600172502,
      0.011201162907417251,
      0.027837653960688675,
      4.461281651863887e-06
    ],
    [
      0.06390052832938606,
      0.15163508835853526,
      0.00810712333758426,
      0.008876844598287486,
      0.7674667516851885,
      1.3663691018400442e-05
    ],
    [
      0.06381101388105591,
      0.1528235122891917,
      0.008095766550839595,
      0.008864409554823805,
      0.7663916531737224,
      1.3644550366583589e-05
    ],
    [
      0.7840884249129809,
      0.1639613969029326,
      0.009359140344231682,
      0.011696216391428321,
      0.030890110076493844,
      4.7113719326613055e-06
    ],
    [
      0.7836927116187558,
      0.16478271154366045,
      0.009323559670781894,
      0.011423648658796673,
      0.030772675047310086,
      4.693460695082756e-06
    ],
    [
      0.06521846947378862,
      0.1704557853494024,
      0.00882805138124287,
      0.009666220304518178,
      0.7458165947527648,
      1.4878738282993605e-05
    ],
    [
      0.7838551767553887,
      0.1645319488344737,
      0.009339537437840243,
      0.011443225344490944,
      0.03082541012393635,
      4.701503870042912e-06
    ],
    [
      0.7833509866828159,
      0.16470246854587178,
      0.00937089050474217,
      0.011712729481621022,
      0.030857875360339574,
      5.049424609650025e-06
    ],
    [
      0.8058910019319432,
      0.1465023788484645,
      0.008575375587588432,
      0.011207904224414075,
      0.027818718639424055,
      4.62076816574141e-06
    ],
    [
      0.8059859705139091,
      0.14643070199003785,
      0.008571180051742677,
      0.011202420713697954,
      0.027805108223175515,
      4.618507436951601e-06
    ],
    [
      0.8058483737366766,
      0.14663048213147392,
      0.008554125044432917,
      0.01117928487306842,
      0.02778328164644088,
      4.452567907226296e-06
    ],
    [
      0.0635439689843835,
      0.15078897786151674,
      0.00806188630022827,
      0.008827312583789269,
      0.7687642668212616,
      1.3587448820609445e-05
    ],
    [
      0.8055371204800106,
      0.1468432466604483,
      0.008566380718161546,
      0.011194510961646848,
      0.027854428881359614,
      4.312298373099193e-06
    ],
    [
      0.8060525594119339,
      0.1463565808512868,
      0.008566674321455034,
      0.011195685374820801,
      0.027824040940483654,
      4.459100019842996e-06
    ],
    [
      0.8059859705139091,
      0.14643070199003785,
      0.008571180051742677,
      0.011202420713697954,
      0.027805108223175515,
      4.618507436951601e-06
    ],
    [
      0.8058910019319432,
      0.1465023788484645,
      0.008575375587588432,
      0.011207904224414075,
      0.027818718639424055,
      4.62076816574141e-06
    ],
    [
      0.05591044159476252,
      0.13383308703182853,
      0.02035562759212471,
      0.0077426069822504025,
      0.7821463189842843,
      1.1917814749487537e-05
    ],
    [
      0.999973201810226,
      5.359637954819758e-06,
      5.359637954819758e-06,
      5.359637954819758e-06,
      5.359637954819758e-06,
      5.359637954819758e-06
    ]
  ],
  [
    [
      0.9999734013926933,
      5.3197214613451455e-06,
      5.3197214613451455e-06,
      5.3197214613451455e-06,
      5.3197214613451455e-06,
      5.3197214613451455e-06
    ],
    [
      0.815346197825588,
      0.12774287805271045,
      0.020324706229617854,
      0.009668273204932134,
      0.026913882643496773,
      4.0620436547831595e-06
    ],
    [
      0.8154125187916501,
      0.12786277318860734,
      0.020412542589307515,
      0.009277890684441025,
      0.027030195147589677,
      4.079598404333078e-06
    ],
    [
      0.9999717386016889,
      5.652279662221726e-06,
      5.652279662221726e-06,
      5.652279662221726e-06,
      5.652279662221726e-06,
      5.652279662221726e-06
    ],
    [
      0.8149231086833284,
      0.12844732953000124,
      0.020368252553486413,
      0.009256777347782064,
      0.027000599663795057,
      3.93222160690236e-06
    ],
    [
      0.7922265002371662,
      0.15529393666163846,
      0.009851589441612218,
      0.011428852243251441,
      0.031193993496087827,
      5.127920243747143e-06
    ],
    [
      0.8158446842492825,
      0.12786277318860734,
      0.01998037713167516,
      0.009277890684441025,
      0.027030195147589677,
      4.079598404333078e-06
    ],
    [
      0.9999715131800264,
      5.697363994711541e-06,
      5.697363994711541e-06,
      5.697363994711541e-06,
      5.697363994711541e-06,
      5.697363994711541e-06
    ],
    [
      0.78369843448259,
      0.1501416054672631,
      0.022232931390317748,
      0.012452550819076754,
      0.031470287296714965,
      4.190544037379653e-06
    ],
    [
      0.781258461548604,
      0.16704597949591654,
      0.00935449950719941,
      0.011461557551244905,
      0.030874792861290173,
      4.70903574487763e-06
    ],
    [
      0.7783505348633827,
      0.1682522746806556,
      0.009345231626728916,
      0.011678834520481182,
      0.032368419938438614,
      4.7043703129770535e-06
    ],
    [
      0.7768659121620243,
      0.16950365186955746,
      0.009300983950570836,
      0.011622716854356004,
      0.032702202152062286,
      4.533011429081716e-06
    ],
    [
      0.07346296439329573,
      0.16835463814010967,
      0.008592724183208465,
      0.009408550243299608,
      0.7401666409206766,
      1.448211940990191e-05
    ],
    [
      0.7928914396054403,
      0.1547479125209195,
      0.009816629726391052,
      0.011386445252534018,
      0.031152788573509983,
      4.7843212052917154e-06
    ],
    [
      0.8157571246110503,
      0.12790398200319572,
      0.019986886090320413,
      0.009279930724918006,
      0.027068134513497606,
      3.942057017912708e-06
    ],
    [
      0.7926625074033996,
      0.15494270003775304,
      0.009829141660865173,
      0.011401853806299855,
      0.031158849122057016,
      4.947969625404065e-06
    ],
    [
      0.06200387917100679,
      0.14987338816852844,
      0.007991810638985668,
      0.008750583671563523,
      0.7713668690061419,
      1.3469343773571354e-05
    ],
    [
      0.7920707347271414,
      0.15663337869908261,
      0.008896109254714017,
      0.012350135136170233,
      0.030045306494846245,
      4.335688045510851e-06
    ],
    [
      0.06090891448935308,
      0.1485851137025211,
      0.007850678333891997,
      0.008596051726267137,
      0.7740460102676288,
      1.3231480338020223e-05
    ],
    [
      0.062089740131283155,
      0.15008092797410305,
      0.00800287743907922,
      0.008762701195935618,
      0.7710502652639151,
      1.3487995683841384e-05
    ],
    [
      0.062262177417900494,
      0.15049773674054573,
      0.008025103244305784,
      0.008787037204017963,
      0.7704144199383238,
      1.3525454906133347e-05
    ],
    [
      0.7940657685046612,
      0.15530690197268543,
      0.008878663401836738,
      0.011820630510652162,
      0.029923414114509883,
      4.621495654638711e-06
    ],
    [
      0.7939016282759987,
      0.15557977724362676,
      0.008865509386611847,
      0.011803985856586551,
      0.02984432213288153,
      4.777104294537144e-06
    ],
    [
      0.7941278420655937,
      0.15511210173910744,
      0.008896394732116187,
      0.011843423452714755,
      0.03001575958372128,
      4.478426746597628e-06
    ],
    [
      0.0666660467192382,
      0.15582223627436395,
      0.008276298169915193,
      0.009062081535485792,
      0.7601593884838566,
      1.3948817140306506e-05
    ],
    [
      0.071229591017687,
      0.16653446273265532,
      0.008404392947864435,
      0.009202338121004372,
      0.7446150504735733,
      1.4164707215501857e-05
    ],
    [
      0.7849002300738117,
      0.162705709840906,
      0.00943910836657097,
      0.012565916954852884,
      0.0303842831361883,
      4.751627670058379e-06
    ],
    [
      0.7864675577369795,
      0.16032367504998593,
      0.009459438336185465,
      0.013134729586642507,
      0.030609502152351413,
      5.097137855151577e-06
    ],
    [
      0.7865043767910564,
      0.16099139782568203,
      0.009471493229604819,
      0.012610823275631084,
      0.030416805244493823,
      5.103633531893033e-06
    ],
    [
      0.7789133475362446,
      0.16764279245498448,
      0.009292440712359908,
      0.011615680636899372,
      0.03253054880153205,
      5.189857979536392e-06
    ],
    [
      0.7875883548251956,
      0.16066668317489644,
      0.009048362880537857,
      0.011605706659200903,
      0.031085838920442622,
      5.053539726633822e-06
    ],
    [
      0.793256826224256,
      0.15594178828268454,
      0.008915136388376169,
      0.01187006174702726,
      0.03001138351227391,
      4.803845382151506e-06
    ],
    [
      0.7939613431636153,
      0.15538565515561917,
      0.008883165603568988,
      0.011826624528079418,
      0.029938587709989733,
      4.623839127389081e-06
    ],
    [
      0.7937521744463311,
      0.15554340137020015,
      0.008892183718825867,
      0.011838630818162672,
      0.029968981113270243,
      4.628533210111495e-06
    ],
    [
      0.7940657685046612,
      0.15530690197268543,
      0.008878663401836738,
      0.011820630510652162,
      0.029923414114509883,
      4.621495654638711e-06
    ],
    [
      0.062089740131283155,
      0.15008092797410305,
      0.00800287743907922,
      0.008762701195935618,
      0.7710502652639151,
      1.3487995683841384e-05
    ],
    [
      0.7939016282759987,
      0.15557977724362676,
      0.008865509386611847,
      0.011803985856586551,
      0.02984432213288153,
      4.777104294537144e-06
    ],
    [
      0.8061473561918883,
      0.1462850453231676,
      0.00856248713992725,
      0.011190213196793098,
      0.02781044122770333,
      4.456920520479179e-06
    ],
    [
      0.8154672690735367,
      0.1282372968370357,
      0.01997146839300615,
      0.009272772273002706,
      0.027047254407266703,
      3.939016151935731e-06
    ],
    [
      0.9999720263705824,
      5.594725883526293e-06,
      5.594725883526293e-06,
      5.594725883526293e-06,
      5.594725883526293e-06,
      5.594725883526293e-06
    ]
  ],
  [
    [
      0.9999734013926933,
      5.3197214613451455e-06,
      5.3197214613451455e-06,
      5.3197214613451455e-06,
      5.3197214613451455e-06,
      5.3197214613451455e-06
    ],
    [
      0.999972113739533,
      5.5772520934045765e-06,
      5.5772520934045765e-06,
      5.5772520934045765e-06,
      5.5772520934045765e-06,
      5.5772520934045765e-06
    ],
    [
      0.9999643416893895,
      7.13166212210267e-06,
      7.13166212210267e-06,
      7.13166212210267e-06,
      7.13166212210267e-06,
      7.13166212210267e-06
    ],
    [
      0.9999716263385804,
      5.674732283935656e-06,
      5.674732283935656e-06,
      5.674732283935656e-06,
      5.674732283935656e-06,
      5.674732283935656e-06
    ],
    [
      0.9999722221862419,
      5.55556275161404e-06,
      5.55556275161404e-06,
      5.55556275161404e-06,
      5.55556275161404e-06,
      5.55556275161404e-06
    ],
    [
      0.8128876230033106,
      0.12834123598380937,
      0.02035127481619856,
      0.009251096864277195,
      0.02916455346125129,
      4.2158711528594785e-06
    ],
    [
      0.814557784629713,
      0.12891013866883527,
      0.0200761134146813,
      0.009323404683817465,
      0.0271283097799832,
      4.248822969816788e-06
    ],
    [
      0.999964448177695,
      7.110364461004297e-06,
      7.110364461004297e-06,
      7.110364461004297e-06,
      7.110364461004297e-06,
      7.110364461004297e-06
    ],
    [
      0.0679266737474892,
      0.1539254761491886,
      0.031729807011459374,
      0.010367218320544503,
      0.7360372772792301,
      1.3547492088264623e-05
    ],
    [
      0.7771655302493243,
      0.17004059213048295,
      0.009483272633705074,
      0.011000643993696595,
      0.03230518713292001,
      4.773859870981663e-06
    ],
    [
      0.06641828117237954,
      0.17547441629408844,
      0.008842523596621958,
      0.009682066567312471,
      0.7395678092399404,
      1.4903129657228021e-05
    ],
    [
      0.06789846009536464,
      0.16923805987649498,
      0.00869616196357383,
      0.009521808801688424,
      0.7446308528101305,
      1.4656452747596343e-05
    ],
    [
      0.06673969408879868,
      0.16153297288605714,
      0.00894418427029526,
      0.009793379293710934,
      0.7529746949932667,
      1.5074467871284148e-05
    ],
    [
      0.8034501777349498,
      0.134365948521711,
      0.023604093830665803,
      0.01004526697895211,
      0.028530329294261865,
      4.183639459529564e-06
    ],
    [
      0.9999716986098459,
      5.660278030820758e-06,
      5.660278030820758e-06,
      5.660278030820758e-06,
      5.660278030820758e-06,
      5.660278030820758e-06
    ],
    [
      0.8155007490461751,
      0.12808196150751383,
      0.020014698016294144,
      0.009292843829300372,
      0.027105800058292048,
      3.947542424567399e-06
    ],
    [
      0.8054553239524339,
      0.1467849118459266,
      0.008591589195314307,
      0.011227453295532935,
      0.02793639672252389,
      4.324988268469322e-06
    ],
    [
      0.06090891448935308,
      0.1485851137025211,
      0.007850678333891997,
      0.008596051726267137,
      0.7740460102676288,
      1.3231480338020223e-05
    ],
    [
      0.06270401080553785,
      0.15428375792593704,
      0.008348028364536826,
      0.009140622068810268,
      0.7655095111244512,
      1.4069710726747461e-05
    ],
    [
      0.06362303943962236,
      0.15654503578498552,
      0.008470382214100809,
      0.009274592660271055,
      0.7620726739759403,
      1.4275925079945184e-05
    ],
    [
      0.7977198003545793,
      0.15410602898780174,
      0.009037362773344397,
      0.010483386310977177,
      0.028648872183529663,
      4.5493897676035235e-06
    ],
    [
      0.7980900160511979,
      0.15387300995051084,
      0.009024037572413142,
      0.010469747552245005,
      0.028538326347774663,
      4.862525858507307e-06
    ],
    [
      0.7967610302717552,
      0.15491320446056667,
      0.009085230677584166,
      0.010541759840388151,
      0.028693700619196145,
      5.074130509681189e-06
    ],
    [
      0.7922407921278172,
      0.1584577247902907,
      0.009135632181644756,
      0.010822709007429767,
      0.029338219235153555,
      4.922657664110332e-06
    ],
    [
      0.7851649559323256,
      0.1610700273314559,
      0.009324323935390335,
      0.011423754811558677,
      0.03301239360265489,
      4.544386614600114e-06
    ],
    [
      0.08390701876712466,
      0.16302650574012786,
      0.008740314454908816,
      0.017672130181582493,
      0.7266392999891974,
      1.4730867058835088e-05
    ],
    [
      0.7807787781933048,
      0.1611456727105156,
      0.00978014490270565,
      0.014575197572219957,
      0.03371528331649563,
      4.923304758472516e-06
    ],
    [
      0.39251206132627586,
      0.43048759995413216,
      0.003354742302663384,
      0.027307914859981876,
      0.14626243724732754,
      7.524430961903542e-05
    ],
    [
      0.782663295566944,
      0.1615507622217773,
      0.009803906031123506,
      0.012253958057419632,
      0.03372279537139415,
      5.282751341422636e-06
    ],
    [
      0.7836942781179663,
      0.16241904091120618,
      0.009323157987631305,
      0.011424992158834796,
      0.033133507120012444,
      5.023704348970619e-06
    ],
    [
      0.789916510406115,
      0.16039111089447045,
      0.009091292212563095,
      0.010771188346897918,
      0.02982482062405717,
      5.077515896432894e-06
    ],
    [
      0.7905369777290745,
      0.16010295357177687,
      0.009140063323107224,
      0.010827014370206263,
      0.02938823344706542,
      4.757558769727019e-06
    ],
    [
      0.06325221406403755,
      0.15563261675876164,
      0.008421012792369995,
      0.009220535917038832,
      0.7634594277496026,
      1.4192718189387636e-05
    ],
    [
      0.7970223439966158,
      0.1547841142495662,
      0.00904700723556517,
      0.010495454520481931,
      0.02864637087628118,
      4.709121489840464e-06
    ],
    [
      0.7980900160511979,
      0.15387300995051084,
      0.009024037572413142,
      0.010469747552245005,
      0.028538326347774663,
      4.862525858507307e-06
    ],
    [
      0.796804217667034,
      0.15482738710864058,
      0.00907983114838163,
      0.010533533619478905,
      0.02875030424956894,
      4.726206896008483e-06
    ],
    [
      0.7937521744463311,
      0.15554340137020015,
      0.008892183718825867,
      0.011838630818162672,
      0.029968981113270243,
      4.628533210111495e-06
    ],
    [
      0.8055506923289409,
      0.1467129559383023,
      0.008587377484514406,
      0.01122194944924499,
      0.027922701930895497,
      4.3228681019453345e-06
    ],
    [
      0.055101401613029524,
      0.13189648422206562,
      0.017649361835408352,
      0.007630569258476237,
      0.7877104377104377,
      1.1745360582569888e-05
    ],
    [
      0.9999720263705824,
      5.594725883526293e-06,
      5.594725883526293e-06,
      5.594725883526293e-06,
      5.594725883526293e-06,
      5.594725883526293e-06
    ]
  ],
  [
    [
      0.9999734013926933,
      5.3197214613451455e-06,
      5.3197214613451455e-06,
      5.3197214613451455e-06,
      5.3197214613451455e-06,
      5.3197214613451455e-06
    ],
    [
      0.058349811556727346,
      0.1395536514052967,
      0.02072030962159239,
      0.008234886511517858,
      0.7731286653484089,
      1.2675556456928463e-05
    ],
    [
      0.060090012351318896,
      0.13970949021200282,
      0.020743447879126277,
      0.008244082364685382,
      0.7712002774816845,
      1.2689711182173499e-05
    ],
    [
      0.058349811556727346,
      0.1395536514052967,
      0.02072030962159239,
      0.008234886511517858,
      0.7731286653484089,
      1.2675556456928463e-05
    ],
    [
      0.9999716713506805,
      5.66572986388787e-06,
      5.66572986388787e-06,
      5.66572986388787e-06,
      5.66572986388787e-06,
      5.66572986388787e-06
    ],
    [
      0.814272536677025,
      0.12834123598380937,
      0.02035127481619856,
      0.009251096864277195,
      0.027779639787536954,
      4.2158711528594785e-06
    ],
    [
      0.8057001454662132,
      0.1345074887911924,
      0.021233932769174287,
      0.010057930335300296,
      0.028496008779202782,
      4.493858917096842e-06
    ],
    [
      0.9999636098363578,
      7.278032728441304e-06,
      7.278032728441304e-06,
      7.278032728441304e-06,
      7.278032728441304e-06,
      7.278032728441304e-06
    ],
    [
      0.06814139221139329,
      0.15522136430022251,
      0.019663337506595987,
      0.010497554114474212,
      0.7464626340572984,
      1.3717810015647451e-05
    ],
    [
      0.7818125913438531,
      0.16492709811073458,
      0.009561349129584049,
      0.011090341740372132,
      0.03260395977010512,
      4.659905351109113e-06
    ],
    [
      0.3915363829376568,
      0.4074663835810332,
      0.002872675802612108,
      0.047484398121340796,
      0.15057582191340152,
      6.433764395547835e-05
    ],
    [
      0.7871534400504129,
      0.15973192295074082,
      0.00952125805896266,
      0.012674464234918848,
      0.030914274338759415,
      4.640366205326615e-06
    ],
    [
      0.7819287461720211,
      0.16630283599330492,
      0.009362055500084034,
      0.011240930532498751,
      0.03116086902628083,
      4.56277581029195e-06
    ],
    [
      0.8030450968345912,
      0.1374728577093857,
      0.02090728388560581,
      0.009889667401296329,
      0.028681030951963022,
      4.063217157828357e-06
    ],
    [
      0.9999645263691327,
      7.0947261734625494e-06,
      7.0947261734625494e-06,
      7.0947261734625494e-06,
      7.0947261734625494e-06,
      7.0947261734625494e-06
    ],
    [
      0.8158446842492825,
      0.12786277318860734,
      0.01998037713167516,
      0.009277890684441025,
      0.027030195147589677,
      4.079598404333078e-06
    ],
    [
      0.06878922858878317,
      0.15627151245191337,
      0.009009921036647096,
      0.009865357359789434,
      0.7560487953026929,
      1.5185260174124321e-05
    ],
    [
      0.7933050761933595,
      0.1558574135746403,
      0.008909969612361377,
      0.011861495161525437,
      0.03006156019779998,
      4.485260313295434e-06
    ],
    [
      0.7977198003545793,
      0.15410602898780174,
      0.009037362773344397,
      0.010483386310977177,
      0.028648872183529663,
      4.5493897676035235e-06
    ],
    [
      0.8371043304875186,
      0.12451924557502068,
      0.004999802645076472,
      0.010611405553090425,
      0.02276261325678565,
      2.602482508064443e-06
    ],
    [
      0.8377521867314753,
      0.12306720690859914,
      0.005069434637163695,
      0.01075953925554385,
      0.023348900845500665,
      2.731621717376038e-06
    ],
    [
      0.8371367747339876,
      0.12385194634834412,
      0.005125999970798548,
      0.010587387205813266,
      0.023295028853611118,
      2.8628874452938004e-06
    ],
    [
      0.818685161405467,
      0.13594328764098304,
      0.0054162299349175165,
      0.011716813302660018,
      0.028235482734160062,
      3.024981812296854e-06
    ],
    [
      0.8184872002605532,
      0.13570703545036877,
      0.005394549290754607,
