[
  [
    [
      0.9999730603109858,
      5.387937802847179e-06,
      5.387937802847179e-06,
      5.387937802847179e-06,
      5.387937802847179e-06,
      5.387937802847179e-06
    ],
    [
      0.9999730603109858,
      5.387937802847179e-06,
      5.387937802847179e-06,
      5.387937802847179e-06,
      5.387937802847179e-06,
      5.387937802847179e-06
    ],
    [
      0.9999735980243126,
      5.280395137473069e-06,
      5.280395137473069e-06,
      5.280395137473069e-06,
      5.280395137473069e-06,
      5.280395137473069e-06
    ],
    [
      0.9999735980243126,
      5.280395137473069e-06,
      5.280395137473069e-06,
      5.280395137473069e-06,
      5.280395137473069e-06,
      5.280395137473069e-06
    ],
    [
      0.9999729378311886,
      5.412433762284684e-06,
      5.412433762284684e-06,
      5.412433762284684e-06,
      5.412433762284684e-06,
      5.412433762284684e-06
    ],
    [
      0.9999729378311886,
      5.412433762284684e-06,
      5.412433762284684e-06,
      5.412433762284684e-06,
      5.412433762284684e-06,
      5.412433762284684e-06
    ],
    [
      0.9999729378311886,
      5.412433762284684e-06,
      5.412433762284684e-06,
      5.412433762284684e-06,
      5.412433762284684e-06,
      5.412433762284684e-06
    ],
    [
      0.9999735980243126,
      5.280395137473069e-06,
      5.280395137473069e-06,
      5.280395137473069e-06,
      5.280395137473069e-06,
      5.280395137473069e-06
    ],
    [
      0.9999735980243126,
      5.280395137473069e-06,
      5.280395137473069e-06,
      5.280395137473069e-06,
      5.280395137473069e-06,
      5.280395137473069e-06
    ],
    [
      0.9999735980243126,
      5.280395137473069e-06,
      5.280395137473069e-06,
      5.280395137473069e-06,
      5.280395137473069e-06,
      5.280395137473069e-06
    ],
    [
      0.9999735980243126,
      5.280395137473069e-06,
      5.280395137473069e-06,
      5.280395137473069e-06,
      5.280395137473069e-06,
      5.280395137473069e-06
    ],
    [
      0.9999721789089331,
      5.56421821337951e-06,
      5.56421821337951e-06,
      5.56421821337951e-06,
      5.56421821337951e-06,
      5.56421821337951e-06
    ],
    [
      0.9999722221862419,
      5.55556275161404e-06,
      5.55556275161404e-06,
      5.55556275161404e-06,
      5.55556275161404e-06,
      5.55556275161404e-06
    ],
    [
      0.9999721835522367,
      5.5632895526678516e-06,
      5.5632895526678516e-06,
      5.5632895526678516e-06,
      5.5632895526678516e-06,
      5.5632895526678516e-06
    ],
    [
      0.9999720966208733,
      5.580675825356831e-06,
      5.580675825356831e-06,
      5.580675825356831e-06,
      5.580675825356831e-06,
      5.580675825356831e-06
    ],
    [
      0.9999734013926933,
      5.3197214613451455e-06,
      5.3197214613451455e-06,
      5.3197214613451455e-06,
      5.3197214613451455e-06,
      5.3197214613451455e-06
    ],
    [
      0.9999735980243126,
      5.280395137473069e-06,
      5.280395137473069e-06,
      5.280395137473069e-06,
      5.280395137473069e-06,
      5.280395137473069e-06
    ],
    [
      0.9999735980243126,
      5.280395137473069e-06,
      5.280395137473069e-06,
      5.280395137473069e-06,
      5.280395137473069e-06,
      5.280395137473069e-06
    ],
    [
      0.999973201810226,
      5.359637954819758e-06,
      5.359637954819758e-06,
      5.359637954819758e-06,
      5.359637954819758e-06,
      5.359637954819758e-06
    ],
    [
      0.999973201810226,
      5.359637954819758e-06,
      5.359637954819758e-06,
      5.359637954819758e-06,
      5.359637954819758e-06,
      5.359637954819758e-06
    ],
    [
      0.999973201810226,
      5.359637954819758e-06,
      5.359637954819758e-06,
      5.359637954819758e-06,
      5.359637954819758e-06,
      5.359637954819758e-06
    ],
    [
      0.9999735980243126,
      5.280395137473069e-06,
      5.280395137473069e-06,
      5.280395137473069e-06,
      5.280395137473069e-06,
      5.280395137473069e-06
    ],
    [
      0.9999729378311886,
      5.412433762284684e-06,
      5.412433762284684e-06,
      5.412433762284684e-06,
      5.412433762284684e-06,
      5.412433762284684e-06
    ],
    [
      0.9999647290616289,
      7.054187674223438e-06,
      7.054187674223438e-06,
      7.054187674223438e-06,
      7.054187674223438e-06,
      7.054187674223438e-06
    ],
    [
      0.999973201810226,
      5.359637954819758e-06,
      5.359637954819758e-06,
      5.359637954819758e-06,
      5.359637954819758e-06,
      5.359637954819758e-06
    ],
    [
      0.9999734649143623,
      5.30701712753606e-06,
      5.30701712753606e-06,
      5.30701712753606e-06,
      5.30701712753606e-06,
      5.30701712753606e-06
    ],
    [
      0.9999734649143623,
      5.30701712753606e-06,
      5.30701712753606e-06,
      5.30701712753606e-06,
      5.30701712753606e-06,
      5.30701712753606e-06
    ],
    [
      0.9999732662875848,
      5.346742483043713e-06,
      5.346742483043713e-06,
      5.346742483043713e-06,
      5.346742483043713e-06,
      5.346742483043713e-06
    ],
    [
      0.999973201810226,
      5.359637954819758e-06,
      5.359637954819758e-06,
      5.359637954819758e-06,
      5.359637954819758e-06,
      5.359637954819758e-06
    ],
    [
      0.9999735980243126,
      5.280395137473069e-06,
      5.280395137473069e-06,
      5.280395137473069e-06,
      5.280395137473069e-06,
      5.280395137473069e-06
    ],
    [
      0.9999730603109858,
      5.387937802847179e-06,
      5.387937802847179e-06,
      5.387937802847179e-06,
      5.387937802847179e-06,
      5.387937802847179e-06
    ],
    [
      0.9999730603109858,
      5.387937802847179e-06,
      5.387937802847179e-06,
      5.387937802847179e-06,
      5.387937802847179e-06,
      5.387937802847179e-06
    ],
    [
      0.9999303230735046,
      1.3935385299092173e-05,
      1.3935385299092173e-05,
      1.3935385299092173e-05,
      1.3935385299092173e-05,
      1.3935385299092173e-05
    ],
    [
      0.9999268789551286,
      1.4624208974312184e-05,
      1.4624208974312184e-05,
      1.4624208974312184e-05,
      1.4624208974312184e-05,
      1.4624208974312184e-05
    ],
    [
      0.9999228392285465,
      1.5432154290702587e-05,
      1.5432154290702587e-05,
      1.5432154290702587e-05,
      1.5432154290702587e-05,
      1.5432154290702587e-05
    ],
    [
      0.9999274729197878,
      1.4505416042452252e-05,
      1.4505416042452252e-05,
      1.4505416042452252e-05,
      1.4505416042452252e-05,
      1.4505416042452252e-05
    ],
    [
      0.9999300501355771,
      1.398997288458392e-05,
      1.398997288458392e-05,
      1.398997288458392e-05,
      1.398997288458392e-05,
      1.398997288458392e-05
    ],
    [
      0.9999721789089331,
      5.56421821337951e-06,
      5.56421821337951e-06,
      5.56421821337951e-06,
      5.56421821337951e-06,
      5.56421821337951e-06
    ],
    [
      0.9999735980243126,
      5.280395137473069e-06,
      5.280395137473069e-06,
      5.280395137473069e-06,
      5.280395137473069e-06,
      5.280395137473069e-06
    ],
    [
      0.9999735980243126,
      5.280395137473069e-06,
      5.280395137473069e-06,
      5.280395137473069e-06,
      5.280395137473069e-06,
      5.280395137473069e-06
    ]
  ],
  [
    [
      0.9999730603109858,
      5.387937802847179e-06,
      5.387937802847179e-06,
      5.387937802847179e-06,
      5.387937802847179e-06,
      5.387937802847179e-06
    ],
    [
      0.8152796840685443,
      0.12797577102672222,
      0.020430499354365243,
      0.009287110032161119,
      0.027022703235284034,
      4.232282923034667e-06
    ],
    [
      0.8147033987088472,
      0.12877209801563158,
      0.02035127481619856,
      0.009251096864277195,
      0.026917915723892478,
      4.2158711528594785e-06
    ],
    [
      0.815346197825588,
      0.12817318387720714,
      0.01989440040512116,
      0.009237967380435438,
      0.027344188467993472,
      4.0620436547831595e-06
    ],
    [
      0.8155842633224517,
      0.12757818514427155,
      0.02072825358936111,
      0.009226057301853056,
      0.02687918383541049,
      4.056806652189278e-06
    ],
    [
      0.8153408660643203,
      0.12819295451058432,
      0.020032042312182734,
      0.009300896802814667,
      0.02712928934682017,
      3.950963277771816e-06
    ],
    [
      0.8154056249429562,
      0.1272423805402293,
      0.020604287589803094,
      0.009170880563954077,
      0.027572793818270144,
      4.032544787122634e-06
    ],
    [
      0.8154056249429562,
      0.1272423805402293,
      0.020604287589803094,
      0.009170880563954077,
      0.027572793818270144,
      4.032544787122634e-06
    ],
    [
      0.814272536677025,
      0.12834123598380937,
      0.02035127481619856,
      0.009251096864277195,
      0.027779639787536954,
      4.2158711528594785e-06
    ],
    [
      0.9999721789089331,
      5.56421821337951e-06,
      5.56421821337951e-06,
      5.56421821337951e-06,
      5.56421821337951e-06,
      5.56421821337951e-06
    ],
    [
      0.8155842633224517,
      0.12757818514427155,
      0.02072825358936111,
      0.009226057301853056,
      0.02687918383541049,
      4.056806652189278e-06
    ],
    [
      0.815346197825588,
      0.12774287805271045,
      0.020324706229617854,
      0.009668273204932134,
      0.026913882643496773,
      4.0620436547831595e-06
    ],
    [
      0.8146750589217747,
      0.12863676849100827,
      0.02010146009442054,
      0.009332204550482552,
      0.027250673761434967,
      3.834180879016641e-06
    ],
    [
      0.05522030839251384,
      0.13338957115392164,
      0.018895907717659987,
      0.007647035743712482,
      0.7848354062855574,
      1.1770706634754977e-05
    ],
    [
      0.05522030839251384,
      0.13338957115392164,
      0.018895907717659987,
      0.007647035743712482,
      0.7848354062855574,
      1.1770706634754977e-05
    ],
    [
      0.8154125187916501,
      0.12786277318860734,
      0.020412542589307515,
      0.009277890684441025,
      0.027030195147589677,
      4.079598404333078e-06
    ],
    [
      0.8146382741976926,
      0.1284201451192658,
      0.020501440787559756,
      0.009319357941744193,
      0.02711653497493221,
      4.246978805452273e-06
    ],
    [
      0.8146382741976926,
      0.1284201451192658,
      0.020501440787559756,
      0.009319357941744193,
      0.02711653497493221,
      4.246978805452273e-06
    ],
    [
      0.814032543442941,
      0.1272423805402293,
      0.020604287589803094,
      0.009170880563954077,
      0.0289458753182854,
      4.032544787122634e-06
    ],
    [
      0.05570596244577436,
      0.1357817991830531,
      0.017843006871220042,
      0.0077142902378012105,
      0.7829430670339761,
      1.1874228175168616e-05
    ],
    [
      0.815346197825588,
      0.12774287805271045,
      0.020324706229617854,
      0.009668273204932134,
      0.026913882643496773,
      4.0620436547831595e-06
    ],
    [
      0.8128876230033106,
      0.12972614965752371,
      0.02035127481619856,
      0.009251096864277195,
      0.027779639787536954,
      4.2158711528594785e-06
    ],
    [
      0.8037646404306195,
      0.1345074887911924,
      0.0231694378047679,
      0.010057930335300296,
      0.028496008779202782,
      4.493858917096842e-06
    ],
    [
      0.8026868499061585,
      0.13774254091315713,
      0.02094823805932189,
      0.0099100173650699,
      0.028708144042377794,
      4.209713914858537e-06
    ],
    [
      0.058198337912782575,
      0.13919137602616188,
      0.021964499435294913,
      0.008213509094280468,
      0.7724196348802319,
      1.2642651248251104e-05
    ],
    [
      0.8137951006891497,
      0.12965372356787114,
      0.020340059032572636,
      0.009243964213957082,
      0.02696322571778242,
      3.926778667120429e-06
    ],
    [
      0.8161001401435113,
      0.12768540497672423,
      0.019952660825543058,
      0.009265020614132768,
      0.026992699500806645,
      4.073939282008942e-06
    ],
    [
      0.055555994157817874,
      0.13298464453479653,
      0.01779497098646035,
      0.007693522283187939,
      0.785959025776655,
      1.1842261082382667e-05
    ],
    [
      0.8154056249429562,
      0.1272423805402293,
      0.020604287589803094,
      0.009170880563954077,
      0.027572793818270144,
      4.032544787122634e-06
    ],
    [
      0.814272536677025,
      0.12834123598380937,
      0.02035127481619856,
      0.009251096864277195,
      0.027779639787536954,
      4.2158711528594785e-06
    ],
    [
      0.8148310126797759,
      0.12752575191991403,
      0.0215787785769918,
      0.009223279138748703,
      0.02683697449039423,
      4.203194175381641e-06
    ],
    [
      0.802846095667965,
      0.1369022662081133,
      0.021693205150501587,
      0.010057930335300296,
      0.028496008779202782,
      4.493858917096842e-06
    ],
    [
      0.7830787535071946,
      0.15039957585648742,
      0.022849035881273735,
      0.012240762137336993,
      0.03142740982822277,
      4.462789484418394e-06
    ],
    [
      0.788288565606319,
      0.15299182658861538,
      0.015834889418133994,
      0.012203288212793787,
      0.03067669443545969,
      4.735738678151148e-06
    ],
    [
      0.7848037427463606,
      0.1541912215448607,
      0.017445590652160017,
      0.012613341055505623,
      0.03094159104328303,
      4.512957830169876e-06
    ],
    [
      0.06907780417995803,
      0.16317701107855576,
      0.013666895527420439,
      0.010810845174287355,
      0.7432533168327555,
      1.4127207022917157e-05
    ],
    [
      0.7832663823035212,
      0.15093334488107527,
      0.021878749526617475,
      0.01228220829321242,
      0.031635229709507565,
      4.085286066028844e-06
    ],
    [
      0.8054803782557087,
      0.13477852702522305,
      0.021204400235237245,
      0.010042826166174183,
      0.02848953879790885,
      4.329519748021952e-06
    ],
    [
      0.815346197825588,
      0.12817318387720714,
      0.01989440040512116,
      0.009237967380435438,
      0.027344188467993472,
      4.0620436547831595e-06
    ],
    [
      0.9999735980243126,
      5.280395137473069e-06,
      5.280395137473069e-06,
      5.280395137473069e-06,
      5.280395137473069e-06,
      5.280395137473069e-06
    ]
  ],
  [
    [
      0.9999730603109858,
      5.387937802847179e-06,
      5.387937802847179e-06,
      5.387937802847179e-06,
      5.387937802847179e-06,
      5.387937802847179e-06
    ],
    [
      0.8152796840685443,
      0.12797577102672222,
      0.020430499354365243,
      0.009287110032161119,
      0.027022703235284034,
      4.232282923034667e-06
    ],
    [
      0.8052540972615716,
      0.14700879840093733,
      0.008605198491482991,
      0.011247794632528467,
      0.027879305182487397,
      4.806030992171456e-06
    ],
    [
      0.8048164741405361,
      0.1475535921028766,
      0.0085795752328197,
      0.01121339310604355,
      0.027832342386615156,
      4.623031108838636e-06
    ],
    [
      0.06399029427325635,
      0.15184810172769234,
      0.00811851203181727,
      0.00888931457865835,
      0.7671400945031288,
      1.3682885446883043e-05
    ],
    [
      0.8061473561918883,
      0.1462850453231676,
      0.00856248713992725,
      0.011190213196793098,
      0.02781044122770333,
      4.456920520479179e-06
    ],
    [
      0.06363273525516591,
      0.15099961901997425,
      0.00807314816494621,
      0.008839643692966385,
      0.7684412474374558,
      1.3606429491482379e-05
    ],
    [
      0.7962888949060497,
      0.1542227120699584,
      0.008792088874312105,
      0.011705369299005007,
      0.028986358418537608,
      4.576432137231946e-06
    ],
    [
      0.7922265002371662,
      0.15529393666163846,
      0.009851589441612218,
      0.011428852243251441,
      0.031193993496087827,
      5.127920243747143e-06
    ],
    [
      0.815346197825588,
      0.12774287805271045,
      0.020324706229617854,
      0.009668273204932134,
      0.026913882643496773,
      4.0620436547831595e-06
    ],
    [
      0.9999720263705824,
      5.594725883526293e-06,
      5.594725883526293e-06,
      5.594725883526293e-06,
      5.594725883526293e-06,
      5.594725883526293e-06
    ],
    [
      0.056323936672589614,
      0.13482287214458374,
      0.018040948310361946,
      0.0077998687348925086,
      0.7830003681826186,
      1.2005954953657018e-05
    ],
    [
      0.8149164797066537,
      0.1284691947719356,
      0.02007527414100825,
      0.009320047589125266,
      0.027215174605143902,
      3.8291861332916725e-06
    ],
    [
      0.055827495656451065,
      0.13363453894913885,
      0.01788193480313212,
      0.0077311204372902615,
      0.7849130100199129,
      1.1900134074843912e-05
    ],
    [
      0.8148313355328299,
      0.12851108751466367,
      0.020081881595553873,
      0.00932225179332314,
      0.027249735158033705,
      3.7084055957368175e-06
    ],
    [
      0.7901938145806203,
      0.15715394533174817,
      0.00987743822063905,
      0.011457878058761436,
      0.0313119515262171,
      4.972282013913441e-06
    ],
    [
      0.8059576698725932,
      0.14642818637747645,
      0.008570865600172502,
      0.011201162907417251,
      0.027837653960688675,
      4.461281651863887e-06
    ],
    [
      0.8059576698725932,
      0.14642818637747645,
      0.008570865600172502,
      0.011201162907417251,
      0.027837653960688675,
      4.461281651863887e-06
    ],
    [
      0.8061473561918883,
      0.1462850453231676,
      0.00856248713992725,
      0.011190213196793098,
      0.02781044122770333,
      4.456920520479179e-06
    ],
    [
      0.8059576698725932,
      0.14642818637747645,
      0.008570865600172502,
      0.011201162907417251,
      0.027837653960688675,
      4.461281651863887e-06
    ],
    [
      0.8059576698725932,
      0.14642818637747645,
      0.008570865600172502,
      0.011201162907417251,
      0.027837653960688675,
      4.461281651863887e-06
    ],
    [
      0.7814872713756219,
      0.16424923524144086,
      0.009375561724413633,
      0.013973060002130996,
      0.03090999151669049,
      4.880139702132541e-06
    ],
    [
      0.7836936060193489,
      0.16480725997798,
      0.009324942745482538,
      0.011426230051927482,
      0.030743107413600496,
      4.8537916607005494e-06
    ],
    [
      0.7818361822092262,
      0.16639717522036762,
      0.00936736234598552,
      0.011248143857033256,
      0.031146420856515963,
      4.715510871374539e-06
    ],
    [
      0.06673969408879868,
      0.16153297288605714,
      0.00894418427029526,
      0.009793379293710934,
      0.7529746949932667,
      1.5074467871284148e-05
    ],
    [
      0.7818368602663621,
      0.1662129615495514,
      0.00935914034423168,
      0.01169621639142832,
      0.030890110076493837,
      4.711371932661305e-06
    ],
    [
      0.805475767907462,
      0.14676948678163007,
      0.008590686338105889,
      0.011226273445459845,
      0.027933460993570285,
      4.3245337720140395e-06
    ],
    [
      0.8058423039067526,
      0.14661279586531262,
      0.008552936931723753,
      0.01117694267702405,
      0.02781071508838824,
      4.305530798753463e-06
    ],
    [
      0.8052643062812436,
      0.1469290356153163,
      0.008600025022977414,
      0.01123847720030114,
      0.027963826645314882,
      4.329234846703959e-06
    ],
    [
      0.7968118075922913,
      0.15360699146253132,
      0.008814530716284519,
      0.01173611028652172,
      0.02902581030749928,
      4.749634871819229e-06
    ],
    [
      0.7949290034914219,
      0.15557361077161946,
      0.008806016321500007,
      0.011725698862275476,
      0.028960752364787932,
      4.918188395141027e-06
    ],
    [
      0.7941775123161301,
      0.15660902645712924,
      0.008787371186292742,
      0.011484979711313351,
      0.02893637532894441,
      4.735000190189175e-06
    ],
    [
      0.7818893615388769,
      0.166409140569539,
      0.009368027087606154,
      0.011250802823515791,
      0.031077620098780314,
      5.0478816816916874e-06
    ],
    [
      0.7786124317891285,
      0.16770729247149732,
      0.009557117919986625,
      0.011088230866323772,
      0.033029777181396075,
      5.149771667707208e-06
    ],
    [
      0.36198881652804726,
      0.45052327778700174,
      0.003249601280559467,
      0.026452057145478512,
      0.15771336118217957,
      7.2886076733437e-05
    ],
    [
      0.07073561753643147,
      0.1632941442459869,
      0.009146404127186402,
      0.010693071341952194,
      0.7461153474605883,
      1.5415287854808546e-05
    ],
    [
      0.7828376653115745,
      0.1642986045676184,
      0.009856794886871386,
      0.011433931687672831,
      0.03156804165606063,
      4.961890202301227e-06
    ],
    [
      0.06653375278017112,
      0.16103452421503997,
      0.00891658484781694,
      0.009763159476626527,
      0.7537369507283548,
      1.502795199070271e-05
    ],
    [
      0.7841256635977022,
      0.14970565292508978,
      0.02224863555276883,
      0.012460051558834034,
      0.03145567313618734,
      4.323229417789253e-06
    ],
    [
      0.9999735980243126,
      5.280395137473069e-06,
      5.280395137473069e-06,
      5.280395137473069e-06,
      5.280395137473069e-06,
      5.280395137473069e-06
    ]
  ],
  [
    [
      0.9999730603109858,
      5.387937802847179e-06,
      5.387937802847179e-06,
      5.387937802847179e-06,
      5.387937802847179e-06,
      5.387937802847179e-06
    ],
    [
      0.8152796840685443,
      0.12797577102672222,
      0.020430499354365243,
      0.009287110032161119,
      0.027022703235284034,
      4.232282923034667e-06
    ],
    [
      0.8052540972615716,
      0.14700879840093733,
      0.008605198491482991,
      0.011247794632528467,
      0.027879305182487397,
      4.806030992171456e-06
    ],
    [
      0.7934503821127636,
      0.15567055726254808,
      0.008928767599134177,
      0.011888211027793763,
      0.030057270807316152,
      4.81119044407769e-06
    ],
    [
      0.7939613431636153,
      0.15538565515561917,
      0.008883165603568988,
      0.011826624528079418,
      0.029938587709989733,
      4.623839127389081e-06
    ],
    [
      0.793262208858973,
      0.15574257332353342,
      0.008932400066461527,
      0.011890590977920407,
      0.030167873398048675,
      4.3533750628518535e-06
    ],
    [
      0.789839791029858,
      0.1582084740660488,
      0.009061113756685803,
      0.011618554417099754,
      0.0312676506241798,
      4.416106127862466e-06
    ],
    [
      0.06513286995433455,
      0.15546885029434962,
      0.0081610945036404,
      0.008935939993030977,
      0.7622874906009867,
      1.37546536578209e-05
    ],
    [
      0.7895943130478077,
      0.1580497749673897,
      0.009052350022106675,
      0.011608949787610992,
      0.03168990027258356,
      4.711902501313443e-06
    ],
    [
      0.06878922858878317,
      0.15627151245191337,
      0.009009921036647096,
      0.009865357359789434,
      0.7560487953026929,
      1.5185260174124321e-05
    ],
    [
      0.8144822499991384,
      0.12846919477193558,
      0.020509503848523524,
      0.009320047589125264,
      0.0272151746051439,
      3.8291861332916725e-06
    ],
    [
      0.9999716263385804,
      5.674732283935656e-06,
      5.674732283935656e-06,
      5.674732283935656e-06,
      5.674732283935656e-06,
      5.674732283935656e-06
    ],
    [
      0.9999715131800264,
      5.697363994711541e-06,
      5.697363994711541e-06,
      5.697363994711541e-06,
      5.697363994711541e-06,
      5.697363994711541e-06
    ],
    [
      0.9999715860281595,
      5.682794368101564e-06,
      5.682794368101564e-06,
      5.682794368101564e-06,
      5.682794368101564e-06,
      5.682794368101564e-06
    ],
    [
      0.9999644910995031,
      7.101780099383448e-06,
      7.101780099383448e-06,
      7.101780099383448e-06,
      7.101780099383448e-06,
      7.101780099383448e-06
    ],
    [
      0.060090012351318896,
      0.13970949021200282,
      0.020743447879126277,
      0.008244082364685382,
      0.7712002774816845,
      1.2689711182173499e-05
    ],
    [
      0.06978376289184077,
      0.15700583819849875,
      0.00905225899631807,
      0.00991171504709209,
      0.7542311682499644,
      1.5256616285929335e-05
    ],
    [
      0.7941278420655937,
      0.15511210173910744,
      0.008896394732116187,
      0.011843423452714755,
      0.03001575958372128,
      4.478426746597628e-06
    ],
    [
      0.061662796928022866,
      0.15042418288980178,
      0.007947847829969639,
      0.008702446865511701,
      0.7712493302375424,
      1.3395249151634225e-05
    ],
    [
      0.7940657685046612,
      0.15530690197268543,
      0.008878663401836738,
      0.011820630510652162,
      0.029923414114509883,
      4.621495654638711e-06
    ],
    [
      0.78989210326966,
      0.15831860359837754,
      0.0090380288771051,
      0.01158974218982818,
      0.031156972339946357,
      4.549725082861869e-06
    ],
    [
      0.07156410694294225,
      0.1673165594580748,
      0.008443862545302746,
      0.00924555511280621,
      0.743415684711865,
      1.4231229008937214e-05
    ],
    [
      0.06779644480867919,
      0.1689837850494644,
      0.008683096255536692,
      0.009507502585416302,
      0.7450145368690121,
      1.463443189135398e-05
    ],
    [
      0.7849491996253302,
      0.16214187857174042,
      0.009496082361440979,
      0.012642632771740606,
      0.030765263796999513,
      4.9428727482125345e-06
    ],
    [
      0.7838208929798454,
      0.16327180791686904,
      0.009440521927284968,
      0.01310755905137783,
      0.030354304172027658,
      4.913952595099316e-06
    ],
    [
      0.0713333270287395,
      0.166776997058907,
      0.008416632779474765,
      0.009215740048986697,
      0.7442431177477469,
      1.418533614518219e-05
    ],
    [
      0.788829709034264,
      0.15955022615375952,
      0.009014088472101446,
      0.011559882262413432,
      0.03104140209074928,
      4.691986712293631e-06
    ],
    [
      0.0613914203156257,
      0.14976216937097137,
      0.007912869526561459,
      0.00866414758835297,
      0.7722560569015336,
      1.3336296954878866e-05
    ],
    [
      0.06657071222954777,
      0.15559940570155076,
      0.008264462809917356,
      0.009049122481196027,
      0.7605023679078837,
      1.3928869904355097e-05
    ],
    [
      0.7874487661710098,
      0.1608190912896494,
      0.008919348261589854,
      0.011874796399452475,
      0.03093335520548084,
      4.642672817692299e-06
    ],
    [
      0.7871497565080753,
      0.16109710325743645,
      0.009043336056215358,
      0.011598291682551047,
      0.03110663957103969,
      4.872924682289373e-06
    ],
    [
      0.7876361020391672,
      0.16006203875931896,
      0.00904300428261997,
      0.011596964588169487,
      0.03165718329283974,
      4.7070378845944145e-06
    ],
    [
      0.0777214853608091,
      0.16731655945807483,
      0.008443862545302746,
      0.009245555112806211,
      0.7372583062939981,
      1.4231229008937215e-05
    ],
    [
      0.783515321979598,
      0.16417265727966857,
      0.009430357947819287,
      0.012555130410879557,
      0.030321623719964105,
      4.908662070522749e-06
    ],
    [
      0.7853436457688558,
      0.16106942688588777,
      0.009760628771796719,
      0.011800902479235272,
      0.03202031552055981,
      5.080573664507706e-06
    ],
    [
      0.7844330905629469,
      0.16251778717375426,
      0.009859872047461981,
      0.011921900250149426,
      0.03126203705753437,
      5.312908153100304e-06
    ],
    [
      0.7829955739735759,
      0.16341749868116773,
      0.009760628771796719,
      0.011800902479235272,
      0.03202031552055981,
      5.080573664507706e-06
    ],
    [
      0.7761957054106824,
      0.17067881094813298,
      0.009458343958220539,
      0.010973632668330067,
      0.03268841046647517,
      5.0965481588974626e-06
    ],
    [
      0.7809352675402382,
      0.15289715803534948,
      0.02237242153447576,
      0.012265092318031176,
      0.031525727714271735,
      4.332857633708017e-06
    ],
    [
      0.9999646592575646,
      7.068148487085849e-06,
      7.068148487085849e-06,
      7.068148487085849e-06,
      7.068148487085849e-06,
      7.068148487085849e-06
    ]
  ],
  [
    [
      0.9999735980243126,
      5.280395137473069e-06,
      5.280395137473069e-06,
      5.280395137473069e-06,
      5.280395137473069e-06,
      5.280395137473069e-06
    ],
    [
      0.8148310126797759,
      0.12752575191991403,
      0.0215787785769918,
      0.009223279138748703,
      0.02683697449039423,
      4.203194175381641e-06
    ],
    [
      0.8028865982351329,
      0.14942314608047097,
      0.008596753447223712,
      0.011236756174370297,
      0.02785194474839432,
      4.801314407832289e-06
    ],
    [
      0.7900645346669588,
      0.1581369984424062,
      0.00905771899267845,
      0.011617707094462826,
      0.03111798203834847,
      5.0587651453105e-06
    ],
    [
      0.7980900160511979,
      0.15387300995051084,
      0.009024037572413142,
      0.010469747552245005,
      0.028538326347774663,
      4.862525858507307e-06
    ],
    [
      0.06853995663620878,
      0.18443646430230762,
      0.008614681740746477,
      0.009432592535233082,
      0.7289617856589747,
      1.4519126529347998e-05
    ],
    [
      0.07150507813247137,
      0.18159344337547578,
      0.008511370808867129,
      0.009319472868810132,
      0.7290562898073943,
      1.4345006981236734e-05
    ],
    [
      0.7836413534960183,
      0.1624071328712679,
      0.009322496429856955,
      0.011422345927737396,
      0.03320197834965767,
      4.692925461795598e-06
    ],
    [
      0.7854173377803848,
      0.1609041150231473,
      0.009314706733269283,
      0.01141280163777537,
      0.03294634982127861,
      4.689004144610764e-06
    ],
    [
      0.7815901975166218,
      0.16475464120147834,
      0.009430759991549582,
      0.01132427049878822,
      0.03289538336644662,
      4.747425115303088e-06
    ],
    [
      0.06857540771839174,
      0.1557857661876312,
      0.008981915065396416,
      0.00983469239463911,
      0.7568070805748426,
      1.5138059098982726e-05
    ],
    [
      0.8149231086833284,
      0.12844732953000124,
      0.020368252553486413,
      0.009256777347782064,
      0.027000599663795057,
      3.93222160690236e-06
    ],
    [
      0.8158446842492825,
      0.12786277318860734,
      0.01998037713167516,
      0.009277890684441025,
      0.027030195147589677,
      4.079598404333078e-06
    ],
    [
      0.7823951665760226,
      0.15155489548034415,
      0.0221959586662762,
      0.012431842586007337,
      0.03141795311606632,
      4.183575283437226e-06
    ],
    [
      0.06750759252286284,
      0.15297581567728627,
      0.022436482885800472,
      0.010303256605506112,
      0.7467633883992264,
      1.3463909317877965e-05
    ],
    [
      0.9999223358479722,
      1.5532830405566396e-05,
      1.5532830405566396e-05,
      1.5532830405566396e-05,
      1.5532830405566396e-05,
      1.5532830405566396e-05
    ],
    [
      0.7828589312816266,
      0.1513750248562421,
      0.021867368317039483,
      0.012275819153536245,
      0.031618773230633675,
      4.083160921863408e-06
    ],
    [
      0.06974029407776056,
      0.15854827521276293,
      0.009383960654343017,
      0.01006251908598033,
      0.7522503163516483,
      1.463461750475869e-05
    ],
    [
      0.7933675759664751,
      0.15566319671621137,
      0.008927847530842085,
      0.011884530754625389,
      0.03015249787554794,
      4.351156298030421e-06
    ],
    [
      0.06453493929834625,
      0.1718525953541727,
      0.008507790842175702,
      0.009315553006404744,
      0.7457747825255712,
      1.4338973329509612e-05
    ],
    [
      0.7925057987406171,
      0.1576749453499985,
      0.00908999754715524,
      0.010766009685266496,
      0.029958818493770203,
      4.430183192505194e-06
    ],
    [
      0.07301457437497623,
      0.18064328931846724,
      0.008466836637619393,
      0.009898588226340425,
      0.7279624414932075,
      1.426994938924617e-05
    ],
    [
      0.7816324202415897,
      0.16239860020875962,
      0.009684749578653671,
      0.012103133685621279,
      0.03417622100242643,
      4.875282949234167e-06
    ],
    [
      0.4130236185383244,
      0.39906045751633984,
      0.003316250742721331,
      0.02687537136066548,
      0.15765002970885322,
      7.427213309566251e-05
    ],
    [
      0.7817521208297148,
      0.16222235511521096,
      0.009706902963573703,
      0.012132713370105946,
      0.034180677239330645,
      5.230482063892432e-06
    ],
    [
      0.7843799928739446,
      0.16187753825418089,
      0.009292086047925141,
      0.011385969409553106,
      0.03305957672520673,
      4.836689189515992e-06
    ],
    [
      0.7928513152835668,
      0.15741238715947345,
      0.009074861005946611,
      0.01074808227127016,
      0.02990893147363182,
      4.422806111256573e-06
    ],
    [
      0.7826557513929617,
      0.16403050442391437,
      0.009365273192725168,
      0.01147392405479282,
      0.03246998259159193,
      4.564344013999756e-06
    ],
    [
      0.07139992360580596,
      0.1751289152024446,
      0.008498854087089381,
      0.009305767761650116,
      0.7356522154316272,
      1.4323911382734916e-05
    ],
    [
      0.781241243763137,
      0.16492450357436148,
      0.009307955487833927,
      0.011405414877063444,
      0.03311603734810074,
      4.8449495035138e-06
    ],
    [
      0.7852810046812536,
      0.16119061504118545,
      0.00930053153769735,
      0.011397264750008228,
      0.03282557247757641,
      5.011512278956812e-06
    ],
    [
      0.06864227689563583,
      0.17842048120359064,
      0.008627542216793656,
      0.00944667403400609,
      0.7348484848484849,
      1.4540801488978076e-05
    ],
    [
      0.7844231448683773,
      0.16214271783383552,
      0.009386421855731663,
      0.011499834473870124,
      0.032543306316968126,
      4.574651217154576e-06
    ],
    [
      0.07782630349002032,
      0.17564551967206835,
      0.008523924453127994,
      0.009333218404014866,
      0.7286566678159598,
      1.4366164808642688e-05
    ],
    [
      0.784563097942777,
      0.16016564285843163,
      0.009687044814956232,
      0.01186900716202503,
      0.03371033078344371,
      4.876438366451665e-06
    ],
    [
      0.7804054886833943,
      0.16380454194245941,
      0.009798063167629587,
      0.012245666437447351,
      0.03374113971016365,
      5.100058905680361e-06
    ],
    [
      0.3764962367841363,
      0.42487328945491937,
      0.0031047726730168224,
      0.044771689634864935,
      0.15068437377146782,
      6.963768159471627e-05
    ],
    [
      0.7809114615206485,
      0.165953795218643,
      0.009557117919986625,
      0.011088230866323772,
      0.03248424470273029,
      5.149771667707208e-06
    ],
    [
      0.7824308142478812,
      0.15331373858949462,
      0.020727155613794734,
      0.012389452083443437,
      0.031134322465884226,
      4.516999501774955e-06
    ],
    [
      0.9999636098363578,
      7.278032728441304e-06,
      7.278032728441304e-06,
      7.278032728441304e-06,
      7.278032728441304e-06,
      7.278032728441304e-06
    ]
  ],
  [
    [
      0.9999735980243126,
      5.280395137473069e-06,
      5.280395137473069e-06,
      5.280395137473069e-06,
      5.280395137473069e-06,
      5.280395137473069e-06
    ],
    [
      0.8155842633224517,
      0.12757818514427155,
      0.02072825358936111,
      0.009226057301853056,
      0.02687918383541049,
      4.056806652189278e-06
    ],
    [
      0.7964843544108088,
      0.15395262819773417,
      0.008805346610739818,
      0.011723020019234719,
      0.029030067428467546,
      4.583333015046319e-06
    ],
    [
      0.7852655676305923,
      0.1628702575269439,
      0.0089421124858328,
      0.011905103605780606,
      0.03101230422886596,
      4.654521984470965e-06
    ],
    [
      0.7895740630586486,
      0.16098848692439585,
      0.00915439211484962,
      0.01084398777931935,
      0.029434305105636462,
      4.765017150090893e-06
    ],
    [
      0.785525673744737,
      0.15997897718271997,
      0.006107107227494115,
      0.01161685491660013,
      0.036768208075029424,
      3.1788534193601714e-06
    ],
    [
      0.77889070889868,
      0.16927784541985288,
      0.006731311078603985,
      0.012090607289577185,
      0.03300602355112135,
      3.503762164624266e-06
    ],
    [
      0.7722990451771169,
      0.1735832698125839,
      0.007200226463704734,
      0.013460780785091093,
      0.033453053182362365,
      3.624579141054485e-06
    ],
    [
      0.07704265638602163,
      0.17377951885475826,
      0.0061490417167571745,
      0.016156779836670396,
      0.7268616396523373,
      1.0363553455208723e-05
    ],
    [
      0.7854173377803848,
      0.1609041150231473,
      0.009314706733269283,
      0.01141280163777537,
      0.03294634982127861,
      4.689004144610764e-06
    ],
    [
      0.7895943130478077,
      0.1580497749673897,
      0.009052350022106675,
      0.011608949787610992,
      0.03168990027258356,
      4.711902501313443e-06
    ],
    [
      0.06363273525516591,
      0.15099961901997425,
      0.00807314816494621,
      0.008839643692966385,
      0.7684412474374558,
      1.3606429491482379e-05
    ],
    [
      0.7966156581711525,
      0.15337548130207537,
      0.008801245816938199,
      0.011718422102216491,
      0.02948445013120062,
      4.7424764168504e-06
    ],
    [
      0.7823550266421807,
      0.16623380189329887,
      0.009309015378005625,
      0.011406713603421572,
      0.03069059698189883,
      4.845501194416046e-06
    ],
    [
      0.06786770099899345,
      0.1603856080601882,
      0.009376500378978976,
      0.010054519354736507,
      0.7523010482241606,
      1.4622982942290399e-05
    ],
    [
      0.7872744685761366,
      0.15410521504652896,
      0.015085168393538946,
      0.012606305445530042,
      0.030924332097723207,
      4.510440542245163e-06
    ],
    [
      0.999891680562069,
      2.1663887586190742e-05,
      2.1663887586190742e-05,
      2.1663887586190742e-05,
      2.1663887586190742e-05,
      2.1663887586190742e-05
    ],
    [
      0.7833988484207324,
      0.15085926770327032,
      0.02187131280457155,
      0.012276805275419262,
      0.03158955936984933,
      4.206426157240418e-06
    ],
    [
      0.06750332229022779,
      0.1557873359911655,
      0.008329121979523462,
      0.009119920639377095,
      0.7592462612536732,
      1.4037846032904715e-05
    ],
    [
      0.779297193077335,
      0.1670179884193279,
      0.00943045736684104,
      0.01132305999995404,
      0.032926705023781054,
      4.59611276103048e-06
    ],
    [
      0.07161054284948092,
      0.18186128031260776,
      0.008523924453127994,
      0.009333218404014866,
      0.7286566678159598,
      1.4366164808642688e-05
    ],
    [
      0.7795314568137396,
      0.16310229788226419,
      0.007330212319701316,
      0.012269111226977542,
      0.037763231743564704,
      3.690013752681257e-06
    ],
    [
      0.7764126550850601,
      0.1691166121796424,
      0.007040339787599872,
      0.012359194784925998,
      0.035067404535584795,
      3.7936271868521996e-06
    ],
    [
      0.7649216243233145,
      0.17816854803956547,
      0.0075424820136763045,
      0.013794885771732185,
      0.03556824735128505,
      4.21250042651567e-06
    ],
