[
  [
    [
      0.9999729378311886,
      5.412433762284684e-06,
      5.412433762284684e-06,
      5.412433762284684e-06,
      5.412433762284684e-06,
      5.412433762284684e-06
    ],
    [
      0.9999734013926933,
      5.3197214613451455e-06,
      5.3197214613451455e-06,
      5.3197214613451455e-06,
      5.3197214613451455e-06,
      5.3197214613451455e-06
    ],
    [
      0.9999734013926933,
      5.3197214613451455e-06,
      5.3197214613451455e-06,
      5.3197214613451455e-06,
      5.3197214613451455e-06,
      5.3197214613451455e-06
    ],
    [
      0.9999722221862419,
      5.55556275161404e-06,
      5.55556275161404e-06,
      5.55556275161404e-06,
      5.55556275161404e-06,
      5.55556275161404e-06
    ],
    [
      0.9999722221862419,
      5.55556275161404e-06,
      5.55556275161404e-06,
      5.55556275161404e-06,
      5.55556275161404e-06,
      5.55556275161404e-06
    ],
    [
      0.9999720263705824,
      5.594725883526293e-06,
      5.594725883526293e-06,
      5.594725883526293e-06,
      5.594725883526293e-06,
      5.594725883526293e-06
    ],
    [
      0.999964448177695,
      7.110364461004297e-06,
      7.110364461004297e-06,
      7.110364461004297e-06,
      7.110364461004297e-06,
      7.110364461004297e-06
    ],
    [
      0.999973201810226,
      5.359637954819758e-06,
      5.359637954819758e-06,
      5.359637954819758e-06,
      5.359637954819758e-06,
      5.359637954819758e-06
    ],
    [
      0.9999729378311886,
      5.412433762284684e-06,
      5.412433762284684e-06,
      5.412433762284684e-06,
      5.412433762284684e-06,
      5.412433762284684e-06
    ],
    [
      0.9999735980243126,
      5.280395137473069e-06,
      5.280395137473069e-06,
      5.280395137473069e-06,
      5.280395137473069e-06,
      5.280395137473069e-06
    ],
    [
      0.9999729378311886,
      5.412433762284684e-06,
      5.412433762284684e-06,
      5.412433762284684e-06,
      5.412433762284684e-06,
      5.412433762284684e-06
    ],
    [
      0.999973201810226,
      5.359637954819758e-06,
      5.359637954819758e-06,
      5.359637954819758e-06,
      5.359637954819758e-06,
      5.359637954819758e-06
    ],
    [
      0.9999647290616289,
      7.054187674223438e-06,
      7.054187674223438e-06,
      7.054187674223438e-06,
      7.054187674223438e-06,
      7.054187674223438e-06
    ],
    [
      0.9999637286292583,
      7.254274148338592e-06,
      7.254274148338592e-06,
      7.254274148338592e-06,
      7.254274148338592e-06,
      7.254274148338592e-06
    ],
    [
      0.9999647713082954,
      7.0457383409281735e-06,
      7.0457383409281735e-06,
      7.0457383409281735e-06,
      7.0457383409281735e-06,
      7.0457383409281735e-06
    ],
    [
      0.9999730603109858,
      5.387937802847179e-06,
      5.387937802847179e-06,
      5.387937802847179e-06,
      5.387937802847179e-06,
      5.387937802847179e-06
    ],
    [
      0.9999735980243126,
      5.280395137473069e-06,
      5.280395137473069e-06,
      5.280395137473069e-06,
      5.280395137473069e-06,
      5.280395137473069e-06
    ],
    [
      0.999973201810226,
      5.359637954819758e-06,
      5.359637954819758e-06,
      5.359637954819758e-06,
      5.359637954819758e-06,
      5.359637954819758e-06
    ],
    [
      0.9999734013926933,
      5.3197214613451455e-06,
      5.3197214613451455e-06,
      5.3197214613451455e-06,
      5.3197214613451455e-06,
      5.3197214613451455e-06
    ],
    [
      0.9999643772563016,
      7.124548739688922e-06,
      7.124548739688922e-06,
      7.124548739688922e-06,
      7.124548739688922e-06,
      7.124548739688922e-06
    ],
    [
      0.9999635355272626,
      7.292894547497797e-06,
      7.292894547497797e-06,
      7.292894547497797e-06,
      7.292894547497797e-06,
      7.292894547497797e-06
    ],
    [
      0.9999646941940996,
      7.061161180086155e-06,
      7.061161180086155e-06,
      7.061161180086155e-06,
      7.061161180086155e-06,
      7.061161180086155e-06
    ],
    [
      0.9999721789089331,
      5.56421821337951e-06,
      5.56421821337951e-06,
      5.56421821337951e-06,
      5.56421821337951e-06,
      5.56421821337951e-06
    ],
    [
      0.9999729378311886,
      5.412433762284684e-06,
      5.412433762284684e-06,
      5.412433762284684e-06,
      5.412433762284684e-06,
      5.412433762284684e-06
    ],
    [
      0.999973201810226,
      5.359637954819758e-06,
      5.359637954819758e-06,
      5.359637954819758e-06,
      5.359637954819758e-06,
      5.359637954819758e-06
    ],
    [
      0.9999732662875848,
      5.346742483043713e-06,
      5.346742483043713e-06,
      5.346742483043713e-06,
      5.346742483043713e-06,
      5.346742483043713e-06
    ],
    [
      0.9999732662875848,
      5.346742483043713e-06,
      5.346742483043713e-06,
      5.346742483043713e-06,
      5.346742483043713e-06,
      5.346742483043713e-06
    ],
    [
      0.9999736606113835,
      5.267877723311329e-06,
      5.267877723311329e-06,
      5.267877723311329e-06,
      5.267877723311329e-06,
      5.267877723311329e-06
    ],
    [
      0.9999730603109858,
      5.387937802847179e-06,
      5.387937802847179e-06,
      5.387937802847179e-06,
      5.387937802847179e-06,
      5.387937802847179e-06
    ],
    [
      0.9999730603109858,
      5.387937802847179e-06,
      5.387937802847179e-06,
      5.387937802847179e-06,
      5.387937802847179e-06,
      5.387937802847179e-06
    ],
    [
      0.9999647985904867,
      7.040281902673587e-06,
      7.040281902673587e-06,
      7.040281902673587e-06,
      7.040281902673587e-06,
      7.040281902673587e-06
    ],
    [
      0.9999730603109858,
      5.387937802847179e-06,
      5.387937802847179e-06,
      5.387937802847179e-06,
      5.387937802847179e-06,
      5.387937802847179e-06
    ],
    [
      0.9999730603109858,
      5.387937802847179e-06,
      5.387937802847179e-06,
      5.387937802847179e-06,
      5.387937802847179e-06,
      5.387937802847179e-06
    ],
    [
      0.9999730603109858,
      5.387937802847179e-06,
      5.387937802847179e-06,
      5.387937802847179e-06,
      5.387937802847179e-06,
      5.387937802847179e-06
    ],
    [
      0.9999735980243126,
      5.280395137473069e-06,
      5.280395137473069e-06,
      5.280395137473069e-06,
      5.280395137473069e-06,
      5.280395137473069e-06
    ],
    [
      0.999973201810226,
      5.359637954819758e-06,
      5.359637954819758e-06,
      5.359637954819758e-06,
      5.359637954819758e-06,
      5.359637954819758e-06
    ],
    [
      0.999973201810226,
      5.359637954819758e-06,
      5.359637954819758e-06,
      5.359637954819758e-06,
      5.359637954819758e-06,
      5.359637954819758e-06
    ],
    [
      0.9999716488624965,
      5.670227500707882e-06,
      5.670227500707882e-06,
      5.670227500707882e-06,
      5.670227500707882e-06,
      5.670227500707882e-06
    ],
    [
      0.999973201810226,
      5.359637954819758e-06,
      5.359637954819758e-06,
      5.359637954819758e-06,
      5.359637954819758e-06,
      5.359637954819758e-06
    ],
    [
      0.999973201810226,
      5.359637954819758e-06,
      5.359637954819758e-06,
      5.359637954819758e-06,
      5.359637954819758e-06,
      5.359637954819758e-06
    ]
  ],
  [
    [
      0.999973201810226,
      5.359637954819758e-06,
      5.359637954819758e-06,
      5.359637954819758e-06,
      5.359637954819758e-06,
      5.359637954819758e-06
    ],
    [
      0.8153408660643203,
      0.12819295451058432,
      0.020032042312182734,
      0.009300896802814667,
      0.02712928934682017,
      3.950963277771816e-06
    ],
    [
      0.05597893531040189,
      0.1391597988990359,
      0.01793044197664429,
      0.007752092150062051,
      0.7791667992490534,
      1.1932414802558313e-05
    ],
    [
      0.8154672690735367,
      0.1282372968370357,
      0.01997146839300615,
      0.009272772273002706,
      0.027047254407266703,
      3.939016151935731e-06
    ],
    [
      0.8140787658799794,
      0.12962580003059304,
      0.01997146839300615,
      0.009272772273002706,
      0.027047254407266703,
      3.939016151935731e-06
    ],
    [
      0.058198337912782575,
      0.13919137602616188,
      0.026136574347217778,
      0.008213509094280468,
      0.7682475599683091,
      1.2642651248251104e-05
    ],
    [
      0.06558042738947262,
      0.13970949021200277,
      0.02074344787912627,
      0.00824408236468538,
      0.7657098624435307,
      1.2689711182173495e-05
    ],
    [
      0.9999646941940996,
      7.061161180086155e-06,
      7.061161180086155e-06,
      7.061161180086155e-06,
      7.061161180086155e-06,
      7.061161180086155e-06
    ],
    [
      0.814272536677025,
      0.12834123598380937,
      0.02035127481619856,
      0.009251096864277195,
      0.027779639787536954,
      4.2158711528594785e-06
    ],
    [
      0.8142029206573812,
      0.128959527809342,
      0.02072825358936111,
      0.009226057301853056,
      0.02687918383541049,
      4.056806652189278e-06
    ],
    [
      0.8155842633224517,
      0.12757818514427155,
      0.02072825358936111,
      0.009226057301853056,
      0.02687918383541049,
      4.056806652189278e-06
    ],
    [
      0.7839927819893716,
      0.14977861458102468,
      0.022255998870175788,
      0.012465470796211455,
      0.03150293887133638,
      4.1948918801575325e-06
    ],
    [
      0.06899321206026542,
      0.15448825578680844,
      0.023907958769551242,
      0.010306489845026669,
      0.7422906154039542,
      1.3468134394023742e-05
    ],
    [
      0.7849830467400837,
      0.15084221628229472,
      0.020687753894764252,
      0.012367462090728268,
      0.031115151970588912,
      4.369021540149998e-06
    ],
    [
      0.7834397274030668,
      0.15014929921594522,
      0.022811013301040864,
      0.01222039255312798,
      0.03137511216376489,
      4.4553630541691954e-06
    ],
    [
      0.7842597486001752,
      0.14963306864325712,
      0.022241548091310275,
      0.012454704994324885,
      0.031406469854989086,
      4.459815943396017e-06
    ],
    [
      0.8148310126797759,
      0.12752575191991403,
      0.0215787785769918,
      0.009223279138748703,
      0.02683697449039423,
      4.203194175381641e-06
    ],
    [
      0.8155842633224517,
      0.12757818514427155,
      0.02072825358936111,
      0.009226057301853056,
      0.02687918383541049,
      4.056806652189278e-06
    ],
    [
      0.06614408803711397,
      0.15418504693527493,
      0.02261383704014649,
      0.010384700982130582,
      0.7466587566675592,
      1.3570337774754107e-05
    ],
    [
      0.7831535212044789,
      0.15101194137831667,
      0.021890142589417277,
      0.012288604087004683,
      0.0316517033273589,
      4.087413423474424e-06
    ],
    [
      0.06814139221139329,
      0.15522136430022251,
      0.019663337506595987,
      0.010497554114474212,
      0.7464626340572984,
      1.3717810015647451e-05
    ],
    [
      0.7832663823035212,
      0.15093334488107527,
      0.021878749526617475,
      0.01228220829321242,
      0.031635229709507565,
      4.085286066028844e-06
    ],
    [
      0.7844609341715622,
      0.1494731477510021,
      0.02221408159450916,
      0.012440700075438293,
      0.03140681989240079,
      4.316515087443243e-06
    ],
    [
      0.8154056249429562,
      0.1272423805402293,
      0.020604287589803094,
      0.009170880563954077,
      0.027572793818270144,
      4.032544787122634e-06
    ],
    [
      0.8154056249429562,
      0.1272423805402293,
      0.020604287589803094,
      0.009170880563954077,
      0.027572793818270144,
      4.032544787122634e-06
    ],
    [
      0.05569141400951273,
      0.13330879967077408,
      0.024193356917305734,
      0.007712275536772796,
      0.7790822827385898,
      1.1871127044801637e-05
    ],
    [
      0.8144592160583505,
      0.12740219905109848,
      0.022079097455110566,
      0.009213330535297253,
      0.026842105689601114,
      4.051210542222123e-06
    ],
    [
      0.9999730035835308,
      5.3992832938483894e-06,
      5.3992832938483894e-06,
      5.3992832938483894e-06,
      5.3992832938483894e-06,
      5.3992832938483894e-06
    ],
    [
      0.9999730603109858,
      5.387937802847179e-06,
      5.387937802847179e-06,
      5.387937802847179e-06,
      5.387937802847179e-06,
      5.387937802847179e-06
    ],
    [
      0.8051513844972455,
      0.13456929275072754,
      0.021703172818364234,
      0.010062551787421934,
      0.02850910222247,
      4.495923770713284e-06
    ],
    [
      0.8027422105275045,
      0.1358018724096263,
      0.020948853177336843,
      0.009912477837129724,
      0.030590068775480244,
      4.517272922336786e-06
    ],
    [
      0.802846095667965,
      0.1369022662081133,
      0.021693205150501587,
      0.010057930335300296,
      0.028496008779202782,
      4.493858917096842e-06
    ],
    [
      0.8133184850351329,
      0.13015701168934593,
      0.02035127481619856,
      0.009251096864277195,
      0.026917915723892478,
      4.2158711528594785e-06
    ],
    [
      0.8147033987088472,
      0.12877209801563158,
      0.02035127481619856,
      0.009251096864277195,
      0.026917915723892478,
      4.2158711528594785e-06
    ],
    [
      0.8134502633931631,
      0.12752575191991403,
      0.02295952786360467,
      0.009223279138748703,
      0.02683697449039423,
      4.203194175381641e-06
    ],
    [
      0.815346197825588,
      0.12817318387720714,
      0.01989440040512116,
      0.009237967380435438,
      0.027344188467993472,
      4.0620436547831595e-06
    ],
    [
      0.05591044159476252,
      0.13383308703182853,
      0.02035562759212471,
      0.0077426069822504025,
      0.7821463189842843,
      1.1917814749487537e-05
    ],
    [
      0.8145372765348996,
      0.12875081760565385,
      0.020119216659380695,
      0.009341371937326932,
      0.02724734910587506,
      3.968156863886269e-06
    ],
    [
      0.05591044159476252,
      0.13383308703182853,
      0.02035562759212471,
      0.0077426069822504025,
      0.7821463189842843,
      1.1917814749487537e-05
    ],
    [
      0.999973201810226,
      5.359637954819758e-06,
      5.359637954819758e-06,
      5.359637954819758e-06,
      5.359637954819758e-06,
      5.359637954819758e-06
    ]
  ],
  [
    [
      0.9999734013926933,
      5.3197214613451455e-06,
      5.3197214613451455e-06,
      5.3197214613451455e-06,
      5.3197214613451455e-06,
      5.3197214613451455e-06
    ],
    [
      0.05685573775676402,
      0.13439886778728316,
      0.017821281171429025,
      0.00770489729439112,
      0.783207356220054,
      1.1859770078590745e-05
    ],
    [
      0.8055371204800106,
      0.1468432466604483,
      0.008566380718161546,
      0.011194510961646848,
      0.027854428881359614,
      4.312298373099193e-06
    ],
    [
      0.06381101388105591,
      0.1528235122891917,
      0.008095766550839595,
      0.008864409554823805,
      0.7663916531737224,
      1.3644550366583589e-05
    ],
    [
      0.7878407478494784,
      0.15889645699996383,
      0.010144964357507405,
      0.011605078564383992,
      0.031508132832282806,
      4.619396383474572e-06
    ],
    [
      0.7833988484207324,
      0.15085926770327032,
      0.02187131280457155,
      0.012276805275419262,
      0.03158955936984933,
      4.206426157240418e-06
    ],
    [
      0.9999223358479722,
      1.5532830405566396e-05,
      1.5532830405566396e-05,
      1.5532830405566396e-05,
      1.5532830405566396e-05,
      1.5532830405566396e-05
    ],
    [
      0.7807365084515128,
      0.15046790466953686,
      0.02503882598337598,
      0.012244956468048717,
      0.03150760891378849,
      4.195513737160855e-06
    ],
    [
      0.7877591451073455,
      0.15946856041248172,
      0.010107908345266226,
      0.011558592821036972,
      0.03110104967287852,
      4.743640991130025e-06
    ],
    [
      0.7969435564006703,
      0.1536297842306153,
      0.008787056362160246,
      0.011699529547236564,
      0.028935338628767827,
      4.734830549884283e-06
    ],
    [
      0.06709580197761923,
      0.15484684148349348,
      0.008278838730081952,
      0.009064863306140295,
      0.7606997014036817,
      1.395309898328419e-05
    ],
    [
      0.7840630658132124,
      0.16452576272226718,
      0.009309015378005625,
      0.011406713603421572,
      0.03069059698189883,
      4.845501194416046e-06
    ],
    [
      0.7748510485449802,
      0.17038313237973654,
      0.009441958622598428,
      0.010954622294520596,
      0.03436415043910408,
      5.0877190602236714e-06
    ],
    [
      0.7793223618506878,
      0.16784347501631353,
      0.009503053864179812,
      0.011025505394337904,
      0.032300483234769556,
      5.120639711277852e-06
    ],
    [
      0.7805237317601624,
      0.16702426142927876,
      0.009441239947755486,
      0.010954843928209666,
      0.03205064997176328,
      5.272962830357713e-06
    ],
    [
      0.7840774017437654,
      0.1644440366436792,
      0.009334524760341746,
      0.011439941026448429,
      0.030698882463709786,
      5.213362055482685e-06
    ],
    [
      0.7972728996645595,
      0.15328474325139568,
      0.008796226244539511,
      0.011712662832124474,
      0.02892855528677515,
      4.9127206057188e-06
    ],
    [
      0.795199610129911,
      0.15531731856016523,
      0.008791143420637184,
      0.011704110566913208,
      0.028983241382360976,
      4.575940012477064e-06
    ],
    [
      0.7840630658132124,
      0.16452576272226718,
      0.009309015378005625,
      0.011406713603421572,
      0.03069059698189883,
      4.845501194416046e-06
    ],
    [
      0.7799271279081206,
      0.16736941124391327,
      0.009461382863607301,
      0.010974389479120555,
      0.032263077320348235,
      4.6111848900693525e-06
    ],
    [
      0.07557133392007753,
      0.1645372467193418,
      0.00880116294018176,
      0.017795160349277615,
      0.7332802626504357,
      1.4833420685699597e-05
    ],
    [
      0.7776727537722907,
      0.16965353985672915,
      0.009461686480719402,
      0.010975603947568968,
      0.032231652949245536,
      4.762993446121018e-06
    ],
    [
      0.0662054252360207,
      0.16023985883619615,
      0.008872583716316582,
      0.009714980709607315,
      0.754952197709079,
      1.4953792780308849e-05
    ],
    [
      0.796717784378448,
      0.15380060031723877,
      0.008796826411556859,
      0.01171253788323471,
      0.028967510914463885,
      4.740095057866292e-06
    ],
    [
      0.8060525594119339,
      0.1463565808512868,
      0.008566674321455034,
      0.011195685374820801,
      0.027824040940483654,
      4.459100019842996e-06
    ],
    [
      0.8053113156873862,
      0.14691593805019246,
      0.008599415117424129,
      0.01123847393393214,
      0.02793038106890275,
      4.4761421622750744e-06
    ],
    [
      0.7927177495954258,
      0.15492676737963812,
      0.009828296832128564,
      0.011401830431824345,
      0.03112023996493975,
      5.115796043443341e-06
    ],
    [
      0.813707486648075,
      0.12734991361753642,
      0.022927870223150505,
      0.009210561662304172,
      0.026799970450313716,
      4.197398620231127e-06
    ],
    [
      0.7842597486001752,
      0.14963306864325712,
      0.022241548091310275,
      0.012454704994324885,
      0.031406469854989086,
      4.459815943396017e-06
    ],
    [
      0.9999264270577741,
      1.471458844519748e-05,
      1.471458844519748e-05,
      1.471458844519748e-05,
      1.471458844519748e-05,
      1.471458844519748e-05
    ],
    [
      0.7844164799562295,
      0.15126054979912143,
      0.020748936824422855,
      0.012402471586477268,
      0.031167040087541002,
      4.521746207950587e-06
    ],
    [
      0.7852640249174543,
      0.16175916185821199,
      0.010147081489834427,
      0.011603388085508825,
      0.031221581624044165,
      4.762024946343885e-06
    ],
    [
      0.7832350385889881,
      0.1647906154383234,
      0.00937590569901819,
      0.011718998001546964,
      0.03087439014511899,
      5.0521270044103405e-06
    ],
    [
      0.8028631652526442,
      0.14929603799743274,
      0.008617557962847994,
      0.011263036039579318,
      0.027955559249716013,
      4.6434977797115375e-06
    ],
    [
      9.478762801936183e-05,
      9.478762801936183e-05,
      9.478762801936183e-05,
      9.478762801936183e-05,
      9.478762801936183e-05,
      0.9995260618599032
    ],
    [
      9.606240182893082e-05,
      9.606240182893082e-05,
      9.606240182893082e-05,
      9.606240182893082e-05,
      9.606240182893082e-05,
      0.9995196879908553
    ],
    [
      9.233695573579878e-05,
      9.233695573579878e-05,
      9.233695573579878e-05,
      9.233695573579878e-05,
      9.233695573579878e-05,
      0.9995383152213211
    ],
    [
      9.606240182893082e-05,
      9.606240182893082e-05,
      9.606240182893082e-05,
      9.606240182893082e-05,
      9.606240182893082e-05,
      0.9995196879908553
    ],
    [
      0.8154056249429562,
      0.1272423805402293,
      0.020604287589803094,
      0.009170880563954077,
      0.027572793818270144,
      4.032544787122634e-06
    ],
    [
      0.999973201810226,
      5.359637954819758e-06,
      5.359637954819758e-06,
      5.359637954819758e-06,
      5.359637954819758e-06,
      5.359637954819758e-06
    ]
  ],
  [
    [
      0.9999734013926933,
      5.3197214613451455e-06,
      5.3197214613451455e-06,
      5.3197214613451455e-06,
      5.3197214613451455e-06,
      5.3197214613451455e-06
    ],
    [
      0.8135370005668953,
      0.12844732953000124,
      0.021754360669919495,
      0.009256777347782064,
      0.027000599663795057,
      3.93222160690236e-06
    ],
    [
      0.804952201728643,
      0.14714354172423563,
      0.008612433496916637,
      0.011253948210669176,
      0.02803367740626607,
      4.197433269555667e-06
    ],
    [
      0.7886650099626122,
      0.15841125563739575,
      0.009883010823302315,
      0.01146434230590319,
      0.03157140618353595,
      4.975087250592659e-06
    ],
    [
      0.7821922578010873,
      0.1519682399588178,
      0.0218652970448115,
      0.012551921312986623,
      0.031418108884770486,
      4.174997526313966e-06
    ],
    [
      0.9998837202997478,
      2.32559400504365e-05,
      2.32559400504365e-05,
      2.32559400504365e-05,
      2.32559400504365e-05,
      2.32559400504365e-05
    ],
    [
      0.7848037427463606,
      0.1541912215448607,
      0.017445590652160017,
      0.012613341055505623,
      0.03094159104328303,
      4.512957830169876e-06
    ],
    [
      0.06832553250584694,
      0.16146755990966807,
      0.009439753697337055,
      0.010122346549103012,
      0.7506300857093224,
      1.4721628722486505e-05
    ],
    [
      0.7780245213522143,
      0.16867146398501254,
      0.009261548114969292,
      0.01157606180509278,
      0.032461414236317786,
      4.990506393337742e-06
    ],
    [
      0.7877960468885432,
      0.16055633407855238,
      0.008904775221441298,
      0.011855394546356281,
      0.03088281417780505,
      4.635087301869332e-06
    ],
    [
      0.7792077566724567,
      0.16733904857959322,
      0.009275601875198446,
      0.011591817485665193,
      0.03258110606824677,
      4.6693188397676555e-06
    ],
    [
      0.7861364843126997,
      0.16143919934323575,
      0.009730475860190721,
      0.011763515883232331,
      0.030925426299176502,
      4.898301464984004e-06
    ],
    [
      0.7811835013578273,
      0.16304754302001917,
      0.009738121066489986,
      0.011774687077045461,
      0.034250900174945115,
      5.247303673007627e-06
    ],
    [
      0.4618071053383067,
      0.3546450034364488,
      0.0028690183639790276,
      0.04137204661234823,
      0.13924247635655435,
      6.434989236298357e-05
    ],
    [
      0.7865111960635759,
      0.16025428614349854,
      0.00971035957887247,
      0.011742186563639056,
      0.031776548383405455,
      5.423267008585576e-06
    ],
    [
      0.7786944434885886,
      0.16807229606642746,
      0.009335235312580488,
      0.01166917448469814,
      0.03222363688880408,
      5.213758901189886e-06
    ],
    [
      0.7835307780375136,
      0.16260890291285374,
      0.00892814402310497,
      0.011888318666677304,
      0.03303886996274164,
      4.986397108687501e-06
    ],
    [
      0.7831000708089757,
      0.16517916530033233,
      0.008923245185935269,
      0.011880858208632284,
      0.03091185228138571,
      4.808214738716805e-06
    ],
    [
      0.07173361741442214,
      0.17548763587340793,
      0.008390448087637758,
      0.009187069282475277,
      0.7351870881374147,
      1.4141204642086113e-05
    ],
    [
      0.7879152986659729,
      0.159210582644805,
      0.00948983590577837,
      0.01263431653752301,
      0.030745026624559142,
      4.939621361557233e-06
    ],
    [
      0.4374389051808407,
      0.3619733549739636,
      0.00274504017656787,
      0.05389562084632079,
      0.1438855997590021,
      6.14790633049915e-05
    ],
    [
      0.7878003476083394,
      0.15929687564352848,
      0.009494979448274727,
      0.012641164405565028,
      0.030761690595629367,
      4.942298663108213e-06
    ],
    [
      0.7790182920827381,
      0.16555546850779382,
      0.009319969493107493,
      0.011649083018789596,
      0.03445216491131508,
      5.021986255828017e-06
    ],
    [
      0.7873377064259842,
      0.16080379883430979,
      0.008947007521271541,
      0.011912496579085358,
      0.03099416962047815,
      4.821018870914168e-06
    ],
    [
      0.7888089873623948,
      0.1594378724031169,
      0.009043336056215358,
      0.011598291682551047,
      0.03110663957103969,
      4.872924682289373e-06
    ],
    [
      0.06189993814488441,
      0.14962214592428577,
      0.007978413461107477,
      0.008735914514437344,
      0.7717501411910247,
      1.3446764260293502e-05
    ],
    [
      0.7943115047221398,
      0.15502155370667536,
      0.008891542821223054,
      0.011838648083036068,
      0.029931959534736347,
      4.791132189253555e-06
    ],
    [
      0.7970764711826461,
      0.1535555317919472,
      0.008782996942016032,
      0.011695047282495125,
      0.02888504746889774,
      4.905331997774942e-06
    ],
    [
      0.7814771949234895,
      0.15071219885667167,
      0.0218572221404828,
      0.012266205984250282,
      0.03368270602919455,
      4.472065911096225e-06
    ],
    [
      0.9998913510358165,
      2.172979283669068e-05,
      2.172979283669068e-05,
      2.172979283669068e-05,
      2.172979283669068e-05,
      2.172979283669068e-05
    ],
    [
      0.9998843657039693,
      2.312685920613583e-05,
      2.312685920613583e-05,
      2.312685920613583e-05,
      2.312685920613583e-05,
      2.312685920613583e-05
    ],
    [
      0.7849659924777608,
      0.15576782710314305,
      0.01582146566726817,
      0.012745388023574068,
      0.030694740929098196,
      4.585799155754377e-06
    ],
    [
      0.06812738574252189,
      0.16060655607027108,
      0.022642474233527853,
      0.010397851722082626,
      0.738212144708928,
      1.3587522668516988e-05
    ],
    [
      0.7902568990396516,
      0.15715955283921762,
      0.009878139159072728,
      0.011460681812496152,
      0.031239404398331286,
      5.322751230753155e-06
    ],
    [
      9.478762801936183e-05,
      9.478762801936183e-05,
      9.478762801936183e-05,
      9.478762801936183e-05,
      9.478762801936183e-05,
      0.9995260618599032
    ],
    [
      0.8054452186830666,
      0.14686452563253713,
      0.00859675344722371,
      0.011236756174370295,
      0.027851944748394315,
      4.801314407832288e-06
    ],
    [
      9.233695573579878e-05,
      9.233695573579878e-05,
      9.233695573579878e-05,
      9.233695573579878e-05,
      9.233695573579878e-05,
      0.9995383152213211
    ],
    [
      0.8058910019319432,
      0.1465023788484645,
      0.008575375587588432,
      0.011207904224414075,
      0.027818718639424055,
      4.62076816574141e-06
    ],
    [
      0.8154056249429562,
      0.1272423805402293,
      0.020604287589803094,
      0.009170880563954077,
      0.027572793818270144,
      4.032544787122634e-06
    ],
    [
      0.9999729378311886,
      5.412433762284684e-06,
      5.412433762284684e-06,
      5.412433762284684e-06,
      5.412433762284684e-06,
      5.412433762284684e-06
    ]
  ],
  [
    [
      0.9999729378311886,
      5.412433762284684e-06,
      5.412433762284684e-06,
      5.412433762284684e-06,
      5.412433762284684e-06,
      5.412433762284684e-06
    ],
    [
      0.815346197825588,
      0.12774287805271045,
      0.020324706229617854,
      0.009668273204932134,
      0.026913882643496773,
      4.0620436547831595e-06
    ],
    [
      0.07002683260626995,
      0.15919969474114226,
      0.009422516073603044,
      0.01010386246501426,
      0.75123239936793,
      1.469474604050068e-05
    ],
    [
      0.06772880501792979,
      0.15593651255362492,
      0.025637824933834437,
      0.011281032043865201,
      0.739401929987244,
      1.3895463501712387e-05
    ],
    [
      0.9998853204876661,
      2.293590246677452e-05,
      2.293590246677452e-05,
      2.293590246677452e-05,
      2.293590246677452e-05,
      2.293590246677452e-05
    ],
    [
      0.06824749969119888,
      0.16080377502024365,
      0.009428972800012548,
      0.010110786080225554,
      0.7513942615927863,
      1.4704815532990745e-05
    ],
    [
      0.35697717273167806,
      0.44738801000556,
      0.006425535083468535,
      0.029642493140497595,
      0.1594838713314493,
      8.291770734653237e-05
    ],
    [
      0.7827027495606536,
      0.16145956742207127,
      0.009750121931250915,
      0.01178919772301598,
      0.03429310959277152,
      5.253770236866233e-06
    ],
    [
      0.7829067429162335,
      0.15972433560682428,
      0.009659878581355523,
      0.011837623817348049,
      0.035866213934862834,
      5.205143375674284e-06
    ],
    [
      0.7843799928739446,
      0.16187753825418089,
      0.009292086047925141,
      0.011385969409553106,
      0.03305957672520673,
      4.836689189515992e-06
    ],
    [
      0.08228253689700389,
      0.16366298271731522,
      0.008774437795151385,
      0.010691997515552448,
      0.7345732566966706,
      1.4788378306434921e-05
    ],
    [
      0.08235659785235169,
      0.16239209119985562,
      0.008923468722740809,
      0.010432437310125631,
      0.7358803653608991,
      1.5039554027091253e-05
    ],
    [
      0.7827309433689834,
      0.16166723390504084,
      0.009906904150465995,
      0.0119777539423067,
      0.03371200792071039,
      5.156712492651685e-06
    ],
    [
      0.7856446958594924,
      0.15892121523059183,
      0.00988371215718786,
      0.011950726122202979,
      0.03359432487633155,
      5.325754193365707e-06
    ],
    [
      0.7843478539492131,
      0.16149067892676242,
      0.009642788173014222,
      0.011816680508058461,
      0.032696802508597106,
      5.195934354565365e-06
    ],
    [
      0.7852781349781942,
      0.16063531298554834,
      0.009299132446687503,
      0.011394603647370315,
      0.0333879755852395,
      4.840356960191292e-06
    ],
    [
      0.7915472462537374,
      0.15923376979938025,
      0.009120344979198898,
      0.010804598717926037,
      0.02928912582947224,
      4.914420285154324e-06
    ],
    [
      0.790613799459617,
      0.1596831748682521,
      0.009080167313918407,
      0.010756063554081624,
      0.02986206842225496,
      4.726381875900967e-06
    ],
    [
      0.785646781285938,
      0.16091602472937241,
      0.00928468796110754,
      0.011377849361086727,
      0.03276965368739278,
      5.002975102527638e-06
    ],
    [
      0.7831734168942234,
      0.16234786959912823,
      0.009560470771833507,
      0.011715805282703164,
      0.033197285873788396,
      5.1515783233947955e-06
    ],
    [
      0.7822605558321252,
      0.16184443839121992,
      0.009684289551473456,
      0.012104448737363457,
      0.034101049190798684,
      5.218297019204378e-06
    ],
    [
      0.7831734168942234,
      0.16234786959912823,
      0.009560470771833507,
      0.011715805282703164,
      0.033197285873788396,
      5.1515783233947955e-06
    ],
    [
      0.7839432682635273,
      0.16261953775178306,
      0.00928468796110754,
      0.011377849361086727,
      0.03276965368739278,
      5.002975102527638e-06
    ],
    [
      0.00010298767202218576,
      0.00010298767202218576,
      0.00010298767202218576,
      0.00010298767202218576,
      0.00010298767202218576,
      0.9994850616398891
    ],
    [
      0.00010298767202218576,
      0.00010298767202218576,
      0.00010298767202218576,
      0.00010298767202218576,
      0.00010298767202218576,
      0.9994850616398891
    ],
    [
      9.708832093173731e-05,
      9.708832093173731e-05,
      9.708832093173731e-05,
      9.708832093173731e-05,
      9.708832093173731e-05,
      0.9995145583953413
    ],
    [
      9.708832093173731e-05,
      9.708832093173731e-05,
      9.708832093173731e-05,
      9.708832093173731e-05,
      9.708832093173731e-05,
      0.9995145583953413
    ],
    [
      0.7861621786146342,
      0.16219020235246134,
      0.008904775221441298,
      0.011855394546356281,
      0.03088281417780505,
      4.635087301869332e-06
    ],
    [
      0.7869657493187802,
      0.16004223140006174,
      0.010139999245867858,
      0.011599398848948103,
      0.031248004050766946,
      4.617135575260465e-06
    ],
    [
      0.7849237773135366,
      0.15410521504652896,
      0.01743585965613905,
      0.012606305445530042,
      0.030924332097723207,
      4.510440542245163e-06
    ],
    [
      0.34400360674513025,
      0.3742584360193997,
      0.019315182669245055,
      0.04189562789838417,
      0.2204465022205939,
      8.06444472469254e-05
    ],
    [
      0.9998843657039693,
      2.312685920613583e-05,
      2.312685920613583e-05,
      2.312685920613583e-05,
      2.312685920613583e-05,
      2.312685920613583e-05
    ],
    [
      0.9999228392285465,
      1.5432154290702587e-05,
      1.5432154290702587e-05,
      1.5432154290702587e-05,
      1.5432154290702587e-05,
      1.5432154290702587e-05
    ],
    [
      0.00010834353529179647,
      0.00010834353529179647,
      0.00010834353529179647,
      0.00010834353529179647,
      0.00010834353529179647,
      0.9994582823235411
    ],
    [
      0.00010834353529179647,
      0.00010834353529179647,
      0.00010834353529179647,
      0.00010834353529179647,
      0.00010834353529179647,
      0.9994582823235411
    ],
    [
      0.0001076437847999515,
      0.0001076437847999515,
      0.0001076437847999515,
      0.0001076437847999515,
      0.0001076437847999515,
      0.9994617810760003
    ],
    [
      0.815346197825588,
      0.12817318387720714,
      0.01989440040512116,
      0.009237967380435438,
      0.027344188467993472,
      4.0620436547831595e-06
    ],
    [
      0.05584211528694769,
      0.1336695340274251,
      0.017886617572371765,
      0.007733144997460641,
      0.7848566848654138,
      1.1903250380904015e-05
    ],
    [
      0.815346197825588,
      0.12817318387720714,
      0.01989440040512116,
      0.009237967380435438,
      0.027344188467993472,
      4.0620436547831595e-06
    ],
    [
      0.9999735980243126,
      5.280395137473069e-06,
      5.280395137473069e-06,
      5.280395137473069e-06,
      5.280395137473069e-06,
      5.280395137473069e-06
    ]
  ],
  [
    [
      0.9999735980243126,
      5.280395137473069e-06,
      5.280395137473069e-06,
      5.280395137473069e-06,
      5.280395137473069e-06,
      5.280395137473069e-06
    ],
    [
      0.8065438089652268,
      0.13633843199908932,
      0.018547973391898547,
      0.009910745557769485,
      0.02865459344591929,
      4.446640096509877e-06
    ],
    [
      0.7844539799987528,
      0.15197277731462,
      0.01962777407809103,
      0.012552929614275997,
      0.03138823795907278,
      4.301035187485709e-06
    ],
    [
      0.999889134681852,
      2.2173063629578134e-05,
      2.2173063629578134e-05,
      2.2173063629578134e-05,
      2.2173063629578134e-05,
      2.2173063629578134e-05
    ],
    [
      0.7884566800667973,
      0.1569284098586998,
      0.010878736726978554,
      0.011695624959042602,
      0.03203602895151322,
      4.519436968542458e-06
    ],
    [
      0.07755709263101214,
      0.16111915612181874,
      0.009520305101119682,
      0.010208722661260949,
      0.7415798762333117,
      1.4847251476806615e-05
    ],
    [
      0.7867981069420478,
      0.15973648578003094,
      0.00996041583677603,
      0.011555102002020253,
      0.031944704872887406,
      5.184566237586205e-06
    ],
    [
      0.7862758631037225,
      0.15958228930666626,
      0.009949858934839954,
      0.011950666926735585,
      0.032235764699867685,
      5.557028168020082e-06
    ],
    [
      0.7752293596141802,
      0.16825221125075518,
      0.007088433402772664,
      0.014149352361451907,
      0.035276684458020874,
      3.958912819197245e-06
    ],
    [
      0.7675906622582384,
      0.1759033528817833,
      0.007537967763367844,
      0.013785384699893799,
      0.03517870875599663,
      3.923640720066546e-06
    ],
    [
      0.07978710277144807,
      0.16979541135726098,
      0.007321427102442395,
      0.010731237814759669,
      0.7323524814702084,
      1.2339483880520892e-05
    ],
    [
      0.07121016695379231,
      0.17693403927157275,
      0.008027491904860691,
      0.011170841263112324,
      0.7326439311259233,
      1.3529480738529258e-05
    ],
    [
      0.3713936421826214,
      0.43659228714426573,
      0.0016261849499411762,
      0.024349080681740652,
      0.16600194559613093,
      3.685944530007902e-05
    ],
    [
      0.7707010607784042,
      0.1730222442150556,
      0.00847549224691351,
      0.01342645321200348,
      0.034370337909427603,
      4.411638195669391e-06
    ],
    [
      0.08646913280408021,
      0.17808785804277538,
      0.006754808057195767,
      0.014075046676482643,
      0.7146017699115044,
      1.1384507961565903e-05
    ],
    [
      0.7792462762727848,
      0.1616013641824594,
      0.007445516671188104,
      0.012644847498352903,
      0.03905811985686419,
      3.87551835057939e-06
    ],
    [
      0.07781778246463537,
      0.1757997990752469,
      0.005553510255274274,
      0.009512726274343406,
      0.7313068220817551,
      9.359848744844283e-06
    ],
    [
      0.7867031910703586,
      0.1602428865262885,
      0.006030892032571475,
      0.011324807433915288,
      0.035694973242012575,
      3.2496948536532427e-06
    ],
    [
      0.7764547302561916,
      0.16397275257889865,
      0.00745241773829423,
      0.012657872217153586,
      0.039458065010222365,
      4.162199239482955e-06
    ],
    [
      0.7750874478060215,
      0.16397275257889865,
      0.00745241773829423,
      0.012657872217153586,
      0.040825347460392514,
      4.162199239482955e-06
    ],
    [
      0.7867031910703586,
      0.1602428865262885,
      0.006030892032571475,
      0.011324807433915288,
      0.035694973242012575,
      3.2496948536532427e-06
    ],
    [
      0.0770790440371221,
      0.17940574604028858,
      0.005569566387353954,
      0.00954022916575405,
      0.7283960274598397,
      9.38690964160779e-06
    ],
    [
      0.7879310487084267,
      0.1576597916146689,
      0.006380113344274927,
      0.011980575118944565,
      0.03604503334389905,
      3.4378697858688433e-06
    ],
    [
